Depth	d18O
15.88	4.2
15.9	4.18
15.92	4.76
15.94	3.99
15.96	4.38
15.98	4.35
16.0	3.97
16.02	4.39
16.04	4.29
16.06	4.87
16.08	4.36
16.1	4.29
16.12	4.2
16.14	4.31
16.16	4.33
16.18	4.27
16.22	4.12
16.22	4.24
16.24	4.28
16.26	4.22
16.28	4.05
16.3	4.13
16.32	4.25
16.34	3.62
16.36	4.18
16.38	4.16
16.4	4.16
16.42	4.11
16.44	4.15
16.46	4.08
16.48	4.04
16.5	4.09
16.52	4.16
16.54	4.09
16.56	4.23
16.58	4.02
16.6	3.82
16.62	4.02
16.64	4.08
16.66	4.11
16.68	4.27
16.7	3.73
16.72	3.86
16.74	3.89
16.76	3.93
16.78	3.87
16.8	4.01
16.82	3.65
16.84	3.92
16.86	3.78
16.88	4.15
16.9	3.77
16.92	4.05
16.94	3.98
16.96	4.17
16.98	4.0
17.0	4.12
17.02	3.79
17.04	4.1
17.06	3.9
17.08	3.9
17.08	4.04
17.1	3.9
17.12	3.87
17.14	3.78
17.16	3.92
17.18	3.65
17.2	3.82
17.22	3.75
17.24	3.85
17.26	3.68
17.26	3.61
17.28	2.85
17.28	3.66
17.3	3.55
17.32	3.51
17.34	3.45
17.36	3.26
17.38	3.65
17.4	3.37
17.44	3.69
17.46	3.57
17.46	3.49
17.48	3.38
17.5	3.46
17.52	3.55
17.54	3.56
17.56	3.69
17.58	3.39
17.6	3.38
17.62	3.34
17.64	3.47
17.66	3.4
17.68	3.58
17.7	3.62
17.72	3.37
17.72	3.42
17.74	3.68
17.74	3.67
17.76	3.85
17.78	3.65
17.78	3.61
17.8	3.66
17.8	3.61
17.82	3.52
17.84	3.69
17.86	3.35
17.88	3.47
17.9	3.21
17.92	3.31
17.94	3.27
17.94	3.19
17.96	3.35
17.98	3.11
18.0	3.26
18.02	3.13
18.04	2.92
18.06	2.96
18.08	3.08
18.1	2.95
18.14	2.82
18.14	3.08
18.16	2.93
18.18	2.85
18.2	2.83
18.22	2.78
18.24	2.8
18.26	2.69
18.28	2.8
18.3	2.7
18.32	2.77
18.34	2.63
18.36	2.75
18.38	2.74
18.4	2.75
18.42	2.61
18.44	2.79
18.46	2.71
18.48	2.68
18.5	2.61
18.52	2.82
18.54	2.75
18.56	2.77
18.58	2.82
18.6	2.91
18.62	2.65
18.64	2.9
18.66	2.86
18.68	2.92
18.7	2.85
18.72	2.95
18.74	2.9
18.76	2.98
18.78	2.84
18.8	3.0
18.82	2.7
18.84	3.04
18.86	3.03
18.88	3.11
18.9	2.95
18.92	3.04
18.94	2.89
18.94	2.94
18.96	2.95
18.96	3.18
18.98	3.11
18.98	2.84
19.0	2.9
19.0	3.34
19.02	2.97
19.02	3.18
19.04	3.14
19.04	2.99
19.06	3.45
19.06	3.02
19.08	3.03
19.08	3.26
19.1	3.14
19.1	2.91
19.12	3.14
19.12	3.16
19.14	3.24
19.14	3.31
19.16	3.19
19.16	3.08
19.18	3.33
19.18	3.3
19.2	3.17
19.2	3.35
19.22	3.52
19.22	3.35
19.22	3.52
19.24	3.33
19.24	3.24
19.26	3.25
19.26	3.26
19.28	3.06
19.3	3.45
19.32	3.45
19.34	3.45
19.36	3.18
19.38	3.68
19.4	4.03
19.4	3.9
19.4	4.42
19.42	3.73
19.42	2.13
19.44	3.42
19.46	3.92
19.48	4.87
19.5	4.74
19.52	4.71
19.54	4.91
19.56	4.49
19.58	4.79
19.6	3.52
19.62	3.91
19.64	4.96
19.66	4.93
19.66	4.82
19.68	4.88
19.7	4.83
19.72	4.91
19.74	4.94
19.74	4.72
19.76	4.88
19.78	4.99
19.78	4.58
19.8	4.75
19.82	4.93
19.84	4.84
19.86	4.9
19.88	4.56
19.9	4.8
19.94	4.74
19.96	4.73
19.98	4.75
20.0	4.1
20.02	4.82
20.04	4.91
20.06	4.84
20.08	4.88
20.1	4.85
20.12	3.66
20.12	3.2
20.14	4.78
20.16	4.62
20.18	4.78
20.2	4.15
20.22	4.82
20.24	4.73
20.26	4.84
20.28	4.39
20.3	4.25
20.32	4.69
20.34	4.71
20.36	4.39
20.38	3.58
20.4	4.57
20.42	4.74
20.44	3.71
20.46	4.2
20.48	4.56
20.5	4.54
20.52	4.6
20.54	4.62
20.56	4.37
20.58	4.67
20.6	4.56
20.62	4.53
20.62	4.6
20.64	4.56
20.66	4.6
20.68	4.52
20.7	4.63
20.72	4.33
20.74	4.62
20.76	4.49
20.78	4.54
20.8	4.49
20.82	4.55
20.82	4.49
20.82	4.46
20.84	4.42
20.86	4.53
20.88	4.0
20.88	4.47
20.88	4.67
20.9	4.46
20.92	4.24
20.94	4.48
20.96	4.35
20.96	4.25
20.96	4.24
20.98	4.47
20.98	4.33
20.98	4.32
21.0	4.37
21.02	4.45
21.04	4.28
21.04	4.29
21.06	3.41
21.08	4.31
21.08	4.23
21.1	3.31
21.12	4.34
21.14	4.28
21.16	4.22
21.18	4.29
21.2	4.13
21.22	4.3
21.24	4.32
21.26	3.88
21.28	4.29
21.3	4.35
21.3	4.02
21.3	4.52
21.32	4.2
21.34	4.41
21.36	4.13
21.38	4.49
21.4	4.25
21.42	4.38
21.44	4.28
21.46	4.38
21.48	4.32
21.48	4.0
21.48	4.08
21.5	4.28
21.52	4.37
21.54	4.2
21.56	4.25
21.58	4.39
21.6	4.28
21.62	4.34
21.64	4.16
21.66	4.33
21.68	4.22
21.7	4.37
21.72	4.14
21.74	4.39
21.76	4.18
21.78	4.37
21.8	4.07
21.82	4.36
21.84	4.06
21.86	4.31
21.88	4.22
21.9	4.41
21.92	4.05
21.94	4.3
21.96	4.05
21.98	4.24
22.0	4.24
22.02	4.18
22.04	4.1
22.06	4.32
22.08	4.05
22.1	4.31
22.12	4.05
22.14	4.1
22.16	4.1
22.18	4.12
22.2	3.89
22.22	3.97
22.24	3.57
22.26	3.78
22.28	3.76
22.3	3.93
22.32	3.78
22.34	3.5
22.36	3.67
22.38	3.62
22.44	3.77
22.46	3.6
22.48	3.81
22.5	3.62
22.52	3.58
22.54	3.61
22.56	3.55
22.58	3.46
22.6	3.54
22.62	3.5
22.64	3.64
22.66	3.54
22.68	3.44
22.7	3.56
22.72	3.66
22.74	3.16
22.76	3.48
22.78	3.44
22.8	3.19
22.82	3.48
22.84	3.62
22.86	3.28
22.88	3.44
22.9	3.39
22.92	3.44
22.94	3.06
22.96	3.27
22.98	3.33
23.0	3.34
23.02	3.24
23.04	3.29
23.04	3.3
23.06	3.39
23.06	3.25
23.08	3.22
23.08	3.33
23.1	3.2
23.1	3.57
23.12	3.24
23.12	3.27
23.14	3.28
23.14	3.27
23.16	3.25
23.16	3.24
23.18	3.36
23.18	3.11
23.2	3.18
23.2	3.09
23.22	3.25
23.22	3.25
23.24	3.13
23.24	3.2
23.26	2.97
23.26	3.34
23.28	3.06
23.28	3.23
23.3	3.32
23.3	3.22
23.32	2.54
23.32	3.16
23.34	3.33
23.34	3.27
23.36	3.25
23.36	3.46
23.38	3.28
23.38	3.24
23.4	3.16
23.4	3.11
23.42	3.31
23.42	3.35
23.44	3.14
23.44	3.28
23.46	3.36
23.46	3.2
23.48	3.19
23.48	3.26
23.5	3.32
23.5	3.38
23.52	3.25
23.54	3.4
23.56	3.34
23.58	3.41
23.6	3.3
23.62	3.39
23.64	3.27
23.66	3.37
23.68	3.32
23.7	3.18
23.72	3.32
23.73	3.07
23.74	3.31
23.76	3.32
23.78	3.19
23.8	3.28
23.82	3.28
23.84	3.21
23.86	3.3
23.88	3.41
23.9	3.2
23.92	3.35
23.94	3.32
23.96	3.25
23.98	3.27
24.0	3.05
24.02	3.3
24.04	3.2
24.06	3.25
24.08	3.33
24.1	3.36
24.12	3.3
24.14	3.37
24.16	3.24
24.18	3.41
24.2	3.4
24.22	3.16
24.24	3.3
24.26	3.5
24.28	3.35
24.3	3.36
24.32	3.37
24.34	3.31
24.36	3.42
24.38	3.49
24.4	3.55
24.42	3.54
24.44	3.67
24.46	3.56
24.48	3.52
24.5	3.52
24.52	3.56
24.54	3.58
24.56	3.65
24.58	3.7
24.6	3.39
24.62	3.59
24.64	3.72
24.66	3.59
24.68	3.65
24.7	3.71
24.74	3.65
24.76	3.66
24.78	3.83
24.8	3.81
24.82	3.86
24.84	3.87
24.86	3.97
24.88	3.79
24.9	3.82
24.92	3.81
24.94	3.7
24.96	3.76
24.98	3.73
25.0	3.69
25.02	3.71
25.04	3.71
25.06	3.78
25.1	3.76
25.12	3.64
25.14	3.79
25.16	3.81
25.18	3.77
25.2	3.59
25.22	3.74
25.23	3.71
25.24	3.75
25.26	3.54
25.28	3.72
25.3	3.68
25.32	3.49
25.34	3.75
25.36	3.63
25.38	3.56
25.4	3.39
25.42	3.54
25.44	3.4
25.46	3.52
25.48	3.29
25.5	3.67
25.52	3.28
25.54	3.51
25.56	3.28
25.58	3.67
25.6	3.32
25.62	3.58
25.64	3.38
25.66	3.45
25.68	3.22
25.7	3.37
25.72	3.45
25.74	3.45
25.76	3.22
25.78	3.44
25.8	3.34
25.82	3.51
25.84	3.25
25.86	3.37
25.88	3.35
25.9	3.5
25.92	3.21
25.94	3.53
25.96	3.2
25.98	3.42
26.0	3.28
26.02	3.43
26.04	3.27
26.06	3.58
26.08	3.26
26.1	3.88
26.12	3.26
26.14	3.57
26.16	3.4
26.18	3.52
26.2	3.23
26.22	3.52
26.24	3.46
26.26	3.53
26.28	3.44
26.3	3.47
26.32	3.44
26.34	3.59
26.36	3.43
26.38	3.59
26.4	3.44
26.42	3.43
26.44	3.42
26.46	4.18
26.48	3.33
26.5	3.66
26.52	3.55
26.54	3.74
26.56	3.52
26.58	3.65
26.6	3.54
26.62	3.71
26.64	3.57
26.66	3.76
26.68	4.13
26.7	3.79
26.72	3.75
26.74	3.92
26.76	3.85
26.78	3.78
26.8	4.0
26.82	4.02
26.84	4.14
26.86	4.15
26.88	3.99
26.9	4.25
26.92	4.22
26.94	4.28
26.96	4.27
26.98	4.31
27.0	4.28
27.02	4.13
27.04	4.28
27.06	4.17
27.08	4.28
27.1	4.2
27.12	4.19
27.14	4.32
27.16	4.13
27.18	4.27
27.2	4.26
27.22	4.3
27.24	4.16
27.26	4.27
27.28	4.3
27.3	4.17
27.32	4.35
27.34	4.1
27.36	4.3
27.38	4.24
27.4	4.13
27.42	4.22
27.44	4.15
27.46	4.27
27.48	4.14
27.5	4.11
27.52	4.28
27.54	4.2
27.56	4.3
27.58	4.04
27.6	4.07
27.62	4.15
27.64	3.87
27.66	4.24
27.68	4.18
27.7	4.3
27.72	4.17
27.74	4.31
27.76	4.25
27.78	4.25
27.8	4.18
27.82	4.23
27.84	4.22
27.86	4.28
27.88	4.14
27.9	4.15
27.92	4.07
