depth(m) lower_95(kyr) lower_68(kyr) median(kyr) mean(kyr) upper_68(kyr) upper_95(kyr)
0.000000 0.609808 1.205146 1.848696 1.835091 2.433286 3.028116
0.050000 1.034483 1.657403 2.312598 2.283117 2.873878 3.453889
0.110000 1.565819 2.193370 2.835117 2.805919 3.367538 3.955327
0.140000 1.873790 2.505929 3.123784 3.086648 3.645389 4.203745
0.170000 2.162579 2.801566 3.396409 3.371393 3.943539 4.448744
0.220000 2.663347 3.288306 3.864314 3.834250 4.400028 4.969985
0.250000 2.954235 3.595415 4.145151 4.125348 4.666714 5.255578
0.280000 3.270706 3.880353 4.424926 4.412552 4.942686 5.487231
0.330000 3.770792 4.385103 4.885755 4.888490 5.405334 5.991415
0.390000 4.360309 4.960346 5.459463 5.456233 5.969368 6.508886
0.420000 4.755454 5.257847 5.749466 5.763039 6.284035 6.788685
0.450000 5.078125 5.610287 6.062216 6.088173 6.599670 7.104417
0.480000 5.478784 6.003157 6.432614 6.460327 6.952603 7.436846
0.510000 6.011177 6.454167 6.860951 6.883753 7.369108 7.814447
0.520000 6.167291 6.590950 7.010487 7.031077 7.515279 7.926414
0.540000 6.486841 6.901998 7.333959 7.341212 7.817080 8.185462
0.550000 6.634659 7.052466 7.494417 7.500960 7.966122 8.386832
0.570000 7.113422 7.451473 7.872959 7.866541 8.273382 8.690361
0.580000 7.247494 7.617831 8.021974 8.018641 8.421372 8.851008
0.600000 7.518756 7.931500 8.313096 8.319569 8.715548 9.187306
0.610000 7.685808 8.080444 8.470879 8.468398 8.862032 9.329720
0.630000 7.966736 8.392799 8.776786 8.776577 9.175228 9.605945
0.640000 8.144297 8.550265 8.923983 8.933122 9.333439 9.750674
0.660000 8.423577 8.875209 9.253824 9.267615 9.685357 10.161105
0.670000 8.577432 9.028778 9.422813 9.437164 9.853704 10.310903
0.690000 9.010888 9.404841 9.811622 9.827549 10.247847 10.724743
0.700000 9.169853 9.566117 9.994733 10.001823 10.440283 10.873058
0.720000 9.563194 9.912476 10.347523 10.350423 10.779761 11.173484
0.730000 9.706359 10.082438 10.502919 10.507627 10.934855 11.315749
0.750000 10.016766 10.409912 10.861510 10.846812 11.266274 11.614338
0.760000 10.173959 10.600704 11.022701 11.009879 11.408756 11.793171
0.780000 10.631027 10.963488 11.399973 11.385880 11.782542 12.256550
0.790000 10.803628 11.161433 11.555515 11.557976 11.937319 12.460527
0.810000 11.114228 11.537393 11.884229 11.899120 12.290299 12.776805
0.820000 11.235956 11.681230 12.042821 12.052195 12.450726 12.941224
0.840000 11.507914 11.961766 12.346592 12.351501 12.747543 13.235931
0.850000 11.648262 12.102007 12.508178 12.512914 12.925412 13.409937
0.870000 12.109307 12.482048 12.899085 12.918799 13.360348 13.801043
0.880000 12.267931 12.666835 13.080191 13.098297 13.557448 13.959426
0.900000 12.604905 13.036560 13.449019 13.467584 13.936895 14.313865
0.910000 12.796976 13.259586 13.679049 13.683373 14.145605 14.505120
0.930000 13.365220 13.730526 14.162094 14.153956 14.580089 14.857477
0.940000 13.569233 13.904530 14.356962 14.334678 14.742192 15.002546
0.960000 13.940816 14.298407 14.716545 14.700779 15.071963 15.328536
0.970000 14.081467 14.474424 14.887087 14.853375 15.219496 15.458094
0.990000 14.358790 14.753584 15.187317 15.130644 15.477139 15.706995
1.020000 14.748780 15.152814 15.596792 15.524762 15.849304 16.075452
1.030000 14.884489 15.277518 15.734687 15.664589 15.983344 16.205750
1.040000 15.045880 15.398178 15.875390 15.798466 16.104113 16.338228
1.050000 15.161918 15.524897 16.003113 15.928209 16.228605 16.455203
1.060000 15.296428 15.643037 16.131632 16.051391 16.340671 16.568263
1.070000 15.421120 15.773718 16.240637 16.169938 16.456837 16.698309
1.080000 15.540747 15.904176 16.366833 16.290826 16.582004 16.817325
1.090000 15.661907 16.043118 16.483888 16.417233 16.714400 16.929647
1.100000 15.779843 16.157120 16.602399 16.538200 16.840421 17.051836
1.110000 15.886580 16.265658 16.714846 16.658355 16.977353 17.204604
1.120000 16.037151 16.418244 16.829645 16.782419 17.106259 17.321895
1.140000 16.288919 16.664342 17.064879 17.032089 17.378196 17.600070
1.150000 16.392462 16.791713 17.198724 17.163765 17.511691 17.742488
1.160000 16.517413 16.934800 17.342402 17.293986 17.643921 17.874398
1.170000 16.652913 17.054666 17.477003 17.422545 17.778860 17.999207
1.180000 16.776967 17.165506 17.610331 17.550679 17.908234 18.152822
1.190000 16.886608 17.274296 17.732120 17.674803 18.037993 18.305559
1.210000 17.100687 17.465238 17.970762 17.903732 18.288758 18.608365
1.240000 17.427620 17.741153 18.276858 18.230557 18.655413 19.041996
1.250000 17.550333 17.841985 18.384025 18.345134 18.780812 19.208516
1.270000 17.770418 18.031514 18.600791 18.563118 19.044119 19.480119
1.280000 17.858333 18.123131 18.692520 18.674457 19.162842 19.631889
1.300000 18.042547 18.302280 18.920165 18.892063 19.418965 19.940708
1.310000 18.148182 18.404917 19.014351 19.006263 19.554750 20.072977
1.320000 18.230689 18.507017 19.119792 19.119387 19.668573 20.206995
1.360000 18.572523 18.870091 19.515198 19.528394 20.163298 20.742454
1.390000 18.843607 19.122331 19.822588 19.844527 20.507876 21.155623
1.420000 19.113539 19.420438 20.133247 20.164741 20.870118 21.498386
1.450000 19.378678 19.696074 20.427248 20.470098 21.239683 21.801521
1.480000 19.611392 19.998753 20.757436 20.778429 21.564879 22.137862
1.530000 20.024362 20.452942 21.264815 21.278627 22.080308 22.618617
1.570000 20.358109 20.823048 21.687139 21.673839 22.470150 23.006052
1.600000 20.578020 21.124187 22.000419 21.985532 22.813319 23.336050
1.630000 20.854743 21.419466 22.346469 22.300361 23.127318 23.635130
1.660000 21.176329 21.745247 22.709396 22.632704 23.475736 23.938119
1.690000 21.454245 22.036346 23.028145 22.951062 23.789585 24.230777
1.720000 21.710809 22.363021 23.365760 23.275348 24.092865 24.565418
1.750000 21.994632 22.726465 23.725226 23.598555 24.400696 24.864765
1.780000 22.291817 23.022710 24.085065 23.927360 24.700286 25.209904
1.810000 22.590965 23.400001 24.397211 24.246427 24.997476 25.518050
1.840000 22.871133 23.723071 24.691845 24.551838 25.285864 25.797029
1.870000 23.174575 24.038349 25.023836 24.857956 25.559006 26.091720
1.900000 23.510088 24.360600 25.348388 25.166575 25.850887 26.391490
1.930000 23.770752 24.669368 25.652306 25.470596 26.140592 26.712191
1.960000 24.056871 24.963121 25.930940 25.772574 26.453917 27.072906
1.990000 24.333989 25.251443 26.222389 26.078011 26.758432 27.390093
2.020000 24.595847 25.548467 26.521992 26.383653 27.068865 27.765404
2.050000 24.937277 25.900832 26.818659 26.711205 27.397007 28.258139
2.080000 25.296755 26.218476 27.142827 27.051355 27.766199 28.612831
2.110000 25.597404 26.544882 27.470035 27.396616 28.122243 29.002523
2.130000 25.781243 26.749338 27.695453 27.623844 28.352242 29.268016
2.170000 26.226467 27.180537 28.166515 28.087617 28.817695 29.769015
2.200000 26.652594 27.596050 28.519932 28.465291 29.240052 30.265206
2.230000 27.097236 27.961526 28.884017 28.858000 29.686432 30.675428
2.260000 27.399457 28.354093 29.288002 29.271007 30.145579 31.057280
2.290000 27.804850 28.720607 29.717525 29.691768 30.594240 31.431283
2.320000 28.086260 29.142082 30.134442 30.115868 31.033091 31.859892
2.350000 28.393456 29.568245 30.649482 30.567819 31.508532 32.287115
2.380000 28.853689 29.995201 31.138378 31.021690 31.935447 32.707913
2.410000 29.308636 30.458155 31.549458 31.462764 32.419979 33.149331
2.440000 29.722535 30.910594 32.010279 31.911002 32.849304 33.534392
2.470000 30.238573 31.358468 32.481028 32.371892 33.300695 33.997873
2.500000 30.581488 31.858037 33.013625 32.869380 33.796976 34.381238
2.530000 31.033723 32.409099 33.498942 33.349211 34.229780 34.880906
2.560000 31.516382 33.009715 34.032353 33.877344 34.695702 35.342204
2.590000 32.150908 33.613606 34.530405 34.391560 35.147717 35.783480
2.620000 32.682128 34.144543 35.006298 34.863329 35.586168 36.170529
2.650000 33.187582 34.674284 35.451722 35.312712 36.008797 36.536396
2.680000 33.694028 35.106096 35.854227 35.728964 36.386803 36.905861
2.710000 34.107945 35.529459 36.234983 36.123647 36.739956 37.341718
2.740000 34.729401 35.933839 36.579483 36.510150 37.120483 37.676397
2.770000 35.186446 36.339246 36.952335 36.898900 37.526327 38.037522
2.800000 35.618678 36.734449 37.331246 37.288329 37.884283 38.416142
2.830000 36.123798 37.115745 37.712517 37.662065 38.238409 38.814435
2.860000 36.539312 37.482896 38.072525 38.033771 38.625135 39.147277
2.890000 36.973569 37.815646 38.418331 38.391654 38.974284 39.493076
2.920000 37.331561 38.152105 38.778161 38.740664 39.353357 39.821790
2.950000 37.736219 38.501752 39.129473 39.085764 39.677827 40.217602
2.970000 37.980734 38.754331 39.351509 39.325319 39.918178 40.484818
3.010000 38.414751 39.255689 39.845880 39.809155 40.399410 40.975354
3.040000 38.778572 39.604763 40.210988 40.168991 40.769918 41.345596
3.070000 39.094258 39.934107 40.569331 40.528573 41.128053 41.686757
3.100000 39.429486 40.302818 40.943033 40.888579 41.466936 42.041095
3.130000 39.802550 40.679421 41.335882 41.262208 41.826144 42.421350
3.160000 40.246435 41.041377 41.669234 41.634312 42.196112 42.788250
3.190000 40.513170 41.427669 42.058858 42.007050 42.583963 43.204804
3.220000 41.057852 41.814584 42.421732 42.382199 42.940311 43.586019
3.250000 41.429341 42.193815 42.786067 42.771631 43.351625 44.010096
3.280000 41.881730 42.576522 43.156166 43.149803 43.747166 44.368469
3.310000 42.172626 42.943187 43.526850 43.520783 44.128685 44.743983
3.340000 42.490306 43.283550 43.896814 43.893383 44.533457 45.115754
3.370000 43.010466 43.663603 44.277895 44.275244 44.911763 45.478273
3.400000 43.422124 44.056712 44.649879 44.657811 45.296678 45.864426
3.430000 43.805904 44.413428 45.008371 45.021591 45.624434 46.247242
3.460000 44.143721 44.782680 45.380972 45.382493 45.992606 46.707951
3.490000 44.532695 45.143966 45.735112 45.745801 46.372052 47.039117
3.520000 44.842371 45.485119 46.094644 46.096175 46.716978 47.486498
3.580000 45.535256 46.154848 46.743804 46.765220 47.379969 48.188795
3.610000 45.845777 46.499611 47.096063 47.111309 47.730270 48.520669
3.640000 46.226480 46.846353 47.427850 47.458011 48.087479 48.899316
3.670000 46.590098 47.186868 47.767205 47.805907 48.451327 49.269855
3.700000 46.855135 47.489156 48.104527 48.136742 48.806368 49.639196
3.760000 47.548514 48.064367 48.717525 48.748422 49.411980 50.274935
3.850000 48.369960 48.911574 49.572442 49.607752 50.298882 51.289366
3.940000 49.207454 49.758631 50.396980 50.477969 51.196720 52.278182
3.970000 49.546908 50.100551 50.717845 50.802995 51.512721 52.589653
4.000000 49.874565 50.412248 51.049605 51.138755 51.839217 52.991533
4.060000 50.534476 51.053230 51.739387 51.812376 52.602036 53.591925
4.090000 50.797212 51.357549 52.055783 52.155279 52.984306 53.921403
4.120000 51.119938 51.694474 52.424913 52.504967 53.396803 54.284079
4.150000 51.380645 52.003126 52.799724 52.860348 53.768284 54.629009
4.180000 51.714168 52.316991 53.182055 53.220287 54.125350 54.927155
4.240000 52.317040 52.931157 53.928300 53.904412 54.839922 55.611882
4.270000 52.642921 53.215572 54.293465 54.258106 55.214323 55.937886
4.300000 52.983167 53.571446 54.703744 54.618032 55.593734 56.338598
4.330000 53.291903 53.898968 55.096840 54.992430 55.959645 56.631509
4.360000 53.627722 54.224165 55.474592 55.366537 56.327948 56.970550
4.390000 53.960237 54.567087 55.857828 55.733429 56.682370 57.267347
4.420000 54.312020 54.909724 56.243017 56.086829 57.028639 57.539941
4.450000 54.652317 55.316942 56.616034 56.444721 57.353174 57.913536
4.480000 55.016649 55.705511 57.012000 56.803846 57.691201 58.219258
4.520000 55.407498 56.205277 57.488605 57.280292 58.120133 58.606333
4.530000 55.523827 56.369684 57.609396 57.407661 58.241338 58.725492
4.560000 55.935194 56.779403 57.974837 57.774620 58.605377 59.092450
4.590000 56.282193 57.130326 58.332638 58.143188 58.947445 59.473481
4.620000 56.600358 57.525054 58.686380 58.509412 59.302382 59.844754
4.650000 56.909374 57.946641 59.059974 58.890186 59.679215 60.307027
4.680000 57.327242 58.387677 59.451983 59.281878 60.059122 60.606030
4.710000 57.703438 58.803246 59.856035 59.693619 60.464128 61.094157
4.740000 58.156401 59.305227 60.261172 60.136946 60.916123 61.571070
4.770000 58.581500 59.719439 60.681629 60.592005 61.400788 62.031175
4.800000 59.030066 60.217522 61.203545 61.093634 61.912699 62.784372
4.830000 59.450292 60.744944 61.632776 61.566983 62.413854 63.278812
4.860000 59.825798 61.201444 62.092946 62.027003 62.905068 63.747692
4.890000 60.292417 61.643184 62.539696 62.487935 63.405591 64.351124
4.920000 60.688911 62.033526 63.010170 62.953487 63.927180 64.853310
4.950000 61.090430 62.430567 63.435217 63.412204 64.411003 65.369152
4.980000 61.561213 62.840027 63.879850 63.875755 64.932599 65.965657
5.010000 61.993680 63.336255 64.371544 64.381156 65.450511 66.601083
5.070000 62.972479 64.239533 65.439942 65.376099 66.519071 67.478024
5.130000 63.788380 65.056708 66.437035 66.327711 67.554097 68.368000
5.160000 64.154450 65.518603 66.940791 66.805641 68.034290 68.766027
5.190000 64.674510 66.036491 67.440056 67.297912 68.499694 69.158233
5.220000 65.163449 66.621170 67.908610 67.770764 68.927882 69.548717
5.250000 65.700455 67.122832 68.370633 68.228068 69.338737 69.918209
5.280000 66.393144 67.603664 68.812827 68.682089 69.721566 70.303953
5.310000 66.955957 68.111923 69.229922 69.131901 70.093288 70.713869
5.340000 67.520445 68.546985 69.670293 69.558450 70.478321 71.107014
5.370000 67.990922 69.033596 70.101061 69.984514 70.875359 71.521197
5.400000 68.454356 69.500245 70.492532 70.408632 71.255788 71.934758
5.470000 69.590828 70.462374 71.423590 71.354865 72.189558 72.919426
5.500000 70.015921 70.957292 71.864040 71.806983 72.617434 73.446237
5.530000 70.524927 71.415687 72.324308 72.273891 73.070752 73.940297
5.560000 71.006564 71.918480 72.814279 72.750383 73.552153 74.339582
5.590000 71.522434 72.408742 73.267304 73.229848 74.021100 74.793505
5.620000 72.003546 72.935680 73.785871 73.745009 74.522073 75.253351
5.650000 72.500969 73.454014 74.283726 74.262286 75.083931 75.755782
5.690000 73.295577 74.169553 74.974769 74.961016 75.779333 76.409264
5.720000 73.853715 74.710437 75.536527 75.503801 76.288545 76.970001
5.750000 74.387269 75.255839 76.055164 76.021188 76.795453 77.437042
5.780000 74.970763 75.742057 76.577222 76.539800 77.305245 77.996476
5.810000 75.567285 76.311500 77.085106 77.051971 77.791171 78.428245
5.840000 76.153974 76.860218 77.582286 77.564328 78.266449 78.835856
5.870000 76.670544 77.388113 78.124701 78.081987 78.754144 79.333102
5.900000 77.269604 77.927294 78.639804 78.600549 79.234412 79.805330
5.930000 77.776751 78.497198 79.139557 79.127560 79.755737 80.472949
5.960000 78.430887 79.053596 79.697173 79.699003 80.319638 81.067921
5.990000 79.048193 79.601169 80.249745 80.286910 80.929362 81.758877
6.020000 79.600648 80.178529 80.856845 80.895471 81.601755 82.490826
6.050000 80.125754 80.769080 81.437277 81.512817 82.247832 83.165613
6.080000 80.653238 81.315504 82.052942 82.117880 82.907672 83.838855
6.110000 81.218994 81.913941 82.728838 82.749701 83.601367 84.406577
6.140000 81.816464 82.559789 83.390013 83.384659 84.235351 84.903797
6.170000 82.367646 83.233892 84.095442 84.071383 84.926510 85.691834
6.200000 82.985852 84.003916 84.812828 84.789332 85.566391 86.330864
6.230000 83.840449 84.786024 85.616438 85.582775 86.347700 87.167162
6.260000 84.739116 85.560374 86.314145 86.329538 87.089232 87.913052
6.290000 85.688640 86.441555 87.179385 87.193138 87.913199 88.820028
6.320000 86.450734 87.259919 87.914844 87.936829 88.594735 89.541499
6.350000 87.234875 87.995524 88.578359 88.640171 89.285378 90.265368
6.370000 87.715397 88.493612 89.035752 89.088784 89.727370 90.682106
6.380000 87.988226 88.680234 89.230047 89.290098 89.918886 90.868573
6.400000 88.423344 89.106002 89.668886 89.725773 90.403836 91.366048
6.410000 88.607981 89.307456 89.850696 89.924940 90.594489 91.590129
6.430000 89.071586 89.687650 90.255591 90.335422 91.045264 92.099100
6.440000 89.264425 89.873192 90.444929 90.537627 91.263463 92.341957
6.460000 89.619951 90.259771 90.886586 90.985874 91.740276 92.882145
6.470000 89.823248 90.443721 91.098769 91.208665 91.984458 93.087888
6.500000 90.661695 91.286379 92.208369 92.803324 93.922247 101.444337
6.510000 90.777394 91.473567 92.445183 93.030783 94.169661 101.620868
6.540000 91.317796 92.209353 93.344736 94.120103 95.718226 102.449573
6.570000 91.952397 92.865762 94.185938 95.076861 97.232638 102.972597
6.600000 92.464555 93.537833 94.944868 96.059915 99.778330 103.785780
6.630000 93.064548 94.222984 95.862130 97.085830 101.249033 104.489636
6.660000 93.610420 95.004750 96.900556 98.113905 102.490191 105.167560
6.690000 94.341248 95.743026 98.139743 99.163717 103.497754 105.746094
6.720000 94.995195 96.604746 99.626505 100.293814 104.571370 106.554905
6.750000 95.667402 97.507641 101.724883 101.579947 105.562742 107.337162
6.780000 96.307877 98.585382 103.541804 102.858119 106.527306 108.107305
6.810000 97.132668 100.214939 105.211442 104.270846 107.394585 108.883601
6.840000 98.154804 103.146872 106.674305 105.951857 108.369738 109.786617
6.870000 101.252655 106.026528 107.875448 107.514029 109.366794 110.487260
6.900000 104.903181 107.339125 108.793047 108.611789 109.987188 111.009585
6.920000 106.309570 107.894453 109.258431 109.136883 110.421412 111.404077
6.930000 106.533911 108.098773 109.476653 109.346831 110.612515 111.571493
6.950000 107.024267 108.624374 109.883617 109.779127 110.991968 111.837619
6.960000 107.308926 108.832435 110.111181 109.991011 111.223607 112.035366
6.990000 108.663839 109.638813 110.797007 110.721666 111.789206 112.591950
7.010000 109.149455 110.163157 111.234996 111.165956 112.154824 112.955887
7.020000 109.372259 110.378187 111.432722 111.369904 112.359537 113.191308
7.030000 109.642012 110.584787 111.632992 111.577675 112.558993 113.368197
7.050000 110.030070 111.025723 112.055911 112.013755 113.018559 113.774518
7.060000 110.222121 111.252463 112.269646 112.229871 113.207181 113.982193
7.080000 110.804217 111.826047 112.810297 112.756491 113.693892 114.466724
7.100000 111.414301 112.435658 113.404999 113.323409 114.215828 114.947812
7.110000 111.635046 112.702360 113.654560 113.570859 114.447237 115.163246
7.120000 111.908896 112.944984 113.942601 113.827987 114.645456 115.363551
7.130000 112.114455 113.173041 114.162170 114.055165 114.864674 115.625417
7.140000 112.327158 113.411341 114.426754 114.305648 115.120967 115.803087
7.150000 112.601335 113.645282 114.690163 114.569603 115.386437 116.082201
7.160000 112.852991 113.976890 114.991786 114.860786 115.673415 116.388417
7.180000 114.152142 115.035738 115.689178 115.711529 116.411857 117.106685
7.190000 114.618927 115.373057 116.003824 116.013971 116.724503 117.413146
7.200000 114.940184 115.614767 116.297925 116.280639 116.961927 117.656353
7.210000 115.226491 115.869166 116.589722 116.566999 117.233304 117.924524
7.220000 115.545602 116.082467 116.835795 116.820403 117.529974 118.175052
7.230000 115.805989 116.281017 117.098443 117.077465 117.822282 118.425285
7.240000 116.043374 116.475308 117.385945 117.333444 118.080998 118.634290
7.250000 116.272206 116.667315 117.628469 117.558118 118.330737 118.818721
7.260000 116.471966 116.850660 117.888212 117.780904 118.551975 118.986364
7.270000 116.638029 117.059926 118.116302 118.000237 118.747700 119.208296
7.280000 116.767054 117.249464 118.338822 118.205587 118.959229 119.366730
7.300000 117.138990 117.601973 118.764906 118.596049 119.312135 119.726947
7.310000 117.274236 117.777992 118.974650 118.788143 119.519423 119.882578
7.320000 117.468275 118.018126 119.169885 118.980167 119.694707 120.044245
7.330000 117.675992 118.304669 119.359022 119.177195 119.863938 120.183657
7.360000 118.555318 119.331256 119.988986 119.893192 120.392098 120.761392
7.380000 119.121866 119.918566 120.388568 120.326058 120.730762 121.175047
7.400000 119.566866 120.319035 120.727806 120.681286 121.023716 121.690260
7.410000 119.748998 120.502206 120.898295 120.854329 121.169338 121.851189
7.420000 119.949174 120.682990 121.048716 121.022181 121.328473 122.021727
7.430000 120.117821 120.859881 121.206656 121.190081 121.476624 122.214691
7.440000 120.299260 121.030817 121.369649 121.354861 121.658369 122.388735
7.450000 120.427009 121.195192 121.530975 121.518534 121.825864 122.660202
7.460000 120.581381 121.357515 121.693485 121.686762 122.002214 122.862310
7.470000 120.757925 121.537561 121.856973 121.855665 122.184723 123.045288
7.480000 120.921729 121.708540 122.025154 122.028107 122.357056 123.164881
7.500000 121.292614 122.007185 122.340954 122.354499 122.719794 123.458688
7.510000 121.525100 122.159697 122.508129 122.528101 122.922430 123.686518
7.520000 121.651240 122.309931 122.687987 122.702170 123.122949 123.824434
7.530000 121.844213 122.476425 122.878553 122.885052 123.314833 123.993924
7.540000 121.969297 122.622800 123.052640 123.063115 123.523017 124.128108
7.550000 122.195659 122.791275 123.239719 123.245466 123.713069 124.264714
7.560000 122.315636 122.937562 123.436847 123.426784 123.905456 124.491214
7.570000 122.477171 123.099414 123.627132 123.608569 124.098267 124.660987
7.580000 122.593565 123.277663 123.824443 123.791254 124.282847 124.869985
7.600000 122.933304 123.577779 124.215862 124.141127 124.636485 125.165558
7.610000 123.072032 123.758810 124.407389 124.324822 124.822559 125.333934
7.630000 123.409592 124.087522 124.784019 124.679444 125.190848 125.615619
7.640000 123.664989 124.276150 124.969787 124.862732 125.372405 125.761527
7.650000 123.853670 124.471350 125.151917 125.050984 125.548091 125.944892
7.660000 124.010779 124.674943 125.329755 125.240228 125.736828 126.137728
7.670000 124.238842 124.860416 125.509815 125.432665 125.907510 126.286906
7.700000 124.948103 125.483098 126.093273 126.017950 126.489245 126.807338
7.710000 125.132290 125.728200 126.281784 126.219447 126.676092 127.027300
7.720000 125.388356 125.944624 126.499874 126.434131 126.871720 127.258261
7.730000 125.673834 126.189247 126.730937 126.664169 127.106709 127.499146
7.740000 125.966878 126.434612 126.958121 126.913822 127.336226 127.765972
7.750000 126.227321 126.729001 127.195167 127.181027 127.628393 128.052937
7.760000 126.462700 126.990107 127.441996 127.435004 127.888929 128.434018
7.770000 126.713036 127.197672 127.647903 127.656551 128.119909 128.654829
7.800000 127.384139 127.846791 128.347440 128.367590 128.883922 129.484780
7.830000 127.964857 128.400656 128.988840 128.970784 129.489957 130.120728
7.840000 128.165674 128.589187 129.188702 129.183223 129.713482 130.271245
7.860000 128.486943 128.959849 129.559616 129.571425 130.137441 130.728900
7.870000 128.680486 129.161066 129.737108 129.749888 130.321733 130.943975
7.910000 129.301117 129.847671 130.365268 130.397236 130.971553 131.478122
7.940000 129.750635 130.319915 130.856327 130.865388 131.433922 131.967748
7.960000 130.080665 130.616861 131.170627 131.172314 131.736123 132.248114
7.970000 130.279064 130.768407 131.326901 131.332470 131.923027 132.396890
8.000000 130.739134 131.257283 131.746433 131.778305 132.358143 132.838220
8.010000 130.901731 131.413538 131.918242 131.934151 132.504121 132.969516
8.030000 131.186363 131.713934 132.228313 132.238287 132.787089 133.251545
8.040000 131.332227 131.898519 132.395843 132.404647 132.953179 133.399203
8.060000 131.680803 132.222612 132.742740 132.738806 133.284844 133.689465
8.070000 131.815333 132.394324 132.931796 132.909363 133.440681 133.847070
8.100000 132.290139 132.958741 133.511386 133.450983 133.912515 134.340939
8.110000 132.430560 133.148184 133.685361 133.624207 134.069624 134.554461
8.130000 132.772382 133.527847 134.058764 133.981086 134.398673 134.922179
8.140000 132.935898 133.704365 134.229783 134.154043 134.578577 135.040649
8.160000 133.229209 134.058026 134.559352 134.482769 134.914071 135.365749
8.170000 133.380308 134.227950 134.723828 134.652035 135.073339 135.537189
8.200000 133.801214 134.734894 135.199695 135.138878 135.565051 136.015450
8.210000 133.926613 134.912180 135.358436 135.302806 135.721445 136.195006
8.230000 134.267196 135.233262 135.658426 135.622773 136.050745 136.517987
8.240000 134.427209 135.387566 135.831159 135.794442 136.235307 136.730000
8.260000 134.747194 135.719150 136.142009 136.128632 136.585772 137.144748
8.300000 135.267394 136.251169 136.746351 136.733821 137.255136 137.974636
8.330000 135.781044 136.645898 137.162868 137.182704 137.765639 138.541812
8.360000 136.138957 137.046260 137.599696 137.623749 138.219001 139.105325
8.400000 136.676370 137.606994 138.136056 138.198648 138.831623 139.760535
8.430000 137.021502 138.036847 138.585332 138.656605 139.300515 140.329792
8.460000 137.462177 138.467531 139.046295 139.100998 139.811417 140.828439
8.500000 138.096926 138.955395 139.611868 139.683090 140.407341 141.425070
8.570000 139.067418 139.858619 140.569168 140.650492 141.484257 142.558074
8.610000 139.607744 140.367964 141.132033 141.249928 142.148304 143.431516
8.640000 139.988019 140.773088 141.611121 141.711599 142.639662 144.036292
8.670000 140.461721 141.193280 142.068053 142.176530 143.181322 144.465421
8.710000 141.006890 141.760072 142.694542 142.807033 143.889777 145.214629
8.740000 141.411436 142.195191 143.186573 143.305694 144.417694 145.768581
8.770000 141.907870 142.632737 143.692105 143.826019 144.987890 146.419468
8.810000 142.419086 143.277521 144.387578 144.548853 145.832937 147.350082
8.840000 142.880782 143.741379 144.975897 145.102344 146.482547 148.057862
8.910000 143.798434 144.831652 146.237962 146.457844 148.053436 150.244162
9.040000 145.484488 146.846557 148.910045 149.025595 151.235426 153.515695
9.110000 146.574320 148.029840 150.557266 150.537864 152.956674 154.941558
9.140000 147.092571 148.559346 151.300034 151.175974 153.517394 155.688802
9.170000 147.622962 149.157322 152.012944 151.827061 154.158629 156.140810
9.210000 148.266672 150.082550 152.867074 152.636487 154.901263 156.819710
9.270000 149.199055 151.451624 154.164779 153.897319 156.012759 157.868680
9.340000 150.789232 153.305526 155.592852 155.346622 157.317338 158.920376
9.410000 152.198681 154.939798 156.939139 156.719361 158.635618 160.023966
9.440000 152.872552 155.511427 157.491097 157.274115 159.178347 160.403012
9.470000 153.598353 156.044361 158.029643 157.834365 159.711364 160.910410
9.500000 154.180284 156.603774 158.626382 158.411871 160.246655 161.439398
9.540000 155.104593 157.353126 159.419789 159.197126 160.994592 162.123307
9.580000 155.818488 158.127990 160.208795 159.961142 161.707741 162.816210
9.610000 156.327847 158.697721 160.766843 160.522088 162.215565 163.298975
9.640000 156.811737 159.298919 161.348526 161.093821 162.831035 163.862508
9.670000 157.416697 159.915712 161.890851 161.654672 163.365989 164.370512
9.770000 159.593810 161.760804 163.592358 163.419339 165.057077 166.417896
9.810000 160.329029 162.384370 164.312995 164.104527 165.776549 167.131319
9.870000 161.434031 163.312750 165.245596 165.033500 166.658730 168.243155
9.910000 162.153406 164.043569 165.906781 165.716303 167.300065 168.862795
9.940000 162.633652 164.536595 166.472239 166.271788 167.818052 169.403545
9.970000 163.445142 165.095719 167.063658 166.842279 168.328534 169.936505
10.070000 165.481160 167.112147 168.722022 168.628272 170.018665 171.534837
10.170000 167.431583 169.199481 170.546057 170.456237 171.718861 172.998550
10.270000 169.657146 171.112718 172.281580 172.275504 173.473984 174.651520
10.300000 170.271604 171.750922 172.811334 172.816127 173.955256 175.129787
10.440000 172.692962 173.971411 174.966188 175.008898 176.160178 177.212549
10.520000 173.906283 175.274188 176.316572 176.345086 177.474122 178.602475
10.540000 174.333546 175.606412 176.726000 176.707962 177.889215 179.004546
10.570000 174.874471 176.131575 177.238654 177.245220 178.443131 179.559290
10.610000 175.531817 176.790308 177.955954 177.958181 179.185409 180.194849
10.670000 176.446317 177.776774 179.010710 178.997504 180.210831 181.229205
10.710000 177.087404 178.383204 179.780849 179.717610 180.951602 182.027801
10.740000 177.583296 178.944347 180.356325 180.265460 181.495537 182.494457
10.770000 177.951812 179.524856 180.938102 180.829928 182.077974 183.136150
10.810000 178.489843 180.304171 181.750542 181.608757 182.930396 183.972272
10.840000 178.960662 180.830098 182.380662 182.210495 183.526364 184.655867
10.870000 179.420369 181.410903 183.069091 182.832261 184.102048 185.089265
10.910000 180.100472 182.206305 183.838613 183.601766 184.865695 185.783577
10.940000 180.845976 182.817349 184.425714 184.193078 185.477546 186.310511
10.970000 181.518169 183.492792 185.023871 184.781438 185.969139 186.739138
11.000000 182.178593 184.171769 185.542055 185.334274 186.467226 187.194040
11.040000 183.130739 185.036318 186.173087 186.052263 187.130764 187.819058
11.070000 184.101073 185.608066 186.699100 186.587589 187.614289 188.311075
11.110000 184.990992 186.319405 187.329356 187.270532 188.262983 188.931994
11.140000 185.634633 186.869751 187.877509 187.807628 188.765390 189.495114
11.170000 186.236672 187.439886 188.441247 188.367174 189.288682 190.038169
11.210000 187.186294 188.300893 189.238452 189.157867 190.006196 190.749326
11.240000 188.005724 188.913761 189.872304 189.805735 190.664226 191.432656
11.270000 188.741145 189.656449 190.530807 190.506918 191.325114 192.062791
11.310000 189.837885 190.729396 191.568409 191.559481 192.381253 193.206742
11.340000 190.613228 191.481868 192.338386 192.331213 193.158884 194.106695
11.370000 191.497980 192.335907 193.161045 193.164945 193.961124 194.944642
11.410000 192.480331 193.333488 194.159687 194.165615 195.003355 195.881488
11.440000 193.205213 194.037109 194.865595 194.890655 195.774886 196.638000
11.470000 193.851095 194.695904 195.544733 195.579014 196.459655 197.538956
11.510000 194.626033 195.522767 196.451286 196.500899 197.421023 198.746551
11.540000 195.283195 196.211597 197.132682 197.206374 198.179783 199.499803
11.570000 195.891895 196.823790 197.848912 197.934883 198.963879 200.614836
11.610000 196.942724 197.840622 198.957362 199.085566 200.231431 202.150990
11.640000 197.749172 198.604358 199.786957 199.955835 201.194171 203.313045
11.670000 198.510733 199.419040 200.643144 200.800175 202.088971 204.237416
11.710000 199.507980 200.555793 201.921119 202.059460 203.452574 205.606658
11.740000 200.423427 201.536238 202.877335 203.025152 204.490977 206.573625
11.770000 201.166291 202.540847 203.968678 204.059490 205.627887 207.359696
11.810000 202.354606 203.762483 205.240572 205.344516 206.969920 208.690468
11.840000 203.063920 204.608266 206.122505 206.213184 207.874161 209.485183
11.870000 203.724462 205.437613 207.034880 207.081276 208.855251 210.355632
11.910000 204.774994 206.670995 208.422991 208.353806 210.121119 211.396959
11.940000 205.565221 207.531079 209.340351 209.210598 210.957198 212.088537
11.970000 206.539080 208.360431 210.204025 210.039566 211.682898 212.759067
12.030000 208.728778 210.428736 211.772699 211.665922 212.992686 213.871376
12.070000 209.935942 211.661258 212.795520 212.689734 213.834853 214.670708
12.110000 211.195354 212.639166 213.724565 213.619215 214.646884 215.389187
12.140000 212.267220 213.369086 214.417731 214.323842 215.252994 215.953984
12.170000 213.119716 214.186563 215.128572 215.030765 215.839825 216.578222
12.210000 214.173228 215.198020 216.065980 215.989769 216.783063 217.436763
12.240000 215.074151 215.999014 216.763526 216.729657 217.485990 218.163650
12.270000 215.968067 216.749163 217.490111 217.478725 218.228468 219.037724
12.310000 216.931783 217.687998 218.510577 218.548169 219.361373 220.452576
12.340000 217.932816 218.763502 219.591158 219.674897 220.606388 221.668023
12.370000 219.004095 219.823055 220.768342 220.829883 221.880847 222.978286
12.410000 220.127115 221.011000 222.032222 222.070679 223.182259 224.132302
12.440000 220.779473 221.786342 222.830763 222.866697 223.961750 224.993896
12.470000 221.377034 222.471126 223.560759 223.571683 224.655017 225.700172
12.510000 222.190398 223.298051 224.464287 224.472406 225.594675 226.703823
12.540000 222.820114 223.952266 225.203852 225.171346 226.347685 227.491241
12.570000 223.438280 224.585584 225.883082 225.857038 227.106128 228.393944
12.610000 224.197163 225.504710 226.862614 226.853002 228.185404 229.508320
12.640000 224.880786 226.257638 227.627524 227.676507 229.135908 230.668181
12.690000 226.141679 227.650306 229.280829 229.256690 230.846796 232.320052
12.820000 231.406952 232.785589 233.895068 233.743729 234.635879 235.464880
12.840000 232.262000 233.586331 234.522938 234.420360 235.228890 236.047433
12.870000 233.760160 234.770129 235.567482 235.538498 236.326693 237.048909
12.910000 235.345549 236.071388 236.787343 236.843497 237.676748 238.486255
12.940000 236.298911 236.967353 237.764869 237.792311 238.627660 239.464785
12.970000 236.921058 237.835784 238.668693 238.652858 239.480182 240.306611
13.010000 237.932223 238.959940 239.810494 239.770092 240.625107 241.400621
13.040000 238.676614 239.749159 240.648662 240.614512 241.471333 242.181580
13.070000 239.416406 240.608706 241.464604 241.408706 242.262239 242.962854
13.110000 241.112615 241.929764 242.651601 242.679679 243.449098 244.385170
13.140000 242.158388 242.883050 243.687732 243.715983 244.508006 245.586813
13.170000 242.969456 243.773715 244.552351 244.622420 245.538233 246.577697
13.210000 244.328953 245.071028 246.071636 246.152114 247.283158 248.492332
13.240000 245.109068 245.934026 246.958786 247.016891 248.081322 249.283737
13.270000 245.772563 246.725327 247.779250 247.792298 248.853345 249.903115
13.310000 246.663733 247.711086 248.717791 248.713611 249.720270 250.749434
13.340000 247.244119 248.392200 249.364282 249.357864 250.339119 251.269209
13.410000 248.689228 249.736780 250.642841 250.613283 251.541804 252.377443
13.440000 249.180904 250.272912 251.201999 251.170823 252.081891 252.951372
13.470000 249.841252 250.807178 251.744171 251.733855 252.636410 253.577016
13.510000 250.545736 251.546586 252.471138 252.473654 253.406355 254.484229
13.540000 251.050140 252.082298 253.025782 253.051546 254.018429 255.176012
13.570000 251.536068 252.693141 253.651830 253.683428 254.620333 256.143487
13.610000 252.187873 253.451998 254.530508 254.523893 255.554839 257.036918
13.640000 252.816487 253.956392 255.140604 255.147728 256.208074 257.826314
13.670000 253.452583 254.504261 255.767725 255.803500 256.997562 258.708014
13.710000 254.144301 255.355266 256.613438 256.683104 258.004487 259.822683
13.740000 254.647004 255.957306 257.228427 257.336376 258.747361 260.584452
13.770000 255.146248 256.542848 257.950204 258.020960 259.600416 261.150611
13.810000 256.111900 257.388228 259.030871 259.009100 260.662206 261.972250
13.840000 256.719837 258.090462 259.769256 259.735119 261.339634 262.758632
13.870000 257.310861 258.826466 260.538245 260.476253 262.057899 263.475270
13.910000 258.080868 259.885398 261.578888 261.414302 262.841723 264.142011
13.940000 258.590917 260.700606 262.254238 262.104168 263.536289 264.671622
13.970000 259.302416 261.458008 262.893839 262.761050 264.135554 265.200945
14.000000 260.289007 262.194685 263.518586 263.413892 264.722337 265.718479
14.030000 261.136826 262.928810 264.106784 264.041614 265.299240 266.321335
14.070000 262.021083 263.779988 264.907866 264.835180 265.986516 266.948090
14.110000 262.811722 264.524118 265.695835 265.602030 266.757299 267.597723
14.140000 263.496046 265.179990 266.270210 266.197379 267.286368 268.166959
14.170000 264.146038 265.805702 266.894644 266.791837 267.830150 268.625360
14.210000 264.981851 266.631838 267.697039 267.566786 268.570935 269.321574
14.240000 265.663221 267.154599 268.254925 268.137012 269.081825 269.872437
14.270000 266.316247 267.737135 268.779973 268.664877 269.585440 270.286905
14.310000 267.172036 268.461562 269.452008 269.355501 270.293112 270.993301
14.340000 267.853987 268.997641 269.976075 269.886018 270.771385 271.491703
14.370000 268.490551 269.611555 270.523540 270.432312 271.275817 272.035151
14.410000 269.376526 270.370131 271.240296 271.176324 271.964014 272.771447
14.510000 271.389759 272.128550 272.922102 272.938244 273.724619 274.617082
14.540000 271.910909 272.636702 273.451240 273.486927 274.275450 275.092027
14.570000 272.414370 273.146701 274.005290 274.016477 274.852006 275.704454
14.610000 273.082620 273.819943 274.667310 274.701167 275.600735 276.461157
14.640000 273.495346 274.317755 275.188245 275.221673 276.117609 277.112974
14.670000 274.079245 274.890028 275.729029 275.773323 276.713122 277.583395
14.710000 274.874922 275.635116 276.524105 276.554138 277.517187 278.263443
14.740000 275.503906 276.273304 277.204239 277.205490 278.144020 278.831849
14.770000 276.083933 276.972030 277.869446 277.836421 278.696766 279.419133
14.810000 276.900927 277.870346 278.799998 278.714079 279.515091 280.197307
14.840000 277.588852 278.585197 279.462700 279.393062 280.179388 280.839229
14.870000 278.547861 279.303412 280.069998 280.030766 280.765960 281.396422
14.910000 279.298078 280.111206 280.809005 280.768263 281.451092 282.011849
14.940000 279.942364 280.693802 281.337488 281.319448 281.960077 282.512685
14.970000 280.590046 281.222775 281.855968 281.843980 282.443081 283.014088
15.010000 281.221279 281.864021 282.460578 282.462071 283.041156 283.700311
15.040000 281.695658 282.296338 282.926291 282.910607 283.502759 284.184879
15.070000 282.133621 282.741672 283.333906 283.338434 283.929722 284.586482
15.110000 282.649003 283.234873 283.872755 283.865091 284.490485 285.125695
15.140000 282.994844 283.643584 284.284980 284.275686 284.929270 285.554122
15.170000 283.355176 284.047286 284.676262 284.675657 285.341600 285.978686
15.210000 283.843876 284.535311 285.219154 285.192344 285.815616 286.530038
15.240000 284.263776 284.920252 285.595835 285.594459 286.237832 286.973249
15.270000 284.704184 285.311978 285.977540 285.990998 286.657837 287.377959
15.310000 285.182682 285.828793 286.461066 286.491285 287.154647 287.891866
15.370000 285.960508 286.557307 287.231528 287.245007 287.883172 288.689988
15.410000 286.546815 287.124621 287.791560 287.812254 288.432857 289.350973
15.440000 286.964946 287.578903 288.282040 288.283911 288.925460 289.872943
15.470000 287.434017 288.101712 288.782560 288.816743 289.456389 290.497087
15.510000 288.136397 288.749733 289.483732 289.571093 290.377285 291.516553
15.540000 288.630861 289.279927 290.045428 290.154234 291.061312 292.250913
15.570000 289.024444 289.758468 290.636682 290.763903 291.726761 293.238254
15.610000 289.660268 290.387773 291.439956 291.553057 292.621784 294.310191
15.640000 290.056927 290.944271 292.077331 292.162034 293.340861 295.055505
15.670000 290.468472 291.443961 292.723871 292.769827 294.057872 295.822770
15.710000 291.042778 292.125914 293.589806 293.598773 294.974133 297.134824
15.740000 291.419193 292.623201 294.170333 294.204273 295.637422 297.842645
15.770000 291.828623 293.166476 294.822466 294.828588 296.258008 298.461013
15.800000 292.307531 293.685693 295.419025 295.448455 297.034654 299.027610
15.830000 292.739629 294.287915 296.019678 296.078954 297.796045 299.712501
15.900000 293.725876 295.641515 297.507006 297.567821 299.496676 301.725091
15.940000 294.331769 296.292835 298.251681 298.354806 300.323579 302.567162
15.970000 294.845025 296.839706 298.903655 298.978043 301.013470 303.263310
