depth(m) lower_95(kyr) lower_68(kyr) median(kyr) mean(kyr) upper_68(kyr) upper_95(kyr)
0.040000 0.038727 0.242466 0.760303 0.835752 1.461489 2.010115
0.070000 0.481886 0.806472 1.389200 1.465425 2.137010 2.900568
0.100000 0.855900 1.313337 2.000742 2.085021 2.840499 3.842794
0.130000 1.256970 1.871984 2.612397 2.711547 3.536270 4.692471
0.160000 1.715243 2.457993 3.265823 3.351049 4.270918 5.378255
0.190000 2.239671 3.056597 3.962983 4.039147 5.038947 6.086708
0.285000 4.039572 5.194917 6.375491 6.384654 7.614083 8.774933
0.380000 6.406940 7.734947 8.814331 8.762551 9.825484 10.754956
0.430000 7.906536 9.112534 10.144120 10.076953 11.050532 11.961372
0.480000 9.517344 10.607846 11.577307 11.563480 12.558694 13.471494
0.530000 11.277012 12.319558 13.250753 13.216091 14.115423 14.983015
0.580000 12.551008 13.592268 14.424579 14.378702 15.193926 15.868888
0.630000 13.699007 14.586648 15.352804 15.311022 16.044947 16.595350
0.680000 14.940293 15.723723 16.383113 16.357227 17.000644 17.582357
0.730000 15.859915 16.603918 17.257665 17.233563 17.860204 18.453220
0.780000 16.657064 17.344852 17.983014 17.964750 18.579747 19.149043
0.830000 17.351660 17.943729 18.617532 18.616047 19.236233 19.875082
0.880000 17.918177 18.624210 19.214648 19.215554 19.814324 20.580067
0.930000 18.473029 19.177013 19.777042 19.784405 20.402261 21.233490
0.980000 19.045972 19.724495 20.327103 20.360826 21.012488 21.758752
1.030000 19.641143 20.286965 20.880346 20.938067 21.577460 22.540119
1.080000 20.144020 20.855518 21.475802 21.526573 22.194000 23.211293
1.130000 20.753458 21.399065 22.111568 22.139929 22.833769 23.833648
1.180000 21.390842 21.998974 22.740578 22.786552 23.531573 24.585498
1.230000 21.949794 22.631923 23.427928 23.490173 24.334930 25.385550
1.280000 22.529531 23.350817 24.150441 24.238939 25.217106 26.185138
1.330000 23.181852 24.020195 24.935252 24.992054 26.019412 27.043792
1.380000 23.828581 24.715445 25.715575 25.748289 26.789225 27.802685
1.430000 24.488701 25.475356 26.517217 26.533597 27.642290 28.610884
1.480000 25.189758 26.231968 27.349417 27.325657 28.448198 29.319141
1.530000 25.905577 27.034168 28.177020 28.141007 29.209312 30.245257
1.580000 26.685928 27.871114 28.965594 28.949471 30.035571 31.176169
1.630000 27.485379 28.665500 29.799912 29.807585 30.937642 32.172128
1.680000 28.303453 29.478166 30.643761 30.661705 31.818895 33.167745
1.730000 29.278285 30.338219 31.460136 31.557987 32.745909 34.204507
1.780000 30.177824 31.206567 32.306076 32.438987 33.634153 35.330679
1.830000 31.074579 32.045989 33.165948 33.313533 34.532476 36.514852
1.880000 31.873202 32.809787 33.954680 34.166610 35.431533 38.192485
1.930000 32.609840 33.573159 34.716336 35.020508 36.433124 39.247894
1.980000 33.399247 34.395138 35.520040 35.888329 37.539076 40.170607
2.030000 33.983054 35.082618 36.353781 36.720468 38.439916 41.225801
2.080000 34.773372 35.875815 37.234609 37.566349 39.386523 42.199076
2.130000 35.450362 36.629253 38.105567 38.436963 40.256854 43.078587
2.180000 36.151509 37.531763 39.044353 39.330231 41.086407 44.832935
2.230000 37.004824 38.350798 39.857270 40.241330 41.950038 46.687076
2.280000 37.864038 39.186763 40.743769 41.177221 42.899773 47.829475
2.330000 38.739269 40.066114 41.659214 42.251146 44.204558 48.968685
2.380000 39.656102 41.043846 42.571796 43.360396 46.093645 49.947321
2.430000 40.613721 42.004052 43.718911 44.563234 48.097552 50.850173
2.480000 41.489444 43.258880 45.069470 45.873502 49.303924 52.139247
2.530000 42.524403 44.443219 46.778471 47.262630 50.559917 53.385583
2.580000 43.675247 45.934454 48.286324 48.689160 51.913188 54.593827
2.630000 44.851020 47.530572 49.894897 50.138016 53.171145 55.568105
2.680000 45.933929 48.976118 51.596976 51.577877 54.534441 56.816897
2.730000 47.199390 50.406671 53.086222 52.994401 55.715388 57.967910
2.780000 48.786783 51.826981 54.489730 54.377776 56.962197 58.935412
2.830000 50.938349 53.414581 55.980316 55.772322 58.251356 59.956894
2.880000 52.502175 54.875274 57.244497 57.095133 59.341594 60.834940
2.930000 54.135609 56.406731 58.583322 58.406786 60.475675 61.893161
2.980000 55.233840 57.872118 59.953047 59.719476 61.599025 62.754239
3.030000 56.526634 59.349220 61.423914 61.104852 62.790588 64.198007
3.080000 57.933732 60.931585 62.624528 62.411041 63.985672 65.476255
3.130000 59.519596 62.475402 63.768638 63.700062 65.103029 66.723454
3.180000 62.209901 63.696982 64.968181 64.986855 66.366594 67.644996
3.230000 63.756314 65.021583 66.267576 66.265115 67.591496 68.820680
3.280000 65.089179 66.302838 67.460352 67.511596 68.772593 70.017317
3.330000 66.626343 67.848384 68.936646 68.964673 70.116391 71.364093
3.380000 68.232670 69.297686 70.299798 70.385659 71.525716 72.868968
3.430000 69.667654 70.555163 71.684136 71.755088 73.006288 74.290169
3.480000 70.589985 71.732767 72.912597 72.979668 74.281199 75.540135
3.530000 71.849382 72.988448 74.214737 74.268246 75.552602 76.914681
3.580000 73.017983 74.192902 75.563835 75.568650 76.897959 78.228513
3.630000 74.467328 75.635732 76.988285 76.961037 78.234370 79.298361
3.680000 75.756157 77.130503 78.351368 78.306018 79.509009 80.369205
3.730000 77.197659 78.672419 79.761224 79.693897 80.770105 81.639291
3.780000 78.573115 80.020340 81.079047 81.026932 82.075912 83.017835
3.830000 80.158076 81.136869 82.141240 82.164409 83.266287 84.368686
3.880000 81.184907 82.058562 83.093736 83.203497 84.349222 85.754273
3.930000 82.074325 83.107253 84.108890 84.312661 85.618142 87.247176
3.980000 83.076090 84.166242 85.375084 85.555950 87.047122 88.822694
4.030000 84.203339 85.341067 86.730135 86.984245 88.704213 90.762274
4.080000 85.595368 86.862675 88.667141 88.757566 90.696173 92.210752
4.130000 87.051662 88.567788 90.611068 90.428592 92.207734 93.207477
4.180000 88.463273 90.242297 92.169387 91.924756 93.483307 94.429402
4.230000 90.040987 91.969074 93.536470 93.281263 94.555852 95.448150
4.280000 91.828365 93.404659 94.569978 94.463577 95.529121 96.487037
4.330000 93.500010 94.635331 95.597813 95.595936 96.581617 97.515269
4.380000 94.837256 95.741361 96.628465 96.687435 97.643385 98.670968
4.430000 95.851048 96.732330 97.663136 97.702793 98.654200 99.809027
4.480000 96.861121 97.685239 98.694901 98.733591 99.741222 100.843673
4.530000 97.792668 98.667262 99.677044 99.731490 100.891744 101.961654
4.580000 98.647423 99.662748 100.700010 100.756498 101.844963 103.130206
4.630000 99.622257 100.671411 101.769100 101.795022 102.948433 104.128923
4.680000 100.608184 101.653766 102.777498 102.829414 104.008615 105.266137
4.730000 101.792768 102.772650 103.940282 103.979098 105.130428 106.612906
4.780000 103.001875 104.034151 105.224947 105.262623 106.465802 107.858965
4.830000 104.201369 105.386755 106.630631 106.647113 107.913954 109.333489
4.880000 105.511372 106.769311 107.973578 107.981783 109.245115 110.507566
4.930000 107.034020 108.274664 109.476592 109.456742 110.647394 111.605701
4.980000 108.678512 109.931457 111.066250 110.957198 112.000739 112.732272
5.030000 110.344883 111.701413 112.612004 112.490940 113.268816 114.069350
5.080000 112.326015 113.306956 114.020372 113.997138 114.736766 115.473377
5.130000 113.946549 114.581532 115.314385 115.337541 116.061806 116.942263
5.180000 115.096337 115.741607 116.554444 116.565386 117.359909 118.135892
5.230000 116.282008 116.949596 117.838527 117.815729 118.626103 119.468871
5.280000 117.563610 118.395401 119.271186 119.285523 120.191705 121.159463
5.330000 118.889613 119.789321 120.722771 120.785465 121.752200 123.075747
5.380000 120.127545 121.065786 122.193404 122.201024 123.251176 124.620790
5.430000 121.431943 122.540178 123.706344 123.708444 124.891390 126.210561
5.480000 122.790988 123.982142 125.207282 125.211316 126.388965 127.580583
5.530000 124.544604 125.595265 126.912656 126.890087 128.156711 129.427491
5.580000 126.252387 127.704381 128.945111 128.887760 130.065057 131.153218
5.630000 129.072130 130.151351 131.108731 131.105317 132.158751 132.878890
5.680000 130.861361 131.872163 132.803889 132.731044 133.576062 134.202548
5.730000 132.314271 133.280941 134.073893 134.014447 134.752559 135.342690
5.780000 133.637475 134.445216 135.192261 135.176591 135.895075 136.658204
5.830000 134.888569 135.562874 136.306376 136.356770 137.146015 138.098564
5.880000 136.281218 136.986379 137.873198 138.068990 139.055185 141.664805
5.930000 137.684262 138.664083 139.923198 140.116685 141.642399 143.728662
5.980000 139.345739 140.716932 142.313679 142.410813 144.076305 145.963496
6.030000 141.505308 143.063178 144.611097 144.681245 146.375826 148.299768
6.080000 143.403456 144.735208 146.370037 146.508652 148.254044 150.158408
6.130000 144.734646 146.381591 147.949795 148.124506 149.861655 152.221823
6.180000 146.090459 147.790018 149.463402 149.686008 151.615095 154.108322
6.230000 147.390302 149.178868 151.035093 151.269971 153.412008 156.019415
