depth(m) lower_95(kyr) lower_68(kyr) median(kyr) mean(kyr) upper_68(kyr) upper_95(kyr)
0.250000 6.808516 9.008299 10.315429 10.183217 11.300112 12.217200
0.325000 6.936642 9.147127 10.435712 10.316304 11.431564 12.326706
0.400000 7.127056 9.289175 10.545557 10.446397 11.551739 12.450733
0.450000 7.235555 9.385829 10.602947 10.529604 11.625436 12.509486
0.500000 7.299434 9.458933 10.679330 10.610460 11.712363 12.578661
0.550000 7.356776 9.554651 10.746457 10.692989 11.792077 12.676353
0.600000 7.539468 9.640385 10.792136 10.773873 11.856793 12.767109
0.650000 7.680517 9.750636 10.879944 10.855736 11.937920 12.928008
0.700000 7.812182 9.839462 10.943855 10.938529 12.017955 12.984102
0.750000 7.921908 9.915611 11.043007 11.022158 12.100899 13.097443
0.800000 8.051919 10.013545 11.115855 11.108886 12.189341 13.164880
0.850000 8.201447 10.152813 11.185891 11.196367 12.284541 13.232356
0.900000 8.313182 10.233452 11.266343 11.281339 12.365450 13.320180
0.950000 8.384997 10.370067 11.355966 11.373847 12.448237 13.371608
1.000000 8.599160 10.487542 11.425662 11.469396 12.540815 13.478106
1.050000 8.768729 10.592799 11.558081 11.567833 12.638463 13.593512
1.100000 8.941807 10.675095 11.718189 11.668419 12.754359 13.667751
1.150000 9.080742 10.793299 11.872436 11.777431 12.883478 13.759287
1.200000 9.257734 10.891088 11.989445 11.905860 13.034678 13.853612
1.250000 9.443102 10.998774 12.107224 12.035311 13.179660 13.927081
1.300000 9.881975 11.139971 12.258314 12.183605 13.336122 14.007232
1.350000 10.279852 11.407158 12.449930 12.392035 13.483873 14.088290
1.400000 10.485004 11.545953 12.552819 12.517515 13.616908 14.200714
1.450000 10.821769 11.715636 12.676158 12.665263 13.720198 14.298133
1.500000 11.116179 11.871756 12.793530 12.817942 13.836054 14.376151
1.550000 11.239534 12.044733 12.996854 12.962960 13.939265 14.498276
1.600000 11.390573 12.190299 13.218852 13.135975 14.095049 14.592544
1.650000 11.490017 12.307929 13.376524 13.270547 14.234399 14.701025
1.700000 11.638607 12.450863 13.502813 13.417837 14.365109 14.911143
1.750000 11.809051 12.592712 13.639538 13.557389 14.475911 15.019108
1.800000 11.923217 12.719947 13.756743 13.692540 14.577806 15.136573
1.875000 12.195828 13.043746 14.080915 13.984359 14.794942 15.403816
1.950000 12.691259 13.449038 14.397924 14.272813 15.000793 15.579811
2.000000 12.829349 13.612264 14.535396 14.400216 15.107066 15.668238
2.050000 12.947927 13.734006 14.668601 14.520620 15.211014 15.748825
2.100000 13.028681 13.912160 14.798325 14.644186 15.310973 15.815923
2.175000 13.262311 14.103098 14.990803 14.833736 15.490665 15.949785
2.250000 13.464803 14.367572 15.170062 15.041816 15.672168 16.127056
2.300000 13.590170 14.511840 15.273460 15.164195 15.798050 16.275249
2.400000 13.926526 14.867560 15.533785 15.459290 16.047148 16.620373
2.450000 14.079200 15.029379 15.650640 15.588957 16.160986 16.720650
2.500000 14.219252 15.178895 15.768683 15.722455 16.273161 16.839278
2.550000 14.401696 15.339591 15.902610 15.864761 16.390610 16.981570
2.650000 14.841867 15.754532 16.145491 16.197350 16.688258 17.444050
2.750000 15.195971 15.976886 16.335457 16.431042 16.951108 17.706845
2.800000 15.354539 16.053620 16.424569 16.531682 17.090460 17.821066
2.875000 15.610010 16.168695 16.547117 16.686126 17.334439 18.064823
2.950000 15.858279 16.282383 16.673790 16.839938 17.581196 18.335990
3.050000 16.052395 16.415087 16.828022 17.023416 17.843162 18.539011
3.100000 16.142331 16.484075 16.902155 17.109191 17.953707 18.739746
3.200000 16.317182 16.614274 17.058299 17.273215 18.143176 19.052841
3.250000 16.393374 16.691252 17.137468 17.354500 18.255326 19.188515
3.300000 16.463648 16.760348 17.206876 17.435381 18.341812 19.290230
3.350000 16.527371 16.830562 17.280583 17.519027 18.431321 19.358008
3.400000 16.597200 16.898122 17.356897 17.607091 18.559149 19.443015
3.500000 16.737300 17.055236 17.521427 17.802759 18.785381 19.695576
3.550000 16.800698 17.127794 17.622887 17.892233 18.892915 19.773684
3.600000 16.886921 17.203937 17.722296 17.985793 18.981768 19.867229
3.700000 17.012307 17.345639 17.922953 18.185492 19.164783 20.137131
3.800000 17.128626 17.507257 18.158362 18.387880 19.327910 20.305954
3.900000 17.246033 17.642161 18.382986 18.588866 19.501954 20.545696
3.950000 17.299067 17.723043 18.503867 18.687339 19.574553 20.609561
4.000000 17.362211 17.823366 18.624506 18.784081 19.661303 20.692744
4.050000 17.423050 17.916958 18.737217 18.880396 19.768137 20.796793
4.125000 17.531278 18.057703 18.935630 19.025384 19.895019 20.910912
4.200000 17.625180 18.202611 19.118156 19.184995 20.066329 21.359802
4.250000 17.698841 18.309535 19.232375 19.281224 20.156323 21.493783
4.300000 17.761796 18.402957 19.353264 19.373739 20.234733 21.579318
4.350000 17.823346 18.494401 19.480265 19.469121 20.332549 21.639373
4.400000 17.879883 18.595726 19.601469 19.565410 20.426792 21.730733
4.450000 17.952239 18.681409 19.756138 19.662795 20.536657 21.808652
4.500000 18.053355 18.769155 19.854612 19.754409 20.641724 21.872486
4.550000 18.116318 18.856292 19.966384 19.848110 20.746091 22.048421
4.600000 18.178360 18.927908 20.058622 19.937213 20.843208 22.117899
4.650000 18.233797 19.018772 20.161832 20.023116 20.950499 22.183722
4.700000 18.296755 19.129497 20.245568 20.110942 21.050563 22.314763
4.750000 18.374060 19.212902 20.318427 20.194324 21.122217 22.452668
4.800000 18.442678 19.292869 20.401044 20.279111 21.227776 22.558314
4.900000 18.545107 19.450826 20.524567 20.447090 21.390083 22.679664
4.950000 18.610074 19.523653 20.601629 20.528480 21.487418 22.787686
5.000000 18.671527 19.594800 20.659241 20.609027 21.573490 22.862524
5.050000 18.728095 19.688928 20.732382 20.697533 21.657848 22.953415
5.100000 18.793014 19.764516 20.808388 20.780058 21.735060 23.016080
5.150000 18.857202 19.840696 20.871487 20.863434 21.802989 23.176414
5.200000 18.933972 19.901005 20.942230 20.946020 21.884932 23.281098
5.250000 19.022581 19.959700 21.002631 21.026064 21.955840 23.320872
5.300000 19.098602 20.038223 21.072235 21.108878 22.052346 23.427411
5.350000 19.197545 20.120882 21.131613 21.189984 22.114034 23.485610
5.400000 19.265145 20.183587 21.200956 21.270297 22.203525 23.570652
5.450000 19.321863 20.259187 21.272196 21.352194 22.291421 23.639820
5.500000 19.408403 20.350510 21.349402 21.432140 22.367760 23.710574
5.550000 19.494395 20.418302 21.424752 21.515874 22.463271 23.834317
5.600000 19.556259 20.485607 21.505709 21.598355 22.528917 23.928286
5.620000 19.571395 20.518220 21.538636 21.631918 22.568880 23.955286
5.650000 19.621632 20.565051 21.592857 21.681524 22.636699 23.993347
5.700000 19.688799 20.646370 21.687142 21.771810 22.753916 24.106080
5.750000 19.749045 20.730598 21.775470 21.853975 22.831284 24.160081
5.800000 19.828653 20.809214 21.859178 21.942201 22.950008 24.286133
5.850000 19.904069 20.875531 21.945204 22.027124 23.082560 24.406169
5.900000 19.986594 20.952458 22.030445 22.112537 23.215759 24.495268
5.950000 20.067493 21.016149 22.110279 22.192312 23.286904 24.587159
6.000000 20.184603 21.086881 22.182889 22.275353 23.391807 24.683661
6.050000 20.278934 21.164188 22.257731 22.358832 23.485338 24.780257
6.100000 20.365501 21.230754 22.339262 22.442280 23.584547 24.912499
6.150000 20.440670 21.305947 22.415381 22.525643 23.648079 24.976864
6.200000 20.550440 21.391017 22.493353 22.609945 23.755959 25.081470
6.250000 20.661158 21.478864 22.586999 22.694351 23.825133 25.223655
6.300000 20.720911 21.559334 22.662486 22.773407 23.900149 25.309703
6.350000 20.885887 21.652744 22.739211 22.856421 23.979912 25.421756
6.425000 20.936370 21.788013 22.855999 22.981662 24.101384 25.541944
6.500000 21.086235 21.923341 22.963683 23.104389 24.242710 25.684013
6.550000 21.182762 22.007932 23.039519 23.189080 24.337548 25.804421
6.600000 21.256756 22.103895 23.119429 23.272548 24.454164 25.939908
6.640000 21.331895 22.171673 23.182485 23.338840 24.516476 26.058443
6.690000 21.376718 22.246824 23.257157 23.418059 24.606886 26.145518
6.740000 21.478028 22.318668 23.323999 23.499725 24.718625 26.258096
6.790000 21.579721 22.406622 23.408418 23.583581 24.816815 26.343528
6.840000 21.664683 22.512861 23.485839 23.666459 24.945288 26.449215
6.890000 21.735751 22.614434 23.559385 23.749305 25.031253 26.516182
6.990000 21.854053 22.776479 23.715478 23.911435 25.189036 26.656060
7.090000 21.970366 22.942836 23.881082 24.082396 25.366160 26.787699
7.190000 22.112385 23.132293 24.083342 24.255821 25.543734 26.892823
7.240000 22.170407 23.215633 24.183712 24.342850 25.636336 26.974144
7.290000 22.243422 23.308738 24.263671 24.428381 25.712500 27.047179
7.390000 22.376433 23.462470 24.438015 24.594177 25.858528 27.147164
7.490000 22.502888 23.638484 24.606861 24.758627 26.022689 27.264515
7.540000 22.558104 23.732716 24.689499 24.840427 26.105575 27.383790
7.590000 22.609913 23.828527 24.772691 24.923232 26.209046 27.430302
7.640000 22.669819 23.927133 24.864012 25.007014 26.278672 27.479386
7.690000 22.721995 24.019873 24.947079 25.092296 26.363931 27.547143
7.740000 22.807684 24.110545 25.028733 25.178374 26.470166 27.621180
7.840000 22.926423 24.282451 25.196036 25.347248 26.600029 27.747243
7.890000 22.989930 24.356388 25.292655 25.430252 26.682366 27.809511
7.940000 23.043390 24.449314 25.392940 25.515395 26.791363 27.876029
7.990000 23.118150 24.537541 25.465333 25.598116 26.922235 27.950067
8.040000 23.177684 24.612442 25.539727 25.679427 27.007308 28.030025
8.115000 23.310410 24.736656 25.661779 25.799644 27.128132 28.134804
8.190000 23.391927 24.883614 25.792279 25.926139 27.257980 28.242090
8.290000 23.528449 25.062666 25.969229 26.092313 27.412169 28.359142
8.340000 23.583527 25.156758 26.050070 26.177265 27.478553 28.433086
8.440000 23.770468 25.283652 26.234080 26.357881 27.628522 28.535805
8.540000 23.948311 25.439686 26.449844 26.550531 27.820639 28.689926
8.615000 24.075827 25.570758 26.606770 26.683645 27.952546 28.792914
8.690000 24.183786 25.686565 26.745665 26.817405 28.100513 28.980178
8.740000 24.292938 25.787714 26.829572 26.907378 28.177493 29.039700
8.790000 24.358019 25.862576 26.934890 27.000892 28.265603 29.130794
8.840000 24.483391 25.949963 27.023216 27.092949 28.365756 29.236632
8.890000 24.542916 26.030920 27.158230 27.186719 28.455447 29.324545
8.940000 24.644852 26.122467 27.244122 27.281764 28.537009 29.361584
8.990000 24.696584 26.204693 27.345322 27.373491 28.629823 29.452204
9.040000 24.801628 26.302408 27.469275 27.461546 28.721418 29.601291
9.090000 24.882992 26.384558 27.571359 27.553622 28.834362 29.743376
9.140000 24.968914 26.479096 27.663332 27.644151 28.925550 29.843883
9.190000 25.066056 26.549998 27.773838 27.734504 29.026677 29.924945
9.265000 25.167729 26.670461 27.918989 27.878167 29.164194 30.118755
9.340000 25.227240 26.806580 28.061681 28.016520 29.304790 30.272330
9.440000 25.460630 26.983199 28.249585 28.199623 29.527014 30.501901
9.490000 25.536865 27.069537 28.341857 28.290267 29.605383 30.566688
9.540000 25.644103 27.149725 28.416977 28.384476 29.706939 30.670473
9.590000 25.769794 27.247369 28.497978 28.473739 29.807627 30.777562
9.640000 25.855511 27.325806 28.599490 28.565985 29.888465 30.906840
9.690000 25.930268 27.412998 28.680214 28.655442 29.968821 31.004580
9.790000 26.160647 27.558475 28.852255 28.838083 30.136714 31.174612
9.890000 26.353346 27.711265 29.037479 29.020791 30.314063 31.296507
9.990000 26.573456 27.874366 29.265434 29.208258 30.538559 31.461771
10.090000 26.799605 28.037835 29.466452 29.388586 30.718886 31.643667
10.190000 27.111932 28.186223 29.626261 29.568637 30.930350 31.820956
10.290000 27.289360 28.346705 29.797907 29.744242 31.089209 32.058343
10.390000 27.414086 28.498072 29.957073 29.923810 31.306184 32.208887
10.490000 27.583578 28.689041 30.137394 30.102159 31.497209 32.403390
10.540000 27.629200 28.786112 30.212976 30.192842 31.620173 32.604069
10.590000 27.741880 28.865327 30.292224 30.280745 31.711497 32.759932
10.640000 27.843881 28.968223 30.391250 30.372317 31.792971 32.881196
10.690000 27.930456 29.051982 30.475439 30.463496 31.888999 32.984232
10.740000 28.008824 29.146155 30.578981 30.551816 31.981750 33.117696
10.790000 28.133674 29.233367 30.672916 30.638266 32.077176 33.213322
10.840000 28.193434 29.341572 30.765924 30.726050 32.164407 33.322848
10.890000 28.243850 29.474882 30.888337 30.821572 32.257408 33.386455
10.910000 28.278508 29.508441 30.922453 30.857690 32.303876 33.445643
10.940000 28.332728 29.572395 30.967735 30.911594 32.364971 33.491832
11.010000 28.494745 29.740456 31.086647 31.041043 32.524920 33.621702
11.040000 28.561247 29.814250 31.125905 31.095505 32.593102 33.669670
11.060000 28.605616 29.852964 31.162997 31.131231 32.631590 33.699976
11.140000 28.800092 30.046219 31.293172 31.281126 32.786679 33.895417
11.160000 28.833384 30.079046 31.318685 31.316197 32.819901 33.944855
11.240000 28.948115 30.195497 31.457867 31.459362 32.956346 34.039546
11.260000 28.977961 30.235391 31.486600 31.494244 32.981900 34.073483
11.290000 29.039164 30.275171 31.534697 31.545658 33.030049 34.136517
11.360000 29.166864 30.380287 31.630621 31.676493 33.154127 34.268210
11.390000 29.196237 30.430298 31.683513 31.730259 33.208931 34.360089
11.490000 29.475534 30.613593 31.865902 31.936035 33.362520 34.585960
11.560000 29.615791 30.749432 31.963348 32.071469 33.481438 34.846529
11.590000 29.654954 30.805183 32.009620 32.125753 33.531969 34.908381
11.690000 29.863967 30.991092 32.167668 32.317258 33.694264 35.208051
11.740000 29.964857 31.086339 32.238363 32.409041 33.787503 35.352128
11.810000 30.122233 31.224108 32.365694 32.540275 33.916715 35.505460
11.860000 30.223127 31.312448 32.443996 32.636018 34.030674 35.579257
11.910000 30.278149 31.402341 32.520710 32.733006 34.151341 35.692530
11.990000 30.458285 31.524486 32.686762 32.890745 34.353638 35.861800
12.010000 30.489308 31.554510 32.736892 32.926452 34.405094 35.893098
12.040000 30.549910 31.601880 32.796537 32.982283 34.448613 35.939714
12.090000 30.651643 31.689317 32.905974 33.083807 34.549462 36.151520
12.140000 30.752305 31.779314 33.008415 33.192548 34.640291 36.330549
12.160000 30.777835 31.811604 33.052400 33.230345 34.686127 36.363892
12.190000 30.855682 31.863567 33.107758 33.290865 34.746748 36.432412
12.210000 30.904091 31.891945 33.147708 33.328664 34.775935 36.470185
12.240000 30.962401 31.951126 33.208362 33.390676 34.848419 36.543019
12.260000 31.019473 31.984975 33.245162 33.428261 34.897389 36.588186
12.290000 31.075148 32.047771 33.298183 33.489572 34.961457 36.817552
12.310000 31.107255 32.090074 33.329883 33.527334 35.008045 36.855947
12.360000 31.213701 32.185609 33.413338 33.652207 35.102073 37.803941
12.390000 31.253319 32.253141 33.472995 33.716323 35.161339 37.976469
12.410000 31.267395 32.298539 33.504468 33.756784 35.195025 38.190177
12.440000 31.348026 32.382895 33.555954 33.821335 35.257673 38.338908
12.460000 31.397979 32.425175 33.585933 33.860636 35.302654 38.378844
12.490000 31.488530 32.512840 33.638217 33.924455 35.359150 38.539698
12.510000 31.528682 32.556569 33.678318 33.962473 35.411027 38.588821
12.540000 31.633191 32.627874 33.735969 34.027791 35.485504 38.723790
12.560000 31.675710 32.681636 33.765507 34.066781 35.523335 38.759673
12.590000 31.761450 32.733748 33.820537 34.131542 35.575125 38.821439
12.610000 31.803365 32.804444 33.856984 34.170540 35.605397 38.871338
12.660000 31.922062 32.881338 33.957357 34.286141 35.694668 39.283930
12.710000 32.002923 32.951529 34.062657 34.391436 35.808770 39.532697
12.760000 32.073473 33.043960 34.155985 34.504409 35.922041 39.770755
12.860000 32.337466 33.230177 34.409769 34.775490 36.202917 40.050027
12.910000 32.407999 33.316572 34.531310 34.884356 36.306173 40.183415
12.960000 32.483584 33.424121 34.651175 35.004743 36.379841 40.284329
13.010000 32.542301 33.543058 34.800542 35.120510 36.488723 40.392985
13.060000 32.610633 33.682973 34.974518 35.260660 36.586510 40.612175
13.110000 32.668260 33.809230 35.134236 35.392011 36.741130 40.741203
13.160000 32.735106 33.897991 35.312292 35.513205 36.848074 40.877072
13.210000 32.847489 34.008195 35.468379 35.648272 36.966053 41.046905
13.260000 32.945608 34.130329 35.590822 35.771989 37.071646 41.148127
13.310000 33.039225 34.244728 35.761063 35.911473 37.271181 41.243622
13.360000 33.158018 34.341428 35.912658 36.044831 37.411447 41.319353
13.410000 33.223708 34.471181 36.031161 36.167587 37.517493 41.399964
13.460000 33.326709 34.598189 36.187266 36.300832 37.660202 41.488319
13.535000 33.524225 34.799166 36.401208 36.509493 37.910492 41.631399
13.610000 33.654383 35.006167 36.614999 36.733067 38.087559 41.752168
13.660000 33.790836 35.170719 36.745791 36.853944 38.212013 41.844328
13.710000 33.910688 35.300918 36.846960 36.965189 38.334367 41.910532
13.720000 33.940968 35.317430 36.867039 36.985210 38.354514 41.942158
13.760000 34.059224 35.420563 36.945922 37.076153 38.437007 42.023823
13.770000 34.076262 35.454534 36.963311 37.097237 38.449702 42.033666
13.810000 34.178477 35.574989 37.097826 37.203310 38.504401 42.097961
13.820000 34.206935 35.614554 37.113887 37.224550 38.528131 42.114747
13.860000 34.273298 35.757762 37.239858 37.339582 38.637514 42.151736
13.870000 34.300433 35.775436 37.259144 37.360659 38.653126 42.161383
13.910000 34.382543 35.881483 37.406892 37.472659 38.748535 42.213592
13.920000 34.399089 35.895115 37.424172 37.493660 38.777610 42.223851
13.960000 34.515708 36.018441 37.531140 37.611594 38.910088 42.258815
13.970000 34.553027 36.036536 37.566359 37.632439 38.956713 42.274545
14.010000 34.624323 36.134518 37.666263 37.745095 39.049890 42.317284
14.020000 34.641242 36.146160 37.684114 37.765050 39.067852 42.337661
14.060000 34.724281 36.233406 37.771865 37.870474 39.202601 42.411344
14.070000 34.742403 36.247567 37.799046 37.891835 39.225414 42.428697
14.110000 34.822967 36.547778 37.892887 38.001444 39.342276 42.474005
14.120000 34.851827 36.564447 37.909674 38.021891 39.354143 42.502012
14.160000 34.991795 36.662277 37.991896 38.126278 39.431903 42.551472
14.170000 35.004920 36.676660 38.005597 38.146170 39.450201 42.568114
14.210000 35.070702 36.816282 38.107182 38.247682 39.531461 42.656887
14.220000 35.095688 36.840076 38.122749 38.268209 39.555837 42.677911
14.310000 35.253078 37.106639 38.436588 38.538543 39.968918 42.777134
14.360000 35.377521 37.212703 38.554882 38.657919 40.072666 42.836873
14.410000 35.517548 37.295447 38.679892 38.772593 40.204041 42.899749
14.460000 35.608108 37.397271 38.758493 38.876670 40.305784 42.953244
14.470000 35.643617 37.414248 38.770161 38.896141 40.316644 42.962870
14.520000 35.747999 37.616825 38.884152 39.019706 40.451812 43.142511
14.560000 35.823061 37.710151 38.981318 39.108531 40.534955 43.186284
14.570000 35.838059 37.730148 38.999512 39.128005 40.589237 43.208115
14.610000 35.887763 37.880589 39.106066 39.224290 40.697462 43.263554
14.620000 35.900144 37.905961 39.126696 39.244230 40.716782 43.285384
14.660000 35.980181 37.998552 39.210140 39.335079 40.819820 43.419487
14.670000 35.992473 38.015018 39.235265 39.355529 40.842988 43.431773
14.710000 36.124765 38.056638 39.314043 39.446700 40.937560 43.578674
14.720000 36.145124 38.082908 39.326887 39.467440 40.961930 43.597535
14.760000 36.213284 38.201540 39.400196 39.562701 41.029994 43.690516
14.770000 36.223832 38.214283 39.416376 39.582071 41.040625 43.707813
14.810000 36.299338 38.270362 39.504494 39.676138 41.133307 43.805838
14.820000 36.313423 38.299240 39.520974 39.696158 41.157349 43.820837
14.920000 36.554907 38.606144 39.731464 39.950403 41.379033 44.239010
14.970000 36.653240 38.698534 39.830522 40.060609 41.507561 44.317592
15.020000 36.775444 38.802487 39.921002 40.172830 41.628136 44.457011
15.070000 36.881654 38.912879 40.020984 40.279823 41.775747 44.547561
15.120000 37.043618 39.060825 40.133657 40.406054 41.892346 44.691003
15.170000 37.095604 39.167154 40.265170 40.516906 42.004067 44.815874
15.270000 37.367188 39.425924 40.496051 40.794217 42.342935 45.092489
15.320000 37.434227 39.520429 40.620684 40.906625 42.481479 45.158959
15.370000 37.643295 39.597041 40.724880 41.018862 42.623151 45.235648
15.420000 37.794031 39.695805 40.842828 41.131310 42.728040 45.310475
15.470000 37.875559 39.793765 40.963286 41.244430 42.844155 45.452101
15.520000 38.036420 39.900562 41.073438 41.364637 42.987328 45.566741
15.570000 38.171386 40.020916 41.172586 41.478197 43.091831 45.685348
15.645000 38.447091 40.202074 41.343535 41.672900 43.339421 45.877414
15.720000 38.571337 40.388758 41.503323 41.869568 43.830896 46.090176
15.770000 38.652884 40.492089 41.604950 41.976072 43.980596 46.261430
15.820000 38.759678 40.583137 41.695879 42.086378 44.071867 46.324475
15.870000 38.853674 40.682351 41.795321 42.198595 44.183335 46.484623
15.920000 38.990761 40.782383 41.895997 42.302483 44.336836 46.606525
15.995000 39.142351 40.971351 42.072773 42.480432 44.617374 46.776503
16.070000 39.337526 41.139806 42.243713 42.663349 44.821403 46.958529
16.145000 39.440399 41.301463 42.418540 42.846077 45.207954 47.237684
16.220000 39.552236 41.468341 42.603797 43.023770 45.442831 47.505066
16.270000 39.646583 41.570526 42.704597 43.131939 45.556121 47.625228
16.320000 39.722524 41.668238 42.831488 43.245486 45.683255 47.771316
16.370000 39.846135 41.744759 42.932824 43.363084 45.873990 47.994793
16.420000 39.932740 41.842490 43.023805 43.474859 46.000366 48.271126
16.470000 40.069369 41.933448 43.139915 43.593324 46.158246 48.417571
16.520000 40.150424 42.030147 43.234979 43.709169 46.273560 48.573785
16.570000 40.310942 42.140645 43.321754 43.820788 46.369488 48.693073
16.620000 40.382765 42.233244 43.433988 43.930431 46.516233 48.842176
16.670000 40.472248 42.338944 43.542053 44.038163 46.648412 49.001066
16.720000 40.563767 42.419714 43.654180 44.146931 46.730761 49.175577
16.820000 41.011748 42.576070 43.860726 44.399627 47.031762 49.429026
16.870000 41.134362 42.669724 43.980299 44.513245 47.116862 49.547662
16.920000 41.272143 42.750156 44.084028 44.622100 47.202955 49.758599
16.970000 41.408986 42.851260 44.169905 44.739753 47.308010 49.958083
17.020000 41.535547 42.935277 44.254945 44.856161 47.429219 50.160434
17.070000 41.662389 43.027404 44.350557 44.973243 47.567596 50.287354
17.120000 41.827556 43.112890 44.431024 45.086922 47.649075 50.417767
17.170000 41.981730 43.202132 44.504469 45.198670 47.772283 50.598364
17.220000 42.126322 43.294333 44.589569 45.311224 47.888475 50.731565
17.270000 42.266073 43.397873 44.676178 45.417049 48.050329 50.857026
17.320000 42.312502 43.486499 44.761767 45.532398 48.169031 50.987978
17.370000 42.386203 43.572051 44.847173 45.644455 48.265075 51.149752
17.420000 42.491098 43.685200 44.927462 45.752518 48.384737 51.286451
17.470000 42.698063 43.770542 45.005644 45.857413 48.488110 51.454215
17.570000 42.935362 44.023870 45.154853 46.129579 48.852702 51.720760
17.620000 43.071065 44.119285 45.228459 46.236591 49.016325 51.821116
17.670000 43.250210 44.217109 45.310207 46.351648 49.253088 51.882553
17.720000 43.323867 44.304286 45.382579 46.458374 49.384940 51.966781
17.770000 43.397165 44.423665 45.464043 46.559283 49.517076 52.087378
17.870000 43.607872 44.663934 45.620463 46.807333 49.824892 52.276447
17.920000 43.701521 44.776458 45.692184 46.905216 49.937203 52.352484
17.970000 43.781512 44.869912 45.785077 47.006311 50.055323 52.420249
18.020000 43.875327 44.951525 45.862127 47.107663 50.186463 52.516597
18.070000 44.002951 45.036182 45.948091 47.206352 50.295509 52.597562
18.145000 44.248860 45.195334 46.095661 47.396459 50.566552 52.781889
18.220000 44.352456 45.396588 46.218516 47.583374 50.814943 52.976239
18.270000 44.426747 45.478446 46.327496 47.690806 50.976931 53.129399
18.320000 44.532789 45.574538 46.426621 47.797522 51.108592 53.216606
18.420000 44.708060 45.773560 46.622743 48.021276 51.390849 53.427881
18.470000 44.826191 45.894271 46.723845 48.119874 51.489272 53.596965
18.520000 44.895913 45.989914 46.819321 48.225371 51.554393 53.705726
18.570000 44.971235 46.078003 46.919363 48.326892 51.642645 53.922729
18.670000 45.150022 46.256010 47.120292 48.565051 51.892560 54.092876
18.720000 45.231621 46.361693 47.214378 48.666682 52.007181 54.242880
18.795000 45.324636 46.486581 47.404492 48.832872 52.158546 54.436360
18.870000 45.482445 46.594764 47.655986 49.011059 52.327416 54.627080
18.920000 45.561424 46.670167 47.772002 49.114661 52.429167 54.711247
19.020000 45.766180 46.832241 48.061076 49.371318 52.658739 55.036571
19.120000 46.024555 46.974613 48.321081 49.604960 52.896100 55.251497
19.170000 46.108153 47.049965 48.441038 49.702618 53.007737 55.383998
19.220000 46.277884 47.138042 48.530314 49.805313 53.137901 55.506344
19.320000 46.458985 47.285481 48.714917 50.025445 53.370719 55.743388
19.420000 46.632273 47.425063 49.037292 50.258471 53.625807 55.946515
19.520000 46.883143 47.613367 49.396018 50.494316 53.883632 56.174624
19.620000 47.047118 47.801747 49.788015 50.732048 54.078564 56.347922
19.695000 47.208192 47.938272 50.057106 50.909588 54.241435 56.501216
19.770000 47.325091 48.067098 50.258436 51.081064 54.444456 56.694745
19.820000 47.438351 48.194779 50.396483 51.188664 54.534046 56.799956
19.870000 47.564323 48.266526 50.555592 51.298053 54.650917 56.905290
19.920000 47.666819 48.377481 50.702160 51.411451 54.759169 57.002141
19.970000 47.748013 48.483312 50.851150 51.524708 54.860772 57.143572
20.020000 47.828859 48.597287 50.981742 51.641487 55.011452 57.297723
20.070000 47.952600 48.688004 51.082074 51.757517 55.153334 57.372283
20.120000 48.031968 48.803139 51.191555 51.877084 55.261460 57.441169
20.170000 48.121905 48.911593 51.354644 52.005407 55.378573 57.556576
20.220000 48.234812 49.041005 51.487887 52.127595 55.513199 57.630357
20.270000 48.374328 49.166464 51.597841 52.248593 55.637383 57.707483
20.370000 48.596598 49.396485 51.900088 52.503408 55.874727 57.857926
20.470000 48.830922 49.617815 52.135098 52.747840 56.155617 58.014902
20.520000 48.923104 49.712763 52.267411 52.860928 56.260926 58.094444
20.645000 49.143306 50.046098 52.855687 53.215596 56.551315 58.310752
20.770000 49.416400 50.337438 53.219725 53.596549 56.853423 58.983376
20.845000 49.512867 50.482827 53.478709 53.771806 57.034231 59.125350
20.920000 49.688962 50.624777 53.693307 53.942763 57.226054 59.289943
20.970000 49.838137 50.709724 53.834245 54.055614 57.351876 59.440604
21.020000 49.961646 50.810579 54.062397 54.176641 57.499136 59.544246
21.070000 50.095683 50.909378 54.261142 54.298184 57.613924 59.702030
21.120000 50.213775 51.013905 54.365678 54.416913 57.707871 59.826767
21.170000 50.312241 51.121306 54.454278 54.536785 57.801402 59.906691
21.220000 50.400136 51.263500 54.567091 54.653270 57.916407 60.052685
21.270000 50.546378 51.393347 54.692349 54.786641 58.020491 60.161158
21.320000 50.665264 51.554922 54.832116 54.919634 58.146543 60.259381
21.370000 50.812912 51.771439 54.955160 55.062298 58.282933 60.335588
21.420000 50.911673 51.904754 55.120550 55.198134 58.408503 60.475640
21.470000 51.007084 52.041725 55.242961 55.335277 58.546701 60.586591
21.520000 51.156567 52.173913 55.339499 55.465279 58.679217 60.687446
21.570000 51.219025 52.335473 55.421337 55.598591 58.823532 60.781653
21.620000 51.300044 52.507777 55.490773 55.720414 58.945155 60.865495
21.670000 51.485716 52.721992 55.586272 55.870907 59.108403 61.003442
21.720000 51.579323 52.856673 55.659935 56.007960 59.257390 61.110096
21.770000 51.674050 52.993846 55.757952 56.130510 59.366997 61.179615
21.820000 51.748217 53.104614 55.843136 56.249283 59.463026 61.295286
21.870000 51.832877 53.221969 55.932653 56.361997 59.566138 61.360083
21.920000 51.908554 53.350064 56.030299 56.486251 59.650923 61.480298
21.970000 51.978066 53.465430 56.130898 56.616820 59.753332 61.636502
22.020000 52.026413 53.589872 56.236467 56.763374 59.883726 61.901983
22.070000 52.120335 53.736222 56.324604 56.902563 60.012870 62.132673
22.120000 52.184591 53.888095 56.443641 57.035988 60.191111 62.243476
22.170000 52.300195 54.039867 56.535161 57.173422 60.343646 62.386018
22.220000 52.384694 54.226424 56.637847 57.316721 60.478955 62.518873
22.270000 52.491238 54.359759 56.756853 57.454161 60.643431 62.617914
22.320000 52.707064 54.517473 56.869674 57.588336 60.786778 62.768291
22.370000 52.827005 54.712816 56.977741 57.723087 60.888295 62.865172
22.420000 52.963081 54.808169 57.080032 57.839935 60.992760 62.903276
22.520000 53.390999 55.205505 57.285524 58.114057 61.202335 63.125787
22.570000 53.493999 55.369844 57.421314 58.236314 61.305617 63.260608
22.620000 53.580501 55.530308 57.572343 58.359125 61.397185 63.380788
22.670000 53.776226 55.731171 57.672274 58.477002 61.500121 63.543031
22.720000 53.832305 55.869442 57.798816 58.592046 61.595455 63.711948
22.770000 54.018585 56.022051 57.942350 58.713252 61.689746 63.880309
22.820000 54.133369 56.137110 58.124880 58.837457 61.780836 64.015328
22.870000 54.221213 56.317468 58.281658 58.958384 61.882605 64.168277
22.920000 54.318082 56.459485 58.436985 59.078856 61.960397 64.227503
22.970000 54.473875 56.596972 58.606246 59.201259 62.060697 64.354604
23.020000 54.589268 56.815737 58.754161 59.320025 62.144490 64.466480
23.070000 54.657645 56.975155 59.025469 59.450897 62.266853 64.561013
23.120000 54.706883 57.084139 59.216087 59.567854 62.359743 64.709019
23.170000 54.777559 57.236869 59.384251 59.691912 62.435445 64.792511
23.270000 55.086417 57.544889 59.777763 59.970348 62.638554 64.933971
23.320000 55.171610 57.645693 59.907549 60.085923 62.716494 65.071187
23.370000 55.260460 57.805568 60.002429 60.202784 62.810796 65.169368
23.470000 55.470740 58.184284 60.235302 60.475475 62.990130 65.364997
23.570000 55.671555 58.435074 60.621026 60.753706 63.235155 65.596824
23.620000 55.778108 58.562865 60.711670 60.870657 63.344899 65.676789
23.670000 55.900854 58.712723 60.831152 60.993236 63.458022 65.776600
23.745000 56.255554 58.945793 61.047613 61.187822 63.618364 65.914152
23.820000 56.355510 59.138021 61.210914 61.379117 63.827636 66.016972
23.870000 56.457078 59.281620 61.340796 61.499525 63.947595 66.136805
23.990000 56.789298 59.734411 61.865264 61.877726 64.283591 66.293812
24.110000 57.004738 60.067866 62.251284 62.234749 64.610350 66.573468
24.230000 57.293933 60.478052 62.625284 62.615762 64.900080 66.827849
24.270000 57.352769 60.582054 62.719733 62.712143 64.975554 66.899519
24.370000 57.645227 60.858236 63.065746 63.003852 65.225227 67.095826
24.470000 57.833384 61.222717 63.307811 63.271987 65.478667 67.246660
24.570000 58.476620 61.540484 63.580139 63.546709 65.723114 67.448050
24.670000 59.144302 61.827742 63.863138 63.817118 65.998965 67.796018
24.770000 59.616491 62.036053 64.084871 64.066678 66.350615 68.076016
24.820000 59.763325 62.142396 64.211535 64.187069 66.473637 68.185874
24.895000 59.903201 62.335338 64.405716 64.371977 66.666732 68.367133
24.970000 60.073775 62.536274 64.621890 64.562652 66.886325 68.532794
25.020000 60.194062 62.679565 64.740829 64.686167 66.993493 68.589282
25.136667 60.529228 62.967098 65.094853 65.051619 67.367573 69.022300
25.253333 61.069166 63.305075 65.449244 65.388813 67.668117 69.339337
25.370000 61.407958 63.594908 65.745088 65.737693 68.047841 69.781825
25.445000 61.534488 63.795488 65.970932 65.955475 68.278792 70.034227
25.520000 61.676654 63.923147 66.182268 66.164743 68.513100 70.336409
25.570000 61.789564 64.064883 66.358870 66.294714 68.614684 70.439233
25.708889 62.041409 64.444323 66.811543 66.869363 69.314396 72.276659
25.847778 62.487734 64.820628 67.295787 67.447996 69.881855 73.954496
25.986667 62.800550 65.216735 67.854954 68.097863 70.595042 76.169406
26.125556 63.042828 65.598230 68.266905 68.647645 71.237897 77.745266
26.264444 63.426061 65.964862 68.702197 69.216248 71.876655 78.868721
26.403333 63.652387 66.343590 69.184632 69.780137 72.484549 80.314384
26.542222 63.959185 66.653603 69.603952 70.321649 73.267419 82.652406
26.681111 64.215216 66.975438 70.039088 70.816515 73.825144 83.386967
26.820000 64.697217 67.381921 70.562278 71.393032 74.686320 84.130045
26.962857 64.842643 67.820885 71.230762 72.287056 77.234262 84.990687
27.105714 65.184457 68.304423 71.950140 73.319973 79.097969 85.764864
27.248571 65.400616 68.895800 73.237895 74.644531 81.422652 86.847588
27.391429 66.311539 69.504368 74.522253 75.909405 84.296784 87.532730
27.534286 66.733608 69.985679 75.786179 77.055095 85.978426 88.289100
27.677143 66.986489 70.298258 76.731402 77.988533 86.864728 89.000601
27.820000 67.414110 70.928016 77.348508 78.841964 87.781281 89.672038
27.830000 67.451980 70.958956 77.384600 78.872279 87.808139 89.711479
27.880000 67.619318 71.167954 77.539538 79.062924 87.978780 89.858394
27.920000 67.710070 71.270215 77.644845 79.199422 88.128953 89.985991
27.980000 67.933101 71.745630 78.035440 79.503665 88.361290 90.328820
28.030000 68.109397 71.935357 78.339790 79.726769 88.537400 90.485135
28.070000 68.261270 72.081246 78.442315 79.875741 88.650007 90.706960
28.120000 68.442476 72.313110 78.654249 80.074410 88.867238 90.820491
28.130000 68.506669 72.331292 78.674023 80.108498 88.912724 90.876649
28.170000 69.706281 73.137253 79.024110 80.550320 89.000356 91.007267
28.180000 69.739419 73.173665 79.052836 80.585143 89.033976 91.025883
28.220000 70.807876 74.015688 79.511105 81.057029 89.135189 91.125162
28.230000 70.843641 74.043666 79.536636 81.091310 89.153158 91.168595
28.270000 71.524042 74.755528 79.837339 81.509517 89.236793 91.317618
28.280000 71.552024 74.785974 79.874386 81.540742 89.254032 91.356594
28.320000 71.666322 74.951665 79.973121 81.677230 89.379052 91.462017
28.370000 71.869912 75.177392 80.154433 81.857284 89.502647 91.586801
28.497500 72.987174 76.783797 84.398145 83.551941 89.893782 91.938101
28.625000 74.438464 78.448844 87.525836 85.332242 90.362664 92.270615
28.752500 76.682889 79.734096 88.802905 86.709103 90.937820 92.712061
28.880000 77.686051 81.321142 89.504607 87.668486 91.512233 93.135477
28.980000 78.252994 81.800956 89.899887 88.108531 91.920919 93.425779
29.030000 78.434007 82.047451 90.094780 88.294455 92.157501 93.665966
29.080000 78.563062 82.287353 90.292152 88.486992 92.320523 93.790613
29.130000 78.753925 82.458845 90.477381 88.678003 92.534001 94.009924
29.180000 78.875215 82.572473 90.628142 88.866762 92.708715 94.178834
29.230000 79.029139 83.123856 90.816300 89.071964 92.864840 94.383754
29.280000 79.294750 83.388935 90.964145 89.267122 93.022539 94.549820
29.330000 79.459677 83.846256 91.142518 89.485543 93.235484 94.735036
29.380000 79.672937 84.014339 91.328515 89.678857 93.367780 94.913677
29.430000 79.886951 84.330992 91.472309 89.847941 93.504223 95.080131
29.530000 80.425820 85.968338 91.743837 90.292329 93.804994 95.383816
29.605000 80.821602 86.538660 92.026156 90.589711 94.032244 95.674372
29.680000 81.082903 86.900740 92.259202 90.879129 94.245978 95.974849
29.730000 81.229101 87.059883 92.406633 91.058758 94.414597 96.211841
29.780000 81.404487 87.395087 92.577970 91.249570 94.588228 96.481437
29.830000 81.547593 87.573162 92.771161 91.420934 94.735892 96.619500
29.880000 81.741580 87.803099 92.924753 91.606356 94.917064 96.751189
29.930000 81.844736 87.956134 93.064242 91.777690 95.086690 96.861691
29.980000 82.008536 88.174831 93.224288 91.983043 95.265097 97.022200
30.030000 82.183353 88.437540 93.405533 92.185358 95.495136 97.151563
30.080000 82.307188 88.633777 93.564076 92.371181 95.690282 97.303781
30.130000 82.499845 88.966808 93.786062 92.574506 95.876267 97.466124
30.180000 82.734396 89.285129 94.046305 92.768483 96.055748 97.663276
30.230000 83.054821 89.593178 94.187397 92.957291 96.301111 97.905894
30.280000 83.216662 89.928513 94.397565 93.176217 96.509785 98.130591
30.330000 83.382503 90.115345 94.568808 93.369903 96.679614 98.279709
30.380000 83.636579 90.274249 94.725642 93.569515 96.961140 98.514965
30.430000 83.784317 90.452345 94.917694 93.758394 97.132624 98.645730
30.480000 83.970082 90.709276 95.102894 93.944554 97.293248 98.869377
30.530000 84.190436 90.937636 95.373960 94.144067 97.472638 98.999161
30.580000 84.393494 91.235444 95.572252 94.356147 97.649538 99.214540
30.630000 84.538039 91.362780 95.762821 94.540541 97.841435 99.409546
30.680000 84.898699 91.528629 95.980509 94.734567 98.064646 99.794827
30.730000 85.066415 91.726057 96.143841 94.916685 98.243501 99.972708
30.780000 85.290126 91.881194 96.312694 95.101561 98.412970 100.293491
30.880000 86.646875 92.283063 96.626370 95.587142 98.785071 100.738895
30.930000 86.871441 92.480629 96.787116 95.766095 98.928101 100.902833
31.030000 87.250810 92.855113 97.157083 96.160517 99.318518 101.380623
31.155000 87.747239 93.524382 97.759327 96.725722 99.808765 101.913811
31.280000 88.323088 94.103065 98.320825 97.285225 100.307125 102.404945
31.405000 89.164211 94.880008 98.898092 97.979705 100.817057 102.817152
31.530000 89.748564 95.748886 99.393708 98.608331 101.335670 103.312555
31.580000 89.949307 95.928117 99.570458 98.803264 101.521289 103.628194
31.630000 90.158066 96.135214 99.755856 99.007771 101.729936 103.787993
31.680000 90.615721 96.360832 99.930691 99.232987 101.933999 104.057077
31.730000 90.849721 96.617249 100.139393 99.468939 102.154717 104.275359
31.780000 91.238701 96.836233 100.387005 99.683532 102.419029 104.386413
31.830000 91.457705 97.047205 100.605410 99.884735 102.650012 104.514957
31.880000 91.646479 97.227355 100.818302 100.087999 102.831812 104.620058
31.930000 91.895282 97.565199 101.022413 100.307640 102.986090 104.719775
31.980000 92.028663 97.882959 101.197372 100.537704 103.191175 104.948329
32.030000 92.099590 98.202402 101.384439 100.752015 103.453779 105.081053
32.080000 92.287006 98.469490 101.606205 100.957428 103.609602 105.284380
32.130000 92.466165 98.662253 101.784158 101.150516 103.828817 105.442250
32.180000 92.648707 98.867456 102.031147 101.353537 103.950368 105.592764
32.280000 93.209744 99.380840 102.480307 101.851431 104.252775 105.952938
32.330000 93.329865 99.571575 102.695201 102.040101 104.388674 106.113858
32.380000 93.490559 99.925245 102.890786 102.247532 104.560006 106.201703
32.430000 93.701950 100.159894 103.121470 102.453091 104.704430 106.326679
32.480000 93.938212 100.412715 103.351772 102.660463 104.863365 106.463388
32.530000 94.175091 100.624910 103.575847 102.885874 105.002699 106.558649
32.580000 94.384668 100.966979 103.784263 103.098090 105.144764 106.852596
32.630000 94.552848 101.188825 104.003697 103.318674 105.330075 107.034681
32.680000 94.682547 101.435653 104.203420 103.541549 105.469213 107.197636
32.730000 94.937343 101.625887 104.371999 103.767173 105.628222 107.391383
32.780000 95.155547 101.891999 104.558322 103.979424 105.757823 107.505957
32.830000 95.343064 102.175041 104.726429 104.183631 105.929532 107.679393
32.880000 95.618282 102.427267 104.905161 104.380882 106.094343 107.832227
32.930000 95.817385 102.724241 105.069406 104.571603 106.254634 107.988102
32.980000 96.008305 102.995270 105.204615 104.743087 106.475510 108.097448
33.030000 96.185482 103.446817 105.364532 104.914850 106.698782 108.238075
33.080000 96.379871 103.755884 105.546901 105.089893 106.833968 108.402092
33.130000 96.626638 104.034991 105.722472 105.288921 107.079139 108.526157
33.180000 96.927460 104.249926 105.904389 105.469523 107.309505 108.680105
33.230000 97.407631 104.504497 106.083722 105.657643 107.523761 108.803503
33.280000 97.669459 104.668155 106.270652 105.850666 107.682893 108.996311
33.330000 98.514793 104.828307 106.436450 106.025302 107.826896 109.241669
33.380000 99.286772 104.985915 106.604841 106.210390 107.953775 109.449015
33.430000 100.135836 105.127367 106.771255 106.396026 108.119507 109.565209
33.480000 100.257803 105.294508 106.961255 106.569640 108.282449 109.698483
33.530000 100.987234 105.458787 107.125849 106.757899 108.427353 109.811506
33.580000 101.191742 105.607308 107.271636 106.935979 108.597826 109.987554
33.630000 101.489190 105.771013 107.428477 107.110866 108.776918 110.106895
33.680000 101.658855 106.007588 107.590663 107.295926 108.931509 110.268359
33.730000 101.857025 106.245321 107.757242 107.478378 109.070304 110.399842
33.780000 102.307248 106.444530 107.928332 107.653981 109.202012 110.528541
33.830000 102.902720 106.609211 108.093419 107.832455 109.340925 110.666134
33.880000 103.740310 106.799366 108.263550 108.007080 109.478597 110.792111
33.930000 104.065936 106.966397 108.476382 108.179899 109.621900 110.922809
33.980000 104.393222 107.161720 108.639851 108.345190 109.763478 111.028473
34.030000 104.667399 107.371161 108.793065 108.507567 109.895356 111.152650
34.080000 104.944016 107.512454 108.929441 108.680568 110.032474 111.291149
34.130000 105.174973 107.690907 109.064622 108.840478 110.159228 111.473336
34.180000 105.373636 107.857110 109.193985 108.996260 110.298514 111.595681
34.230000 105.516217 108.007559 109.340717 109.153780 110.453160 111.777332
34.280000 105.647074 108.118402 109.467923 109.312844 110.583963 111.902359
34.330000 105.887044 108.275697 109.626290 109.466297 110.710675 112.021347
34.380000 106.154184 108.433771 109.767587 109.623330 110.852029 112.140171
34.430000 106.298718 108.625923 109.894673 109.773555 110.987585 112.289866
34.555000 107.143833 109.135327 110.231031 110.174676 111.306917 112.586129
34.680000 108.003181 109.647178 110.583356 110.573914 111.611843 112.918987
34.730000 108.197140 109.807371 110.742755 110.731726 111.741974 113.063763
34.780000 108.351475 110.007786 110.901835 110.893200 111.899628 113.190664
34.830000 108.621256 110.168542 111.058493 111.056030 112.055408 113.338875
34.880000 108.762970 110.337643 111.233432 111.220097 112.204729 113.572026
34.930000 108.871577 110.479224 111.402108 111.379591 112.345915 113.813982
34.980000 109.072126 110.636260 111.553323 111.544917 112.543108 114.015402
35.030000 109.234730 110.777336 111.706649 111.705106 112.667270 114.161363
35.080000 109.418086 110.950314 111.853328 111.869833 112.811992 114.330092
35.130000 109.661620 111.121404 112.006480 112.034730 112.969879 114.496910
35.180000 110.013940 111.283988 112.157475 112.200011 113.132275 114.712631
35.230000 110.129135 111.443480 112.316208 112.366123 113.361181 114.831760
35.280000 110.328727 111.610058 112.486256 112.539292 113.572825 115.050001
35.380000 110.747919 111.964458 112.783417 112.919282 114.068804 115.490156
35.430000 110.914859 112.129861 112.964583 113.106318 114.309402 115.670594
35.480000 111.051215 112.303532 113.149515 113.304227 114.548545 115.860833
35.530000 111.231396 112.493588 113.362565 113.506758 114.742716 116.052534
35.580000 111.408522 112.657536 113.588277 113.708995 114.977383 116.300822
35.630000 111.677893 112.849880 113.754882 113.910340 115.200235 116.488419
35.730000 112.168659 113.181667 114.309307 114.440171 115.842842 117.039866
35.780000 112.346889 113.342273 114.525393 114.695104 116.162353 117.314415
35.830000 112.521410 113.520216 114.765176 114.933586 116.403689 117.946081
35.880000 112.679468 113.715288 115.088733 115.207317 116.673852 118.445010
35.930000 112.870701 113.895221 115.376958 115.538126 117.014321 119.934680
35.980000 113.117258 114.107118 115.779319 116.023524 117.474483 123.054789
36.030000 113.329590 114.329234 116.057959 116.468140 117.950717 125.281629
36.080000 113.471189 114.525879 116.315594 116.884631 118.353124 129.793665
36.130000 113.619157 114.671113 116.591405 117.340748 118.774258 131.166364
36.180000 113.721853 114.870559 116.834648 117.741395 119.271119 131.790762
36.230000 113.941113 115.089059 117.305032 118.477189 121.568415 132.072172
36.280000 114.149220 115.366933 117.991899 119.761490 125.221485 132.225373
36.330000 114.408209 115.690653 118.719172 120.903077 128.000417 132.481846
36.380000 114.517533 115.870937 119.005959 121.711876 130.675344 133.201716
36.430000 114.695168 116.122045 119.209786 123.369013 133.271154 134.233731
36.480000 114.804043 116.355586 119.801211 124.077766 133.875780 134.761406
36.530000 115.240121 117.009439 123.389771 125.600053 134.699596 135.780963
36.580000 116.021156 119.840842 128.820360 128.460655 135.049424 136.543036
36.630000 119.190093 124.678424 134.585093 131.606218 135.533337 137.610562
36.680000 124.129835 134.254197 135.043553 134.468591 136.141525 139.898469
36.730000 134.452689 134.992721 135.493419 136.114959 137.091503 142.773937
36.780000 134.875476 135.261448 135.878582 136.645379 137.839256 143.487542
36.830000 135.115313 135.509160 136.156953 136.901617 138.061606 143.769994
