depth(m) lower_95(kyr) lower_68(kyr) median(kyr) mean(kyr) upper_68(kyr) upper_95(kyr)
17.160000 3499.420405 3500.426041 3501.427170 3501.385655 3502.334262 3503.309476
17.180000 3501.046531 3502.104414 3503.296531 3503.569916 3504.931644 3507.805964
17.200000 3502.359870 3503.676948 3505.138272 3505.728832 3507.996031 3511.867832
17.220000 3503.913980 3505.203785 3507.175093 3507.988269 3511.074422 3516.023040
17.240000 3505.051553 3506.801067 3509.377104 3510.277185 3514.115059 3519.328317
17.260000 3506.657087 3508.385974 3511.746735 3512.611849 3516.963466 3522.634435
17.280000 3508.274590 3510.155226 3514.321890 3514.971969 3520.011760 3525.195651
17.300000 3509.845707 3511.884809 3516.694963 3517.270396 3522.648930 3528.534727
17.320000 3511.289572 3513.766483 3519.230340 3519.666295 3525.251141 3531.944308
17.340000 3512.681463 3515.738881 3521.928736 3522.275509 3528.075812 3535.195151
17.360000 3514.353583 3517.911023 3524.590866 3524.869799 3531.092929 3538.383133
17.380000 3515.969951 3519.912859 3527.590706 3527.702514 3534.569965 3542.476214
17.400000 3517.578639 3521.748967 3530.526784 3530.510597 3537.952936 3545.918257
17.420000 3518.935228 3523.971734 3533.454939 3533.257327 3541.378894 3549.054905
17.440000 3520.578076 3526.053990 3536.073568 3535.927119 3544.988082 3552.664127
17.460000 3522.191804 3527.734033 3539.061605 3538.882955 3548.910472 3557.707718
17.480000 3523.914822 3530.125678 3541.822691 3541.567183 3552.602317 3561.695125
17.500000 3525.587927 3532.313599 3544.861269 3544.522979 3555.297409 3565.012497
17.520000 3527.382910 3534.818372 3547.684184 3547.264422 3558.630040 3567.772074
17.540000 3529.007028 3537.419245 3550.608972 3549.995772 3560.996465 3571.608151
17.560000 3530.952462 3540.047496 3553.262219 3552.564095 3563.726932 3574.811091
17.580000 3533.030692 3542.593746 3556.013111 3555.242258 3566.621770 3577.337444
17.600000 3535.476607 3545.008290 3558.307619 3557.811378 3569.398200 3580.243080
17.620000 3537.923034 3547.020173 3560.666191 3560.351157 3572.334113 3582.913152
17.640000 3540.380815 3549.693395 3563.157063 3562.916549 3575.064237 3585.438423
17.660000 3542.380688 3552.143313 3565.603193 3565.421277 3577.649250 3588.816124
17.680000 3544.097219 3554.297115 3568.488355 3567.973186 3580.914251 3591.618982
17.700000 3546.303975 3556.592602 3571.050967 3570.518432 3583.952177 3594.116120
17.720000 3547.966582 3558.904321 3573.753903 3573.061499 3586.918712 3597.094644
17.740000 3549.457499 3561.549394 3576.362845 3575.506248 3589.610117 3598.879716
17.760000 3551.362333 3564.220170 3578.708740 3578.059099 3592.611185 3602.513646
17.780000 3553.370626 3566.721755 3581.146000 3580.494896 3595.232906 3605.030785
17.800000 3555.995148 3568.680055 3583.537358 3582.933294 3597.390466 3607.543784
17.820000 3557.863642 3570.694463 3586.305024 3585.258282 3599.583451 3609.814136
17.840000 3559.265849 3572.890671 3589.185037 3587.669370 3601.741942 3612.895477
17.860000 3561.044556 3575.166127 3591.607897 3590.136147 3603.830964 3614.674491
17.880000 3564.036281 3577.103942 3593.769632 3592.502083 3606.232004 3616.753496
17.900000 3566.304825 3579.443719 3596.192236 3594.953348 3608.261600 3618.973036
17.920000 3568.898948 3581.988600 3598.924135 3597.456214 3610.316910 3620.873107
17.940000 3572.462252 3585.269056 3601.585005 3600.041890 3612.548305 3623.402541
17.960000 3575.702664 3587.763510 3603.958895 3602.520906 3615.100787 3626.475411
17.980000 3578.643147 3590.129534 3606.864520 3605.129404 3617.031554 3629.498060
18.000000 3582.714663 3592.940387 3609.603275 3607.755018 3618.831140 3632.607864
18.020000 3585.166338 3595.552687 3612.130967 3610.295475 3621.233321 3635.369682
18.040000 3587.284484 3598.257897 3614.491025 3612.784801 3624.257237 3637.527135
18.060000 3589.183218 3601.370117 3616.844999 3615.320450 3626.099846 3641.100562
18.080000 3592.186915 3603.848170 3619.112411 3617.833589 3628.481442 3643.045701
18.100000 3594.597513 3606.701454 3621.478455 3620.320591 3630.555012 3645.541148
18.120000 3597.621473 3610.239441 3623.617891 3622.900125 3633.369014 3647.585282
18.140000 3600.039546 3613.742155 3625.894181 3625.446598 3635.781626 3650.640778
18.160000 3602.919281 3616.556220 3628.095542 3627.883493 3638.743842 3652.628435
18.180000 3605.776993 3618.939636 3630.243146 3630.345129 3641.304195 3656.035125
18.200000 3608.882809 3621.053204 3632.323988 3632.765956 3644.621876 3658.582779
18.220000 3612.114409 3623.992135 3634.245805 3635.181756 3647.654619 3660.412928
18.240000 3615.121234 3626.492356 3636.077704 3637.631454 3650.884831 3662.467634
18.260000 3618.460815 3629.024617 3637.751422 3639.989618 3654.208632 3664.644019
18.280000 3620.433542 3631.265743 3639.437607 3642.317182 3657.224419 3666.582448
18.300000 3622.916686 3633.304851 3640.885374 3644.749211 3660.857203 3668.856631
18.320000 3625.767716 3635.675746 3642.615483 3647.252019 3664.534602 3671.529401
18.340000 3627.900684 3637.798206 3644.175794 3649.645552 3667.729893 3673.637541
18.360000 3631.171906 3640.155031 3645.997910 3652.027813 3670.521784 3676.867219
18.380000 3634.201607 3642.371508 3647.869749 3654.325179 3673.511677 3679.441025
18.400000 3636.482152 3644.408973 3649.542718 3656.623149 3676.169976 3681.972721
18.420000 3639.412035 3646.617287 3651.345876 3659.046370 3679.285510 3685.761904
18.440000 3641.964419 3648.555555 3653.091954 3661.556707 3682.808810 3689.729001
18.460000 3644.606746 3650.677500 3655.057075 3663.902286 3685.501106 3692.937005
18.480000 3647.541159 3652.651855 3657.020281 3666.234772 3688.684371 3696.235711
18.500000 3650.095257 3654.801065 3659.072922 3668.704210 3691.945370 3699.276484
18.520000 3653.403814 3657.227259 3661.809936 3671.369797 3694.713406 3702.566768
18.540000 3656.370555 3659.901211 3665.181871 3674.368637 3697.726172 3705.499221
18.560000 3658.914194 3662.643882 3668.852955 3677.467983 3700.418754 3708.803691
18.580000 3661.846447 3665.832577 3672.393223 3680.479220 3702.997948 3712.224743
18.600000 3664.958966 3669.373853 3676.082226 3683.602723 3705.066373 3714.963674
18.620000 3668.060018 3673.327675 3680.131072 3686.992598 3707.200083 3717.681956
18.640000 3671.679861 3676.499481 3683.287668 3689.903219 3709.715094 3720.929594
18.660000 3674.161152 3679.292498 3686.192677 3692.415756 3711.984005 3723.129542
18.680000 3676.753946 3681.910597 3688.888219 3694.895452 3715.039141 3725.624047
18.700000 3679.376108 3684.140848 3691.413460 3697.285923 3717.538145 3727.943833
18.720000 3681.556120 3686.259634 3694.274290 3699.610075 3719.962324 3730.440255
18.740000 3683.412959 3688.287480 3697.394180 3701.974381 3722.284541 3733.929700
18.760000 3685.794153 3690.319020 3700.158692 3704.344419 3723.951961 3736.791432
18.780000 3688.428434 3692.507174 3702.907538 3706.670920 3725.379356 3738.607926
18.800000 3690.477313 3694.661189 3705.274540 3708.991012 3727.922193 3741.469295
18.820000 3692.279340 3696.972081 3708.328110 3711.455838 3730.975784 3744.574325
18.840000 3694.507515 3699.546443 3711.171562 3714.127530 3733.400232 3748.067751
18.860000 3696.931427 3702.596246 3713.676504 3716.828124 3736.092727 3751.576187
18.880000 3698.997585 3705.358712 3716.420885 3719.595788 3738.316118 3754.533953
18.900000 3700.657205 3708.391852 3718.796055 3722.270766 3741.579724 3756.444653
18.920000 3702.984664 3711.672583 3721.139564 3724.836660 3744.067630 3758.462442
18.940000 3704.940821 3714.696638 3723.474802 3727.256098 3748.055175 3760.581866
18.960000 3707.082868 3717.023804 3725.835652 3729.687165 3751.718889 3762.673684
18.980000 3709.596672 3719.507848 3728.086555 3732.032501 3754.567952 3764.170137
19.000000 3711.997335 3721.793391 3730.440604 3734.308773 3756.721259 3765.708316
19.020000 3713.716229 3724.355411 3732.658526 3736.742785 3759.612982 3767.619874
19.040000 3716.213932 3726.654336 3735.003401 3739.223900 3761.320479 3769.371244
19.060000 3718.574721 3729.431515 3737.740945 3741.872120 3763.130511 3770.872568
19.080000 3720.692776 3731.531264 3741.241114 3744.554493 3764.462417 3772.447204
19.100000 3722.921167 3733.627374 3744.515422 3747.135966 3766.803194 3774.355896
19.120000 3725.763684 3736.082595 3747.630695 3749.779157 3769.274746 3775.857184
19.140000 3728.446682 3738.148961 3750.702994 3752.354241 3771.369701 3777.340429
19.160000 3730.934117 3741.028743 3753.406271 3754.823666 3773.331134 3778.899386
19.180000 3734.512290 3744.260031 3755.821123 3757.223347 3774.962039 3780.137897
19.200000 3738.701624 3748.055742 3758.308073 3759.655736 3776.797161 3781.862844
19.220000 3741.049485 3751.614199 3760.969436 3762.172008 3778.917179 3783.537520
19.240000 3744.625276 3754.609272 3763.287761 3764.636262 3780.872327 3785.235290
19.260000 3749.860907 3757.383161 3765.730547 3767.028853 3782.471316 3786.612818
19.280000 3753.437393 3760.081686 3768.045453 3769.254348 3783.764909 3788.214068
19.300000 3756.832966 3762.629498 3770.484195 3771.472570 3785.474553 3789.897637
19.320000 3759.792749 3764.978833 3772.544453 3773.649482 3786.925662 3791.173618
19.340000 3762.287793 3767.293802 3774.623980 3775.732012 3788.545863 3792.855897
19.360000 3764.478840 3769.489749 3776.602998 3777.843044 3790.218782 3794.437481
19.380000 3766.247707 3771.638561 3778.594139 3779.903395 3791.964288 3796.028697
19.400000 3768.747158 3773.857465 3780.445307 3781.953498 3793.534412 3797.661277
19.420000 3770.511418 3776.005435 3782.647164 3783.972732 3795.124856 3799.129629
19.440000 3772.600067 3778.342053 3784.751596 3786.144521 3796.669876 3800.692267
19.460000 3775.069019 3780.391544 3787.062221 3788.250651 3798.215426 3802.365269
19.480000 3776.906301 3782.902666 3789.240916 3790.312935 3799.833503 3804.191695
19.500000 3778.533754 3784.925026 3791.327596 3792.336608 3801.605317 3805.698468
19.520000 3781.330583 3787.141536 3793.480005 3794.485647 3803.471511 3807.815996
19.540000 3783.109379 3789.451938 3796.064569 3796.615010 3805.330237 3809.470153
19.560000 3785.206494 3791.577419 3798.491596 3798.772938 3807.127497 3811.020005
19.580000 3787.395403 3794.052732 3800.648132 3800.897079 3808.620515 3813.153574
19.600000 3789.386451 3796.218589 3802.964918 3802.972388 3810.225020 3814.533895
19.620000 3791.060338 3798.466808 3805.110623 3805.065935 3811.987162 3816.674879
19.640000 3792.856884 3800.756245 3807.303974 3807.194885 3813.747006 3818.470544
19.660000 3794.686447 3803.211709 3809.669274 3809.398285 3815.556428 3820.714216
19.680000 3796.453903 3805.939102 3811.972752 3811.616701 3817.329226 3822.436039
19.700000 3798.414729 3808.499440 3814.374875 3813.873458 3819.363903 3823.999220
19.720000 3800.969181 3810.992513 3816.724988 3816.193363 3821.546142 3826.036996
19.740000 3803.352352 3813.839525 3819.065881 3818.570321 3823.664899 3828.051660
19.760000 3805.140570 3816.508307 3821.623058 3820.958094 3825.618474 3830.728319
19.780000 3808.629627 3819.009870 3823.826213 3823.270380 3827.827125 3832.792836
19.800000 3811.380847 3821.724979 3826.205355 3825.687446 3829.998333 3834.811231
19.820000 3814.051947 3824.098785 3828.403615 3828.035674 3832.223158 3837.250104
19.840000 3817.114742 3826.797924 3830.766872 3830.438563 3834.563527 3839.918907
19.860000 3819.261990 3829.035655 3832.817881 3832.590587 3836.736287 3841.970673
19.880000 3822.932291 3831.053201 3834.815862 3834.622123 3838.674140 3844.168649
19.900000 3825.272961 3832.912806 3836.481127 3836.517593 3840.755000 3845.668983
19.920000 3828.181928 3834.651209 3838.046787 3838.297219 3842.566581 3847.752216
19.940000 3831.178728 3836.598164 3839.893248 3840.192939 3844.262207 3850.200686
19.960000 3833.757421 3838.157647 3841.549545 3841.974836 3846.057719 3851.927467
19.980000 3835.544566 3839.698776 3843.303174 3843.747105 3848.044954 3854.087159
20.000000 3837.499517 3841.252238 3844.978970 3845.458528 3849.872775 3855.458333
20.020000 3839.383148 3843.042426 3846.720325 3847.252645 3851.669426 3857.316473
20.040000 3840.821127 3844.661409 3848.275352 3849.056219 3853.826279 3858.779346
20.060000 3842.548413 3846.179141 3850.215063 3850.836224 3855.676076 3861.106837
20.080000 3844.156190 3847.862257 3851.918621 3852.614901 3857.424676 3862.693886
20.100000 3845.991871 3849.675560 3853.765775 3854.476708 3859.252178 3865.225409
20.120000 3848.110905 3851.543599 3855.725099 3856.466714 3861.545485 3868.513691
20.140000 3849.522079 3853.299305 3857.853595 3858.533179 3863.827349 3871.977630
20.160000 3852.041743 3855.075639 3859.887268 3860.732159 3866.743108 3874.930061
20.180000 3853.646603 3857.259566 3861.703682 3862.853286 3869.018834 3878.856459
20.200000 3855.764797 3859.310756 3863.740271 3865.031847 3871.317958 3880.822560
20.220000 3857.557511 3861.313022 3865.607401 3867.186143 3874.191043 3883.433147
20.240000 3859.395845 3863.056477 3867.462422 3869.266641 3876.804160 3886.115661
20.260000 3861.254578 3864.793693 3869.297109 3871.393622 3879.747439 3889.364252
20.280000 3863.203692 3866.469735 3870.977250 3873.404703 3882.401968 3891.465609
20.300000 3865.033867 3868.344422 3872.662344 3875.378009 3884.748231 3894.682653
20.320000 3866.663275 3870.262165 3874.497450 3877.399374 3887.465746 3897.873720
20.340000 3868.660306 3872.004183 3876.214680 3879.361026 3889.989657 3900.077555
20.360000 3870.183160 3873.785963 3877.895815 3881.247385 3891.746554 3902.466466
20.380000 3871.917188 3875.483011 3879.619160 3883.051688 3893.647694 3904.236222
20.420000 3875.695037 3878.775165 3883.063315 3886.662551 3898.133830 3907.912427
20.440000 3877.514676 3880.449956 3884.961343 3888.545599 3899.709919 3909.827691
20.460000 3879.218247 3882.100619 3886.930644 3890.538504 3901.891468 3911.839428
20.480000 3880.948048 3884.228165 3889.147321 3892.616887 3904.353953 3914.234116
20.500000 3882.932281 3886.199379 3891.150521 3894.557387 3906.225151 3916.448836
20.520000 3884.739318 3888.004846 3893.168289 3896.585847 3908.480256 3918.286146
20.540000 3886.278310 3889.802570 3895.320147 3898.557757 3910.857122 3920.607049
20.560000 3888.331030 3891.564260 3897.621409 3900.541324 3912.498336 3922.519555
20.580000 3890.192176 3893.377440 3899.555374 3902.624334 3914.788467 3924.591430
20.600000 3892.109461 3895.256500 3901.649428 3904.713977 3916.887421 3926.801898
20.620000 3893.922633 3897.188642 3903.487386 3906.724446 3919.015209 3928.454336
20.640000 3895.361399 3899.122054 3905.493153 3908.756875 3922.121648 3930.296060
20.660000 3897.102526 3901.231336 3907.611422 3910.811292 3924.174301 3931.884514
20.680000 3899.011660 3903.205259 3909.411264 3912.781645 3926.742860 3933.490735
20.700000 3900.829950 3905.278599 3911.468537 3914.803251 3928.059461 3934.579066
20.720000 3902.698044 3907.219551 3913.578162 3916.794599 3930.372469 3936.044947
20.740000 3904.575917 3909.263481 3915.410737 3918.698348 3932.479769 3937.700577
20.760000 3906.352173 3911.521215 3917.127277 3920.624736 3934.504199 3938.992061
20.780000 3908.213990 3913.893033 3919.071882 3922.565615 3935.906739 3940.243477
20.800000 3909.846802 3916.061370 3920.791149 3924.476940 3937.703342 3941.636331
20.820000 3911.634147 3917.876645 3922.684616 3926.302484 3939.360481 3942.920471
20.840000 3913.903056 3919.700954 3924.461982 3928.137518 3940.910133 3944.211139
20.860000 3916.386306 3921.725920 3926.085556 3929.965606 3942.638949 3945.518217
20.880000 3919.024911 3923.560402 3927.780155 3931.782129 3944.229134 3947.028690
20.900000 3921.263674 3925.076870 3929.400459 3933.575521 3945.771613 3948.426656
20.920000 3923.594015 3926.821362 3931.251482 3935.388029 3947.319820 3950.030479
20.940000 3925.325525 3928.460811 3933.152105 3937.176853 3948.792344 3951.391294
20.960000 3927.243294 3930.150144 3934.981583 3938.963484 3950.378118 3953.039651
20.980000 3929.112316 3931.678586 3936.925567 3940.747661 3951.849085 3954.746436
21.000000 3931.076159 3933.204293 3938.739742 3942.508201 3953.468777 3956.617828
21.020000 3932.233728 3934.706350 3941.132560 3944.304652 3954.919458 3958.561441
21.040000 3934.081219 3936.337701 3943.760434 3946.064665 3956.587334 3960.449386
21.060000 3935.528918 3937.840151 3945.980923 3947.897214 3958.242954 3961.877719
21.080000 3937.001818 3939.405907 3948.426675 3949.678214 3959.756763 3963.758289
21.100000 3938.741873 3940.959989 3950.537065 3951.597908 3961.570101 3965.882902
21.120000 3940.311197 3942.708504 3953.128531 3953.547978 3963.441954 3968.698781
21.140000 3941.603290 3944.603546 3955.473181 3955.445062 3965.294097 3971.011446
21.160000 3943.237330 3946.400302 3957.557624 3957.398753 3967.427324 3973.042771
21.180000 3945.102198 3948.369528 3959.840781 3959.530717 3969.744990 3975.369950
21.200000 3946.442478 3951.028965 3962.053783 3961.690519 3971.995643 3977.640952
21.220000 3948.103219 3953.179085 3964.551277 3963.951311 3974.472988 3980.340513
21.240000 3949.865708 3955.297557 3967.554015 3966.347143 3977.093460 3983.680063
21.260000 3951.408837 3957.788106 3970.251531 3968.940311 3979.872964 3986.693475
21.280000 3953.044594 3959.886653 3972.754483 3971.600988 3982.561767 3989.785893
21.300000 3954.655823 3962.284809 3975.511066 3974.550133 3985.865859 3994.687978
21.320000 3956.714246 3964.357271 3978.626028 3977.422554 3989.419483 3998.761583
21.340000 3958.678784 3966.300907 3981.654172 3980.428737 3993.743378 4003.062120
21.360000 3960.935960 3968.186345 3985.159490 3983.380558 3997.643056 4006.381464
21.380000 3963.169749 3970.217633 3989.121672 3986.547677 4002.131230 4009.406827
21.400000 3964.633125 3972.079188 3993.126688 3989.763864 4005.995133 4012.772900
21.420000 3966.446592 3974.076759 3997.360180 3992.895387 4009.207468 4016.354626
21.440000 3969.165770 3976.308988 4001.706397 3995.878452 4012.565038 4019.843411
21.460000 3970.749149 3978.462207 4004.936662 3998.549809 4015.053618 4022.308308
21.480000 3973.350218 3980.694432 4008.004622 4001.355016 4018.337940 4025.619479
21.500000 3976.215025 3983.462978 4010.399389 4004.059775 4021.543667 4028.553318
21.520000 3978.261191 3986.080303 4012.787493 4006.916342 4024.421485 4031.636748
21.540000 3980.486111 3989.162338 4015.057959 4009.782517 4026.968990 4034.378028
21.560000 3983.058193 3991.922428 4016.745356 4012.731816 4029.976907 4037.582710
21.580000 3985.931519 3995.958884 4018.489777 4015.755249 4032.885496 4040.621029
21.600000 3988.710920 4000.900054 4020.673485 4019.116004 4037.123417 4044.123681
21.620000 3991.556256 4005.186512 4022.542007 4022.227734 4040.745671 4047.006390
21.640000 3995.313634 4008.706905 4024.499200 4025.330621 4044.082142 4050.296376
21.660000 3999.160476 4013.081967 4026.672828 4028.291255 4046.745206 4052.181547
21.680000 4001.624776 4016.138106 4028.957125 4030.968260 4048.934979 4055.204181
21.700000 4005.618884 4019.555173 4031.492721 4033.720176 4051.030101 4057.416090
21.720000 4008.304930 4022.570365 4034.937817 4036.438579 4053.044717 4059.290584
21.740000 4011.575131 4025.376914 4037.854401 4039.168529 4054.897517 4061.376950
21.760000 4013.787411 4028.658717 4041.137473 4041.984850 4056.740231 4063.114358
21.780000 4015.489669 4032.629067 4044.280442 4044.760068 4058.638146 4065.055708
21.800000 4017.764617 4036.138913 4047.065074 4047.404083 4060.691850 4066.713970
21.820000 4020.471419 4039.469292 4050.364659 4050.080573 4062.797677 4068.498411
21.840000 4023.151372 4043.434831 4052.963244 4052.679182 4064.292320 4070.857407
21.860000 4025.256165 4045.850425 4055.447948 4055.054109 4066.179150 4073.724950
21.880000 4027.126088 4048.412944 4058.256327 4057.458084 4068.041473 4076.722034
21.900000 4029.987920 4050.778874 4061.117992 4059.787307 4069.916823 4078.841952
21.920000 4032.084291 4052.715688 4063.650680 4062.035150 4071.843322 4080.560548
21.940000 4035.754929 4054.711815 4065.960639 4064.282532 4073.295397 4082.921608
21.960000 4040.320965 4056.939855 4068.492930 4066.597950 4075.106855 4084.984480
21.980000 4043.411338 4059.400647 4070.841690 4068.803240 4077.155920 4086.838348
22.000000 4047.056579 4061.406357 4073.319797 4071.095731 4079.120023 4088.577819
22.020000 4050.884378 4064.002982 4075.428203 4073.326209 4080.888460 4090.038189
22.040000 4054.131631 4065.984212 4077.371278 4075.453440 4082.706404 4091.492164
22.060000 4055.837773 4068.350110 4079.221433 4077.573814 4084.599623 4093.188339
22.080000 4058.828200 4070.843012 4081.213546 4079.626353 4086.537337 4094.782035
22.100000 4060.660451 4073.547285 4083.156320 4081.644814 4088.192371 4096.347125
22.120000 4063.258212 4076.303360 4084.884648 4083.654916 4090.038311 4097.717480
22.140000 4066.613336 4078.911571 4086.872705 4085.824805 4091.940071 4099.860023
22.160000 4069.099149 4081.760347 4088.770282 4087.989843 4094.229299 4101.572000
22.180000 4071.153171 4083.933718 4090.697682 4090.112212 4096.720260 4103.973237
22.200000 4074.462779 4086.608977 4092.427652 4092.188381 4098.205655 4106.387913
22.220000 4077.103706 4088.974353 4094.158408 4094.225064 4099.903459 4108.468391
22.240000 4079.376378 4091.170969 4096.092234 4096.135275 4101.633778 4110.355148
22.260000 4082.389348 4093.478142 4097.888195 4098.058414 4103.059153 4112.439497
22.280000 4085.784503 4095.462335 4099.689286 4100.045705 4104.963186 4114.724720
22.300000 4088.844128 4097.287085 4101.708012 4102.028812 4107.032284 4117.372495
22.320000 4092.142688 4099.112106 4103.280681 4103.888149 4108.703664 4119.067555
22.340000 4094.993072 4101.003276 4105.056402 4105.826983 4110.884356 4120.830479
22.360000 4098.213970 4102.910048 4106.815775 4107.719177 4112.405316 4122.441241
22.380000 4100.646096 4104.977480 4108.696134 4109.673582 4113.951135 4124.512030
22.400000 4103.116338 4106.874714 4110.632990 4111.668650 4115.887001 4126.201976
22.420000 4105.141166 4108.963372 4112.667371 4113.710625 4118.076635 4127.941833
22.440000 4106.921647 4111.106719 4115.000411 4115.887144 4120.446846 4129.562159
22.460000 4109.325841 4113.064229 4117.207172 4118.089545 4122.999715 4131.196222
22.480000 4111.095271 4115.323024 4119.370284 4120.249511 4125.085810 4133.149322
22.500000 4112.922734 4117.415541 4121.607145 4122.326141 4127.627616 4135.299277
22.520000 4115.087872 4119.620017 4123.572802 4124.473266 4130.253399 4137.350046
22.540000 4117.243780 4121.725473 4125.705523 4126.615612 4132.374233 4139.128064
22.560000 4118.848486 4123.888616 4127.845572 4128.728056 4134.639248 4140.667854
22.580000 4120.451956 4125.912908 4130.100900 4130.881459 4136.862315 4142.249661
22.600000 4122.733734 4128.030489 4132.703480 4133.139895 4139.133879 4143.824183
22.620000 4124.840696 4129.973932 4135.230493 4135.324655 4141.063865 4145.643483
22.640000 4126.902881 4132.103479 4137.558622 4137.539106 4143.076044 4146.817439
22.660000 4129.041720 4134.599174 4140.012176 4139.726453 4144.647511 4148.237854
22.680000 4132.059128 4137.156765 4142.072618 4141.835084 4146.521918 4149.871258
22.700000 4134.311159 4139.812360 4144.427562 4144.070055 4148.309091 4151.693423
22.740000 4139.853701 4144.259974 4148.328480 4148.031687 4151.526846 4154.481184
22.760000 4142.414737 4146.423063 4150.210371 4150.011833 4153.232904 4156.249308
22.780000 4144.441623 4148.485628 4151.937665 4151.774676 4154.818309 4157.941483
22.800000 4147.008584 4150.579883 4153.531292 4153.488206 4156.196415 4159.384614
22.820000 4148.523217 4152.340167 4155.023122 4155.118378 4157.844215 4161.041026
22.840000 4150.286784 4153.881236 4156.503124 4156.675970 4159.427798 4163.253716
22.860000 4152.537634 4155.483192 4158.016203 4158.211717 4160.847846 4164.623929
22.880000 4154.093561 4157.026413 4159.436947 4159.760545 4162.231708 4166.587739
22.900000 4155.756437 4158.508798 4160.832010 4161.285786 4163.797866 4168.877755
22.920000 4157.417341 4159.900178 4162.339586 4162.896867 4165.464794 4172.346489
22.940000 4159.018407 4161.442373 4163.903498 4164.530463 4167.087257 4175.161607
22.960000 4160.653274 4162.891822 4165.466140 4166.194598 4168.680407 4177.913651
22.980000 4162.355994 4164.441920 4167.083633 4167.839493 4170.469889 4180.706448
23.000000 4163.565371 4165.973942 4168.632650 4169.487269 4172.104209 4183.733713
23.020000 4165.093659 4167.456761 4170.231445 4171.200968 4173.688434 4186.321173
23.040000 4166.530019 4168.947195 4171.781226 4172.965726 4175.440484 4189.796578
23.060000 4168.175472 4170.715646 4173.318643 4174.754870 4177.402874 4192.906262
23.080000 4169.935055 4172.448175 4174.827414 4176.500137 4179.317912 4196.368879
23.100000 4171.156040 4174.045237 4176.523060 4178.306943 4181.111700 4198.881909
23.120000 4172.501631 4175.685305 4178.112949 4180.073591 4183.013899 4202.297385
23.140000 4174.363522 4177.171734 4179.653317 4181.952370 4185.143545 4205.580574
23.160000 4175.600277 4178.585568 4181.289373 4183.822453 4187.733372 4209.469528
23.180000 4177.484538 4179.977884 4182.934442 4185.646947 4190.202943 4213.159383
23.200000 4179.122850 4181.570081 4184.511461 4187.540244 4192.263824 4215.369673
23.220000 4180.424955 4183.064243 4186.125051 4189.478871 4194.791685 4220.619950
23.240000 4181.765681 4184.592112 4187.878301 4191.367092 4197.189419 4223.526806
23.260000 4183.127815 4186.052319 4189.826022 4193.303406 4199.290093 4226.743952
23.280000 4184.945870 4187.581605 4191.813780 4195.349046 4201.748831 4229.894563
23.300000 4186.603381 4189.061828 4194.015149 4197.432543 4204.087724 4232.006049
23.320000 4187.860601 4190.681980 4196.098405 4199.537199 4207.033485 4234.333691
23.340000 4189.293220 4192.376729 4198.359581 4201.680965 4209.955032 4236.595994
23.360000 4190.783131 4194.371101 4200.891455 4203.941515 4211.989517 4240.478380
23.380000 4192.630601 4196.084249 4203.179324 4206.161193 4214.502160 4242.717676
23.400000 4194.141510 4197.868292 4205.431043 4208.406088 4217.685424 4245.002395
23.420000 4196.096490 4199.900530 4207.564055 4210.710578 4220.403653 4247.089787
23.440000 4197.444032 4202.038329 4210.186930 4212.950257 4223.129585 4250.994370
23.460000 4199.222808 4204.511064 4212.459597 4215.276148 4225.638425 4253.233246
23.480000 4201.007812 4206.449246 4214.843986 4217.560943 4227.756331 4255.838366
23.500000 4202.626273 4208.773816 4217.081244 4219.877793 4229.819947 4259.142690
23.520000 4204.269101 4211.154644 4219.324453 4222.090822 4231.819001 4260.995036
23.540000 4206.180899 4213.238907 4221.376618 4224.365651 4233.754141 4264.720407
23.560000 4208.246111 4215.820563 4223.455757 4226.576319 4235.517472 4267.109617
23.580000 4210.292088 4218.404508 4225.582880 4228.800252 4237.253321 4269.762563
23.600000 4212.829800 4220.585036 4227.518146 4230.951207 4238.721369 4271.361609
23.620000 4214.830084 4222.856368 4229.607352 4233.133763 4240.444666 4273.011865
23.660000 4220.811864 4227.521098 4233.653113 4237.607188 4243.628029 4277.404230
23.680000 4224.153894 4229.871560 4235.751190 4239.881043 4245.133439 4279.047066
23.700000 4226.339933 4231.966361 4238.067002 4242.046347 4246.962375 4282.155438
23.720000 4229.794006 4234.441734 4240.389226 4244.361037 4248.653108 4284.723776
23.740000 4232.299219 4236.772344 4242.773403 4246.603219 4250.451578 4286.416096
23.760000 4234.704400 4239.235938 4245.193768 4248.790429 4252.054359 4288.102202
23.780000 4236.758058 4241.765961 4247.079956 4250.916415 4253.585915 4290.493591
23.800000 4239.217060 4243.637970 4249.092345 4252.959795 4255.625057 4292.625755
23.820000 4241.510636 4246.038590 4251.202581 4255.054148 4258.088467 4294.367602
23.840000 4243.342447 4248.082123 4253.207978 4257.084534 4260.419029 4296.073867
23.860000 4245.914157 4250.154999 4255.036950 4259.064980 4262.413019 4297.787215
23.880000 4247.694333 4252.400721 4257.142669 4261.188906 4265.179757 4299.699911
23.900000 4249.437216 4254.408144 4259.060700 4263.398420 4268.495905 4301.566103
23.920000 4251.586389 4256.665618 4261.074542 4265.508510 4271.390158 4303.223932
23.940000 4253.677442 4258.416383 4262.988040 4267.592996 4273.817074 4304.853645
23.960000 4255.430831 4260.186032 4264.975736 4269.643015 4276.736292 4306.752786
23.980000 4258.136819 4262.027698 4266.998694 4271.668359 4278.498526 4308.710632
24.000000 4259.742568 4263.657149 4268.889589 4273.622507 4281.087737 4310.811222
24.020000 4261.147292 4265.225444 4271.020505 4275.575160 4283.934866 4312.468373
24.040000 4262.770085 4266.847228 4273.040605 4277.570929 4286.010235 4314.561201
24.060000 4264.787812 4268.612981 4274.962462 4279.484000 4287.903701 4316.583239
24.080000 4266.526142 4270.456792 4276.893476 4281.588638 4289.770607 4318.866159
24.100000 4267.913623 4272.409344 4278.905447 4283.615182 4291.760168 4320.964927
24.120000 4269.277673 4274.258848 4280.781865 4285.636520 4296.329648 4323.000786
24.140000 4270.871211 4276.036614 4282.723849 4287.581616 4297.982445 4324.862779
24.160000 4272.322525 4277.951576 4284.798095 4289.663570 4299.712709 4326.692807
24.180000 4273.777953 4279.929681 4286.724737 4291.709410 4302.260339 4329.349376
24.200000 4275.621300 4281.842839 4288.843127 4293.773469 4304.370847 4331.679082
24.220000 4277.214129 4283.739251 4290.909490 4295.784897 4306.753014 4333.729275
24.240000 4278.951029 4285.714483 4292.826168 4297.863185 4308.583085 4336.397973
24.260000 4280.651733 4287.744076 4294.918711 4299.984068 4311.353402 4338.191371
24.270000 4281.592458 4288.900502 4295.815687 4301.017127 4313.248047 4339.229340
24.300000 4284.938256 4292.030155 4298.924587 4304.238433 4319.052356 4343.321801
24.320000 4286.992893 4293.976965 4300.817554 4306.378148 4323.683217 4345.957903
24.340000 4289.306492 4296.637459 4303.284308 4308.586199 4328.478226 4348.181691
24.360000 4291.879408 4298.585148 4305.611992 4310.809723 4330.575521 4349.990836
24.380000 4294.462386 4300.747980 4307.998801 4313.147792 4333.712350 4351.682105
24.400000 4296.544744 4303.065503 4310.429795 4315.419420 4337.190524 4354.181256
24.420000 4298.298684 4305.114979 4312.638090 4317.730393 4339.768402 4356.695704
24.440000 4300.796991 4307.125045 4315.165342 4319.988941 4341.752849 4360.092261
24.460000 4303.091946 4309.517241 4317.774062 4322.300465 4344.596488 4362.360329
24.480000 4305.454298 4311.920120 4320.127016 4324.639103 4346.637155 4364.637131
24.500000 4307.778355 4314.488876 4322.546235 4327.028261 4348.284490 4366.148144
24.520000 4309.751164 4317.132280 4324.685694 4329.336348 4350.413852 4368.016342
24.540000 4312.159520 4319.807967 4326.871639 4331.698179 4352.963963 4370.002873
24.560000 4313.956129 4322.419785 4328.851505 4333.889900 4354.949838 4371.534643
24.580000 4316.712898 4324.820143 4330.737587 4335.974215 4357.657544 4373.214539
24.600000 4318.137983 4327.236419 4332.652531 4338.106289 4360.297417 4374.846255
24.620000 4320.449952 4329.582389 4334.722447 4340.138633 4362.407058 4376.910089
24.640000 4322.473465 4331.609632 4336.813628 4342.111552 4364.519097 4379.291570
24.660000 4325.041084 4333.475002 4338.732823 4344.104121 4366.684079 4381.320794
24.680000 4327.491215 4335.056978 4340.693064 4346.138158 4369.157668 4384.423126
24.700000 4330.482644 4336.842819 4342.621444 4348.163903 4371.095319 4387.049178
24.720000 4332.223709 4338.604970 4344.523842 4350.213095 4372.887687 4389.862510
24.740000 4333.713982 4340.698086 4346.208616 4352.159665 4375.128247 4392.530851
24.760000 4335.971305 4342.642397 4347.956959 4354.158899 4377.716314 4394.400373
24.800000 4340.046683 4347.028983 4351.107037 4358.096100 4384.334351 4399.017040
24.820000 4342.819386 4348.885991 4352.709741 4360.045370 4386.650222 4401.472784
24.840000 4344.902474 4350.802564 4354.516841 4362.023526 4389.445554 4403.760876
24.860000 4346.983959 4352.813363 4356.209209 4363.994647 4391.914141 4405.874689
24.880000 4348.459896 4354.640739 4358.119999 4365.948044 4394.531306 4408.058738
24.900000 4350.878690 4356.474253 4359.855929 4367.921480 4397.158446 4410.581101
24.920000 4353.540526 4358.101019 4361.631121 4369.737171 4399.268755 4413.110943
24.940000 4355.670854 4359.693258 4363.512892 4371.616110 4400.934581 4415.050084
24.960000 4357.716460 4361.603268 4365.315057 4373.564634 4403.659187 4417.013585
24.980000 4359.278841 4363.465797 4367.304084 4375.574637 4406.254162 4419.301492
25.000000 4361.264498 4365.229351 4369.333243 4377.611463 4408.565965 4421.456217
25.020000 4363.051826 4367.115131 4371.288301 4379.713503 4411.322262 4423.023074
25.040000 4365.583549 4369.205852 4373.176790 4381.887437 4415.133681 4424.558637
25.060000 4367.645453 4371.385614 4375.412338 4384.219030 4417.746920 4426.508430
25.080000 4370.235024 4373.516417 4377.793516 4386.612478 4421.059729 4428.199198
25.100000 4372.256658 4375.812813 4380.062267 4388.879367 4423.996239 4430.145350
25.120000 4373.964377 4377.766644 4382.156647 4391.008133 4425.950501 4431.882121
25.140000 4375.761993 4379.567610 4384.636035 4393.135090 4427.730592 4433.615596
25.160000 4377.493833 4381.635709 4386.794607 4395.290613 4429.458832 4435.654198
25.180000 4378.862689 4383.530100 4388.802140 4397.374912 4431.773470 4437.934022
25.200000 4381.025275 4385.503908 4391.155324 4399.741059 4433.423427 4440.583490
25.220000 4382.608983 4387.802050 4393.528965 4402.039289 4435.527866 4442.881026
25.240000 4384.844992 4389.674218 4396.107250 4404.301173 4437.164938 4445.394838
25.260000 4387.223634 4391.796913 4398.690439 4406.632260 4438.906802 4447.353576
25.280000 4388.767899 4394.071610 4401.377013 4409.151011 4440.860313 4450.915828
25.300000 4390.201561 4396.500163 4404.078182 4411.709535 4442.467353 4453.070802
25.320000 4392.240206 4399.642036 4407.231958 4414.583357 4444.822088 4455.555549
25.360000 4396.984231 4405.066082 4414.020311 4420.541875 4448.802377 4459.914893
25.380000 4398.837819 4407.610820 4416.974114 4423.124378 4450.948987 4461.525693
25.400000 4401.054859 4410.016371 4419.878306 4425.712188 4452.612164 4463.646369
25.420000 4403.264459 4412.720483 4422.775951 4428.206905 4454.495352 4466.815161
25.440000 4405.052484 4415.846461 4425.219227 4430.657023 4456.705451 4468.934864
25.460000 4408.085698 4418.198706 4427.469193 4433.047981 4459.060370 4471.411585
25.480000 4411.087131 4420.426354 4429.773860 4435.236893 4461.125435 4474.105431
25.500000 4413.882935 4422.457833 4432.017486 4437.434605 4463.438242 4476.362282
25.520000 4417.263736 4424.212082 4433.969145 4439.629996 4465.768542 4478.343276
25.540000 4419.718504 4425.878498 4436.549925 4441.838177 4467.793184 4480.647736
25.560000 4421.901954 4427.562428 4439.051011 4444.071717 4469.917850 4485.781574
25.580000 4424.790606 4429.321610 4441.668038 4446.377795 4471.596628 4489.379252
25.600000 4426.527983 4430.840775 4444.457319 4448.546028 4473.671117 4491.767210
25.620000 4428.165534 4432.426289 4446.947339 4450.873337 4475.656127 4495.427344
25.640000 4429.986628 4433.950554 4449.488355 4453.188075 4477.528685 4498.525461
25.660000 4431.476405 4435.501491 4452.528139 4455.516431 4479.417919 4501.925495
25.680000 4433.860424 4437.079361 4455.649658 4457.955334 4480.992687 4505.192894
25.700000 4435.504169 4438.739248 4458.561837 4460.311549 4482.848368 4507.125511
25.720000 4437.163505 4440.400042 4461.422521 4462.734823 4484.857260 4510.253291
25.740000 4438.761307 4442.193745 4464.020929 4465.068475 4487.040882 4514.190235
25.760000 4440.437408 4443.911883 4466.746228 4467.459010 4489.511471 4515.983008
25.780000 4441.971007 4445.857217 4469.288322 4469.914807 4491.625885 4518.475943
25.800000 4443.894270 4448.172751 4471.962658 4472.366444 4493.868953 4521.300020
25.820000 4445.578308 4449.984180 4474.589242 4474.864373 4496.947712 4524.332741
25.840000 4447.493296 4452.483440 4477.161138 4477.414923 4499.525720 4526.364507
25.860000 4449.438405 4454.799973 4479.787239 4480.029842 4501.990849 4528.019358
25.880000 4451.360897 4457.092121 4481.926922 4482.543533 4505.052321 4531.521823
25.900000 4453.160678 4459.063896 4484.114051 4484.921196 4507.505916 4534.611091
25.920000 4454.821493 4462.045760 4486.417883 4487.398829 4510.444478 4536.503403
25.940000 4456.326743 4464.420128 4488.439231 4489.902709 4513.302632 4538.332908
25.960000 4458.681740 4467.093692 4490.580178 4492.386859 4516.260054 4539.878819
25.980000 4460.846256 4469.933612 4493.568647 4495.005098 4519.289989 4541.160665
26.000000 4462.872643 4472.873085 4495.648648 4497.531568 4522.201916 4542.497705
26.020000 4464.860473 4475.635758 4498.279145 4500.062938 4524.833629 4544.557796
26.040000 4466.975376 4477.751152 4500.906582 4502.668911 4527.702415 4546.677992
26.060000 4469.589622 4479.773518 4504.006853 4505.265379 4530.152497 4549.594877
26.080000 4471.575533 4481.675602 4507.273050 4507.955687 4532.015440 4552.238173
26.100000 4473.546073 4483.725018 4510.420571 4510.502216 4534.511492 4554.419403
26.120000 4475.463337 4486.030150 4513.447081 4513.061784 4537.600031 4556.492909
26.140000 4477.508073 4488.012715 4516.411190 4515.595166 4540.746928 4558.581086
26.160000 4479.988106 4490.457168 4519.011926 4518.209828 4543.023047 4561.885666
26.180000 4482.214569 4492.458710 4521.845647 4520.670487 4544.985054 4564.722505
26.200000 4484.636373 4494.733468 4524.954957 4523.318516 4546.743678 4567.774715
26.220000 4487.160500 4497.289501 4527.698392 4525.804097 4548.430078 4570.103022
26.240000 4488.953884 4500.159135 4530.392794 4528.262115 4550.821145 4572.245627
26.260000 4491.232631 4502.528026 4533.350917 4530.741682 4553.761128 4575.023168
26.280000 4493.527019 4504.711215 4535.770284 4533.243271 4555.834341 4577.158405
26.320000 4497.724112 4509.381515 4540.926978 4538.541153 4561.847419 4581.695348
26.340000 4499.721370 4511.696175 4543.747660 4540.989379 4564.935277 4584.887941
26.360000 4501.992768 4513.741935 4546.339996 4543.471838 4567.305981 4587.566316
26.380000 4504.018642 4516.195161 4548.363932 4545.929923 4570.188664 4589.670326
26.400000 4505.777921 4519.168853 4550.231989 4548.423618 4572.392213 4592.016495
26.420000 4507.606541 4521.532834 4552.902053 4550.887712 4574.695414 4594.763212
26.440000 4509.970941 4523.433017 4554.960309 4553.355724 4578.102051 4597.152636
26.460000 4512.696379 4525.129588 4557.147308 4555.758196 4581.821740 4599.046207
26.480000 4515.469787 4527.165362 4559.462016 4558.202361 4584.535078 4600.924386
26.500000 4517.682637 4529.284502 4562.651668 4560.727599 4587.323172 4603.448830
26.520000 4519.690607 4531.654613 4565.101121 4563.263444 4590.204705 4605.967684
26.540000 4521.518339 4534.450299 4567.592522 4565.872838 4593.097585 4607.755493
26.560000 4523.438015 4536.600272 4570.192566 4568.493172 4597.278637 4610.132638
26.580000 4525.779544 4538.449512 4572.354806 4571.079138 4600.637418 4612.008594
26.600000 4527.098845 4540.510312 4574.195808 4573.663877 4603.545430 4614.403711
26.620000 4529.940043 4543.407425 4576.802136 4576.363824 4606.706921 4616.411431
26.640000 4532.031438 4545.793710 4579.023524 4579.061521 4610.621625 4618.906495
26.660000 4533.431875 4548.942560 4581.329698 4581.760429 4613.547460 4621.141363
26.680000 4535.027185 4551.124910 4583.627612 4584.241122 4616.427673 4623.350393
26.700000 4537.716127 4553.871699 4586.551062 4586.711620 4618.839307 4625.846116
26.720000 4540.451126 4556.670537 4589.526361 4589.171790 4621.635698 4628.159066
26.740000 4543.616873 4558.877216 4592.532940 4591.565052 4624.462587 4630.573798
26.760000 4546.153068 4561.138777 4595.755510 4594.021128 4627.032007 4633.499462
26.780000 4548.587797 4563.179128 4597.897305 4596.347938 4629.006827 4636.148496
26.800000 4550.391609 4565.807955 4599.802721 4598.741496 4631.192516 4638.330211
26.820000 4551.660870 4568.643500 4601.492003 4601.176380 4633.255117 4641.210219
26.840000 4552.914320 4571.564427 4603.453187 4603.861682 4636.073802 4644.023070
26.860000 4555.278759 4574.267110 4605.204436 4606.404495 4638.786520 4646.403647
26.880000 4558.913509 4576.152396 4607.094862 4609.018430 4641.853388 4648.698400
26.900000 4560.740773 4578.722048 4609.424492 4611.480201 4644.779566 4651.413130
26.920000 4562.185896 4580.710238 4611.741681 4614.066616 4647.996869 4655.172677
26.940000 4564.606643 4582.895671 4614.412181 4616.596965 4650.694976 4658.658092
27.020000 4581.222812 4594.201317 4633.085694 4627.773879 4660.291027 4668.906514
27.040000 4583.145787 4597.032731 4635.819652 4630.278557 4663.267624 4671.676118
27.060000 4586.193822 4599.596290 4638.572533 4632.775560 4665.886851 4674.228961
27.080000 4587.781890 4602.055982 4642.024013 4635.253034 4668.351587 4676.666665
27.100000 4589.737814 4605.202543 4644.608572 4637.891990 4671.469443 4678.847247
27.120000 4592.155078 4608.009743 4647.930932 4640.445461 4674.115313 4680.796485
27.140000 4595.789025 4610.440300 4651.046784 4642.875555 4676.458906 4682.933383
27.160000 4598.038114 4612.897846 4653.812860 4645.222817 4679.156491 4685.030308
27.180000 4600.670759 4615.186773 4657.393882 4647.513762 4681.642318 4687.129068
27.200000 4602.444353 4617.238516 4660.342719 4649.771062 4684.018422 4689.364767
27.220000 4604.297312 4618.978988 4664.054255 4652.121610 4686.358704 4691.249723
27.240000 4606.670001 4620.713525 4668.320703 4654.434898 4688.330288 4692.862742
27.260000 4609.031086 4622.949179 4670.513175 4656.766392 4689.985546 4694.862075
27.280000 4611.788915 4624.616572 4672.682902 4659.084431 4692.134066 4696.926959
27.300000 4614.393394 4626.592088 4675.091272 4661.494424 4694.347710 4699.033138
27.320000 4616.872019 4629.720931 4677.027250 4664.091900 4696.545654 4700.823284
27.340000 4618.659815 4632.758216 4679.754165 4666.848146 4699.049310 4703.163836
27.360000 4621.109969 4635.533020 4681.213080 4669.753820 4701.904426 4706.546521
27.380000 4624.020794 4638.003914 4685.232990 4672.457027 4704.484039 4709.542720
27.400000 4625.705668 4641.124928 4687.411939 4675.141781 4706.683317 4711.906866
27.420000 4628.045424 4643.764232 4690.076982 4677.739767 4708.970187 4714.768900
27.440000 4629.898073 4646.795704 4691.861231 4680.218700 4711.807388 4717.767520
27.460000 4633.212734 4649.521811 4694.247366 4682.701615 4714.362213 4720.110368
27.480000 4635.383812 4652.530236 4697.849410 4685.042704 4716.340702 4721.954938
27.500000 4638.006234 4655.752021 4699.627022 4687.373745 4718.583310 4723.220019
27.520000 4640.335821 4658.319889 4701.889614 4689.811364 4720.545124 4725.170801
27.540000 4642.590880 4661.476499 4705.067467 4692.243769 4722.888507 4727.617528
27.560000 4645.135433 4664.156224 4708.735227 4694.624071 4724.996064 4729.576891
27.580000 4647.990045 4666.328036 4712.613506 4696.885279 4727.096216 4731.387597
27.600000 4651.897097 4668.822870 4714.767151 4699.057753 4728.928528 4733.105982
27.620000 4653.163679 4671.216960 4717.267536 4701.182493 4730.877600 4734.923713
27.640000 4655.602533 4673.455122 4719.947401 4703.246637 4732.718645 4737.268174
27.660000 4657.594381 4675.453845 4721.198811 4705.242607 4734.677910 4739.585840
27.680000 4659.029768 4677.209595 4722.774127 4707.190088 4736.662404 4741.645758
27.700000 4661.062366 4678.943974 4724.188493 4709.165568 4738.894389 4743.861543
27.720000 4662.552463 4680.732110 4726.230031 4711.406552 4741.248816 4747.516678
27.740000 4665.544428 4682.422508 4727.499586 4713.774946 4744.216380 4751.743466
27.760000 4667.859105 4684.294505 4728.737283 4716.271252 4747.769573 4755.531187
27.780000 4669.558448 4686.410211 4730.416573 4718.587281 4750.645301 4758.492405
27.800000 4672.498697 4688.340300 4732.417280 4721.035878 4754.233714 4761.420669
27.820000 4675.072584 4690.332348 4733.729248 4723.515240 4757.417410 4764.292496
27.840000 4676.514714 4692.272452 4735.016208 4726.042027 4760.877702 4767.075168
27.860000 4680.750725 4695.003771 4737.236095 4728.475701 4763.115026 4769.603283
27.880000 4682.728684 4697.784323 4739.098289 4730.945900 4765.126543 4771.539573
27.900000 4683.459363 4700.625857 4741.192896 4733.462021 4766.718275 4773.135432
27.920000 4685.510661 4703.816039 4742.843809 4736.038259 4768.670085 4775.085841
27.940000 4688.848575 4706.963751 4745.227582 4738.687671 4770.619828 4777.969375
27.960000 4690.516581 4710.041911 4747.124844 4741.336966 4772.792761 4780.161252
27.980000 4693.400800 4712.461511 4748.761693 4743.837106 4774.899196 4782.112362
28.000000 4696.439337 4715.648103 4750.774987 4746.245876 4776.978862 4783.998081
28.020000 4698.117741 4718.598762 4752.600371 4748.666279 4779.504829 4785.992895
28.040000 4699.548450 4721.237660 4756.066968 4751.087762 4781.957476 4788.045440
28.060000 4701.028726 4723.915458 4758.052223 4753.555529 4784.010728 4790.650243
28.080000 4703.025925 4726.604543 4760.800294 4755.991467 4786.006341 4792.058812
28.100000 4705.684277 4728.937025 4762.539253 4758.523079 4788.297673 4795.212697
28.120000 4708.466644 4731.062200 4764.697754 4761.066370 4790.328195 4798.048589
28.140000 4711.120756 4732.992358 4766.479491 4763.545279 4792.990291 4800.316924
28.160000 4713.275729 4734.770394 4768.177788 4766.208078 4795.174324 4802.332877
28.180000 4715.300780 4736.788739 4769.972683 4768.772023 4797.533467 4804.659082
28.200000 4718.732448 4738.704963 4771.388587 4771.344899 4800.027555 4807.409018
28.220000 4721.366632 4740.782681 4773.085614 4773.953676 4802.581677 4809.666621
28.240000 4723.492500 4742.134036 4774.968919 4776.428660 4805.098601 4812.829299
28.260000 4724.646806 4744.386082 4777.198720 4778.723758 4807.238434 4815.033353
28.280000 4726.005202 4746.746884 4779.242260 4781.101467 4809.575355 4817.433922
28.300000 4728.953423 4749.419997 4781.221884 4783.381391 4811.843442 4819.528975
28.320000 4731.732608 4752.209562 4783.393741 4785.666662 4814.185310 4821.977682
28.340000 4732.803659 4754.840817 4785.949707 4787.902644 4816.336432 4823.889414
28.360000 4735.883812 4757.694094 4787.970512 4790.246332 4818.835475 4826.475972
28.380000 4737.866919 4760.046161 4789.924331 4792.496596 4820.944658 4828.394250
28.400000 4740.155615 4762.241880 4792.039424 4794.764414 4823.301664 4830.872349
28.420000 4744.157892 4764.026233 4793.782482 4797.096716 4825.651848 4832.950809
28.440000 4746.663478 4765.832823 4795.841835 4799.356247 4827.898245 4834.786571
28.460000 4748.651370 4767.768161 4798.169956 4801.678579 4829.991282 4836.723006
28.480000 4751.403212 4769.775882 4800.162833 4804.057605 4832.546371 4838.805564
28.500000 4756.288277 4771.685394 4802.302453 4806.377532 4834.911566 4841.174438
28.520000 4760.507706 4773.398163 4804.293934 4808.619133 4837.067307 4842.688826
28.540000 4764.689417 4775.230581 4806.296330 4810.949456 4839.511552 4844.893045
28.560000 4767.558459 4776.963365 4808.710927 4813.289766 4842.105882 4846.758808
28.580000 4769.456708 4779.076473 4811.059162 4815.547875 4844.228224 4848.975980
28.600000 4771.968329 4780.988041 4812.806861 4817.672675 4846.295803 4851.276047
28.620000 4773.843372 4782.859829 4814.516460 4819.790727 4848.676918 4853.349859
28.640000 4775.761326 4784.469348 4816.396972 4821.973995 4850.878094 4855.631642
28.660000 4778.188510 4786.350330 4818.330855 4824.203470 4853.146129 4858.415597
28.680000 4780.758759 4788.475444 4820.478046 4826.471928 4855.425355 4860.764627
28.700000 4783.507065 4790.624263 4822.158935 4828.725998 4857.998835 4863.150409
28.720000 4785.166347 4792.824002 4824.281359 4830.968388 4860.426338 4865.265030
28.740000 4787.678496 4795.557800 4826.944267 4833.115092 4862.399842 4867.302392
28.760000 4789.272672 4798.087099 4828.761987 4835.177184 4864.712070 4868.897886
28.780000 4790.770613 4800.707558 4830.326286 4837.142625 4866.411600 4870.992504
28.800000 4793.043806 4802.948767 4831.915600 4839.121963 4868.375521 4873.141753
28.820000 4795.138719 4805.294841 4833.605530 4841.069748 4870.178815 4875.114404
28.840000 4796.279933 4808.471991 4835.348528 4843.064409 4871.948540 4876.689682
28.860000 4798.192069 4811.183271 4837.199852 4845.091273 4873.886197 4878.725097
28.880000 4799.737624 4814.960838 4839.016735 4847.239527 4875.953166 4881.071352
28.920000 4802.870739 4821.121364 4841.981221 4851.638039 4880.367846 4886.421637
28.980000 4807.391091 4831.673173 4846.191161 4857.797775 4886.174469 4892.461428
29.000000 4809.540882 4834.194738 4848.201953 4860.035749 4888.354909 4894.118613
29.020000 4811.497198 4837.002302 4850.020899 4862.399680 4891.014167 4895.971842
29.040000 4813.156553 4839.402885 4851.888302 4864.580536 4893.389880 4897.978304
29.060000 4814.835280 4841.628331 4853.977477 4866.691796 4896.019188 4900.446336
29.080000 4817.007866 4843.978774 4855.890152 4868.844390 4898.283489 4902.908869
29.100000 4819.045674 4846.014648 4858.220849 4871.126791 4900.458407 4905.599395
29.120000 4821.079776 4847.901030 4860.359264 4873.314612 4902.834017 4907.263805
29.140000 4823.230580 4850.176926 4864.065590 4875.672622 4904.779995 4909.197569
29.160000 4825.440487 4852.776476 4867.129880 4877.822557 4906.902674 4911.149806
29.180000 4827.782975 4854.875990 4869.931088 4879.826575 4908.799102 4912.852160
29.200000 4829.607602 4856.708210 4872.664986 4881.782398 4910.564640 4914.542357
29.220000 4832.138373 4858.568635 4875.891472 4883.697795 4912.272818 4916.059611
29.240000 4834.945604 4860.295774 4878.750352 4885.521401 4913.818923 4917.592351
29.260000 4837.363852 4861.799682 4882.690555 4887.364819 4915.486694 4919.211875
29.280000 4840.002982 4863.469079 4885.286807 4889.226362 4917.008752 4920.644875
29.300000 4842.292957 4865.723451 4887.937670 4891.096468 4918.687258 4922.279149
29.320000 4845.136069 4867.726080 4890.824212 4893.018796 4920.459037 4923.611865
29.340000 4848.229260 4869.698099 4894.000121 4894.885565 4922.011074 4925.237885
29.360000 4851.569073 4871.508929 4896.744148 4896.740884 4923.767788 4926.799824
29.380000 4854.701112 4873.219787 4899.229969 4898.611997 4925.490872 4928.308408
29.400000 4858.457320 4874.910099 4901.915251 4900.475682 4927.188405 4929.861993
29.420000 4862.195526 4876.435575 4903.969740 4902.371710 4928.725880 4931.504228
29.440000 4864.889670 4878.442956 4906.322890 4904.242182 4930.237592 4932.785473
29.480000 4873.314395 4881.978387 4909.126000 4908.017769 4933.376008 4935.817572
29.500000 4877.003215 4884.159179 4910.671569 4910.003269 4934.851474 4937.333721
29.520000 4879.959212 4886.488304 4912.280645 4912.075452 4936.483450 4939.043251
29.540000 4883.635935 4888.991747 4914.608888 4914.287021 4937.994675 4940.592937
29.560000 4886.017165 4892.114601 4916.016826 4916.586085 4939.616266 4942.192429
29.580000 4888.881464 4895.116148 4917.639501 4918.710631 4941.257549 4943.623882
29.600000 4891.178817 4898.389898 4919.575154 4920.883654 4942.833070 4945.236613
29.620000 4893.876637 4900.793181 4921.220250 4922.871621 4944.362623 4946.726313
29.640000 4896.179118 4903.183036 4923.527102 4924.813272 4945.954147 4947.996776
29.660000 4898.914135 4906.072736 4925.446573 4926.865006 4947.438259 4949.592889
29.680000 4902.707473 4908.346482 4927.719850 4928.840800 4948.969302 4951.163422
29.700000 4905.868856 4910.483212 4930.275391 4930.814203 4950.372210 4952.638088
29.720000 4907.767673 4912.765706 4932.968786 4932.820970 4951.831754 4954.462222
29.740000 4910.091294 4915.333930 4935.373304 4934.817827 4953.323742 4955.770794
29.760000 4912.149475 4917.277487 4936.722549 4936.740726 4954.897323 4957.426431
29.780000 4913.995930 4919.444883 4939.169628 4938.700489 4956.269291 4958.660287
29.800000 4916.803759 4921.986317 4941.797082 4940.731286 4957.649531 4960.197356
29.820000 4919.143548 4924.275406 4944.030297 4942.813618 4959.134274 4961.687835
29.840000 4921.494380 4926.890626 4946.852223 4944.841659 4960.662581 4963.359652
29.860000 4923.413472 4929.298220 4949.603678 4946.877538 4962.142876 4964.829096
29.880000 4926.086078 4932.428430 4951.907885 4948.969793 4963.560558 4966.071225
29.940000 4933.950499 4940.605600 4957.570956 4954.876521 4967.334631 4969.454219
29.960000 4936.380948 4943.168172 4960.114218 4956.902413 4968.754091 4970.941971
29.980000 4940.121355 4945.736918 4962.310554 4958.967381 4970.143186 4972.333973
30.000000 4942.079695 4948.513484 4964.737863 4960.997853 4971.626249 4973.795595
30.020000 4944.412128 4950.810664 4967.014808 4962.981000 4972.980773 4975.632147
30.040000 4947.335262 4953.650777 4969.253055 4965.097948 4974.456034 4976.896865
30.060000 4949.831360 4956.165717 4971.200963 4967.184794 4975.958486 4978.653933
30.080000 4952.710451 4958.787049 4973.119775 4969.305475 4977.379821 4979.979868
30.100000 4955.977067 4961.451892 4975.093279 4971.445592 4978.926128 4981.395873
30.120000 4958.272933 4964.413131 4977.062526 4973.595554 4980.464509 4983.013098
30.140000 4961.040696 4967.573043 4978.673334 4975.799635 4982.025045 4984.997550
30.160000 4964.041634 4970.408407 4980.569415 4977.997172 4983.621106 4986.588664
30.180000 4966.660101 4972.704198 4982.283755 4980.067217 4985.276399 4988.943567
30.200000 4969.123383 4975.398998 4984.022123 4982.083511 4987.045642 4991.049934
30.220000 4971.610103 4977.838162 4985.571005 4984.074588 4988.636496 4992.711130
30.260000 4977.447220 4983.255571 4988.878689 4988.049160 4991.892071 4996.774772
30.280000 4979.667325 4985.520394 4990.493194 4989.980512 4993.723114 4998.699511
30.300000 4981.811299 4988.070745 4992.233418 4991.912308 4995.421917 5000.692990
30.320000 4983.806997 4989.997464 4993.916675 4993.848345 4997.570496 5002.781452
30.340000 4985.880034 4991.833397 4995.828582 4995.797524 4999.657449 5005.574811
30.360000 4987.942274 4993.911875 4997.508778 4997.760295 5001.774043 5007.444141
30.380000 4990.105978 4995.920422 4999.440554 4999.731848 5004.151076 5009.683652
30.400000 4992.153377 4997.708015 5001.294282 5001.735971 5006.518693 5011.787819
30.420000 4994.251494 4999.351580 5003.234809 5003.716126 5008.816458 5013.290112
30.440000 4996.286291 5001.180190 5005.465412 5005.742159 5010.952556 5014.900133
30.460000 4998.018667 5002.880966 5007.590666 5007.708736 5012.733838 5016.707088
30.480000 5000.284629 5004.803505 5009.664545 5009.729212 5014.796936 5018.451495
30.500000 5002.462997 5006.854770 5011.696495 5011.667350 5016.507879 5020.410672
30.520000 5004.760797 5008.770814 5013.776791 5013.626824 5018.161251 5022.041054
30.540000 5006.770618 5010.785106 5015.760087 5015.580842 5019.889515 5023.695584
30.560000 5008.942457 5012.981073 5017.824329 5017.515110 5021.568582 5025.317401
30.580000 5010.926732 5015.187098 5019.629199 5019.388055 5023.314437 5027.236375
30.600000 5012.502120 5017.096192 5021.415766 5021.220588 5025.113446 5028.998927
30.620000 5014.314533 5019.110094 5023.215368 5023.164394 5026.946778 5031.772141
30.640000 5016.285480 5021.335803 5025.018636 5025.243592 5028.842632 5035.810626
30.660000 5018.528600 5023.105060 5027.060201 5027.379790 5030.919675 5039.199603
30.680000 5020.713387 5025.097232 5029.008833 5029.661367 5033.433832 5042.981144
30.700000 5023.124367 5027.061886 5031.345517 5032.218419 5036.482411 5049.305539
30.720000 5025.114798 5029.458461 5034.114569 5035.198587 5040.755687 5052.953549
30.760000 5030.988224 5037.729170 5045.968118 5045.865272 5053.742371 5060.176701
30.780000 5033.644212 5041.355417 5049.565484 5049.360053 5057.180322 5062.900018
30.800000 5036.763096 5044.971565 5053.206268 5052.627503 5059.779899 5065.290971
30.820000 5040.560522 5048.525914 5056.347915 5055.690841 5062.486069 5067.288037
30.840000 5044.665435 5051.630818 5059.144449 5058.418736 5064.853026 5068.987752
30.860000 5048.548570 5055.025853 5062.047940 5061.254890 5067.211354 5070.871891
30.880000 5051.820017 5058.557902 5064.787218 5064.071734 5069.354680 5072.630753
30.900000 5054.331299 5061.335199 5067.392311 5066.570403 5071.485662 5074.692369
30.920000 5056.713313 5064.216397 5069.644413 5068.871112 5073.486162 5076.452046
30.940000 5060.059707 5066.554832 5071.755612 5071.081959 5075.547575 5078.393103
30.960000 5062.402891 5069.051954 5073.748463 5073.162170 5077.385644 5080.097520
30.980000 5064.434239 5071.046496 5075.821134 5075.149569 5079.133849 5081.737228
31.000000 5066.258869 5073.473035 5077.797758 5077.198317 5080.993665 5083.503186
31.020000 5069.584886 5075.680813 5079.727255 5079.197469 5082.879279 5085.309959
31.040000 5072.249864 5077.757270 5081.638629 5081.152038 5084.617169 5086.921426
31.060000 5074.617467 5079.890633 5083.443790 5083.057125 5086.367785 5088.833598
31.080000 5077.046397 5082.048549 5085.331806 5085.021618 5088.167540 5090.163112
31.100000 5079.546693 5084.301817 5087.307161 5087.040569 5090.100816 5092.020155
31.120000 5082.701185 5086.398834 5089.440018 5089.193986 5092.101478 5094.075606
31.140000 5085.232947 5088.801497 5091.690193 5091.452802 5094.255598 5096.574352
31.160000 5087.655747 5091.087881 5093.814481 5093.677737 5096.352856 5098.842688
31.180000 5090.247251 5093.413133 5096.031945 5095.895728 5098.350095 5100.520180
31.200000 5092.696951 5095.365890 5097.979489 5097.845063 5100.316391 5102.297033
31.220000 5094.683888 5097.232005 5099.685319 5099.640945 5102.048904 5103.993602
31.240000 5096.221477 5098.836312 5101.344906 5101.238941 5103.597607 5105.833262
31.260000 5097.788631 5100.416461 5102.846139 5102.832170 5105.140241 5107.543108
31.280000 5099.556464 5102.030639 5104.403412 5104.414507 5106.736655 5109.214366
31.300000 5101.026555 5103.665597 5105.920933 5105.967051 5108.202523 5111.377065
31.320000 5102.807007 5105.150044 5107.461403 5107.586753 5109.871987 5113.328103
31.340000 5104.268529 5106.674570 5108.900461 5109.128052 5111.428158 5115.658167
31.360000 5105.803864 5108.139086 5110.467835 5110.767254 5113.197459 5118.274358
31.380000 5107.113380 5109.752888 5111.978466 5112.393985 5114.839017 5120.317714
31.400000 5108.454857 5111.169100 5113.485367 5114.014840 5116.887009 5122.344879
31.420000 5110.567658 5112.713137 5115.192426 5115.746638 5118.601068 5125.099081
31.440000 5112.089131 5114.541345 5117.046593 5117.594672 5120.553371 5127.258405
31.460000 5113.778928 5116.235964 5118.769785 5119.428949 5122.722578 5129.146500
31.480000 5115.312985 5117.835163 5120.495608 5121.206557 5124.649151 5131.376048
31.500000 5116.701373 5119.392128 5122.198257 5122.942581 5126.434456 5132.949177
31.520000 5118.667566 5120.996280 5123.986250 5124.741175 5128.528874 5134.727562
31.540000 5120.405865 5122.588192 5125.801875 5126.465888 5130.734063 5136.352567
31.560000 5121.732487 5124.297421 5127.501801 5128.225481 5132.787056 5138.222602
31.580000 5123.205286 5126.054457 5129.120794 5129.918639 5134.606428 5139.980784
31.600000 5124.645839 5127.529131 5130.729756 5131.567566 5136.330334 5141.582822
31.620000 5126.107694 5129.165597 5132.253717 5133.198656 5137.941761 5143.002415
31.640000 5127.608480 5130.848834 5133.929436 5134.844141 5139.672418 5144.791839
31.660000 5129.448717 5132.435131 5135.494435 5136.464597 5141.320792 5146.321610
31.680000 5131.083605 5134.004481 5137.337558 5138.182713 5142.855667 5148.735953
31.700000 5132.668178 5135.621941 5139.108624 5139.880976 5144.352572 5151.286123
31.720000 5134.336103 5137.290890 5140.753356 5141.548856 5145.868679 5153.105123
31.740000 5136.095986 5138.928157 5142.572167 5143.228294 5147.337495 5154.543235
31.760000 5137.900539 5140.600092 5144.371431 5144.821562 5148.818310 5155.756551
31.780000 5139.522703 5142.109860 5146.163320 5146.426064 5150.358542 5156.893169
31.800000 5141.425115 5143.680604 5147.677484 5148.004183 5151.724364 5158.321496
31.820000 5142.808271 5145.325611 5149.237330 5149.593824 5153.136099 5159.435182
31.840000 5144.301839 5147.109201 5150.985408 5151.172074 5154.563671 5160.968438
31.860000 5145.903745 5148.564718 5152.534325 5152.728859 5156.132106 5162.091950
31.880000 5147.465691 5150.189135 5154.099554 5154.236805 5157.471493 5164.052474
31.900000 5148.973858 5151.653306 5155.678582 5155.713472 5158.824266 5166.338553
31.920000 5150.418329 5152.967564 5157.015077 5157.170775 5160.524937 5167.874835
31.940000 5151.991310 5154.487381 5158.619364 5158.706278 5162.235791 5169.761650
31.960000 5153.691829 5155.883087 5159.986026 5160.220524 5163.962758 5171.159476
31.980000 5155.100334 5157.195825 5161.338705 5161.691960 5165.775246 5172.651605
32.000000 5156.492773 5158.625543 5162.713779 5163.187330 5167.561179 5174.575049
32.020000 5157.916788 5160.162746 5164.035970 5164.709299 5169.522443 5175.856174
32.040000 5159.335109 5161.669590 5165.389526 5166.209310 5171.285686 5177.372775
32.060000 5160.768919 5163.340949 5166.693530 5167.708907 5172.998203 5178.668796
32.080000 5161.842927 5164.814164 5168.021200 5169.217124 5174.819218 5180.139300
32.100000 5163.082292 5166.436070 5169.453415 5170.686729 5176.686161 5181.558950
32.120000 5164.407610 5167.894441 5170.685258 5172.131446 5178.221842 5182.883456
32.140000 5165.748638 5169.332645 5172.157435 5173.660855 5179.952750 5184.340601
32.160000 5167.269478 5170.782766 5173.470649 5175.154347 5181.574746 5186.450167
32.180000 5168.821056 5172.099906 5174.808593 5176.645387 5183.332275 5188.148803
32.200000 5170.065030 5173.406328 5176.135609 5178.109286 5184.959175 5189.942712
32.260000 5173.624933 5176.887738 5180.066340 5182.079553 5189.033715 5194.172327
32.280000 5175.219174 5178.164433 5181.370123 5183.530772 5190.550567 5195.991861
32.300000 5176.839079 5179.546480 5183.057468 5185.142252 5192.320128 5197.595859
32.320000 5178.420679 5180.907750 5184.582420 5186.723974 5194.074160 5199.620315
32.340000 5179.790853 5182.378931 5186.631500 5188.348417 5195.537355 5201.467287
32.360000 5181.165785 5184.044880 5188.637916 5190.031157 5197.364967 5203.000225
32.380000 5182.778994 5185.647592 5190.455589 5191.738492 5198.682162 5204.179094
32.400000 5184.440358 5187.351491 5192.319304 5193.527992 5200.182540 5205.641231
32.420000 5186.319309 5189.323093 5194.322724 5195.380715 5201.739311 5207.277415
32.460000 5189.194728 5192.776823 5198.574747 5198.803720 5204.972085 5210.776601
32.480000 5191.075612 5194.588370 5200.426036 5200.625411 5206.395730 5213.088601
32.500000 5192.742877 5196.474723 5202.328138 5202.493530 5208.218801 5215.052861
32.520000 5194.501470 5198.552524 5204.153052 5204.281347 5209.794942 5216.169130
32.540000 5196.136561 5200.518997 5206.099336 5206.152911 5211.796497 5217.891963
32.560000 5197.865988 5202.409806 5208.045015 5208.115741 5213.526775 5219.979606
32.580000 5199.790702 5204.436085 5209.930427 5210.078915 5215.535124 5222.023220
32.600000 5202.183868 5206.623806 5211.923877 5212.156239 5217.274603 5224.680386
32.620000 5204.471343 5208.674632 5214.198446 5214.312599 5219.495794 5226.233449
32.640000 5206.822497 5211.016184 5216.467829 5216.670831 5222.179488 5228.275586
32.660000 5209.028116 5213.415470 5218.814572 5219.032466 5224.875535 5230.467889
32.680000 5211.448707 5215.587579 5221.282292 5221.441167 5227.297426 5233.296223
32.700000 5213.099062 5218.004515 5223.579451 5223.682036 5229.485017 5235.162821
32.720000 5214.941892 5220.039700 5225.925703 5225.995028 5231.773323 5236.957836
32.740000 5216.697152 5222.278161 5228.757891 5228.420378 5234.389829 5239.025046
32.760000 5218.508610 5224.610193 5231.365421 5230.816493 5236.917958 5241.742424
32.780000 5221.245353 5226.704179 5233.649354 5233.144702 5239.154719 5244.177884
32.800000 5224.280164 5229.004890 5235.998082 5235.434974 5241.048793 5245.634623
32.820000 5226.416913 5231.888148 5238.333588 5237.743254 5243.131396 5247.410173
32.840000 5229.328909 5234.738337 5240.499463 5240.032172 5245.180507 5248.937180
32.860000 5232.152321 5237.694905 5242.728771 5242.363865 5247.300689 5250.546325
32.880000 5235.372721 5240.863315 5245.189370 5244.858173 5249.206516 5251.944279
32.900000 5238.705329 5243.423091 5247.525291 5247.199175 5251.086949 5253.521484
32.920000 5241.345508 5245.878614 5250.068289 5249.508971 5253.110639 5254.844999
32.940000 5244.122681 5248.670831 5252.315172 5251.788704 5254.805816 5256.342923
32.960000 5247.529617 5251.533920 5254.500028 5254.026873 5256.420602 5257.734965
32.980000 5251.083633 5254.810809 5256.606371 5256.310067 5257.984700 5258.995594
33.000000 5256.569801 5257.610285 5258.606528 5258.607693 5259.629957 5260.550059
