depth(m) lower_95(kyr) lower_68(kyr) median(kyr) mean(kyr) upper_68(kyr) upper_95(kyr)
17.160000 3534.056541 3538.701701 3542.790693 3546.354731 3550.024177 3578.332372
17.180000 3537.305165 3541.060340 3545.155887 3548.692839 3551.779845 3580.513732
17.200000 3540.161062 3543.551676 3547.460809 3551.043502 3553.865538 3582.478888
17.220000 3542.617439 3546.245711 3550.057822 3553.629855 3556.431513 3585.050831
17.240000 3545.529691 3548.673104 3552.284220 3555.997018 3558.540039 3587.008833
17.260000 3547.892087 3551.133383 3554.881927 3558.473598 3560.500669 3589.086457
17.280000 3550.380879 3553.434736 3557.121329 3560.730407 3562.816912 3592.402060
17.300000 3552.196942 3555.335948 3559.276486 3562.781616 3564.691852 3594.902370
17.320000 3553.849381 3557.454801 3561.430718 3564.884984 3566.568799 3597.398785
17.340000 3556.230913 3559.569802 3563.576137 3567.046130 3568.621411 3599.983775
17.360000 3558.657520 3561.832672 3565.592632 3569.212518 3570.663732 3602.216760
17.380000 3560.749413 3564.167058 3567.748449 3571.542487 3572.965483 3605.578720
17.400000 3563.067850 3566.768795 3570.094065 3573.986880 3575.371328 3608.359383
17.420000 3565.146136 3568.802588 3572.375923 3576.195567 3577.044964 3611.047062
17.440000 3567.173116 3570.852665 3574.250495 3578.246972 3579.230634 3613.546878
17.460000 3569.384905 3572.781817 3576.304264 3580.334421 3581.431634 3615.924963
17.480000 3571.358556 3574.599898 3578.172981 3582.272867 3583.279946 3618.481978
17.500000 3573.269663 3576.896972 3580.269173 3584.404776 3585.868042 3620.924812
17.520000 3575.130032 3578.712655 3582.151158 3586.364612 3588.505911 3623.275679
17.540000 3577.258527 3580.468585 3583.823817 3588.259124 3590.529224 3625.596964
17.560000 3579.082352 3582.381805 3585.498915 3590.175234 3592.701073 3628.787762
17.580000 3580.924087 3583.998187 3587.333717 3592.051157 3595.002939 3632.228777
17.600000 3582.526313 3585.648111 3588.911374 3593.842308 3597.574812 3634.709598
17.620000 3583.956715 3587.241450 3590.427452 3595.596951 3600.208531 3636.796055
17.640000 3585.575030 3588.786924 3592.037633 3597.358001 3602.670901 3639.272070
17.660000 3586.955914 3590.331413 3593.585822 3599.212679 3605.640801 3641.791266
17.680000 3588.502931 3592.116873 3595.508902 3601.093329 3607.995610 3643.708388
17.700000 3590.047587 3593.768695 3597.256907 3602.994786 3611.124264 3646.005257
17.720000 3592.139022 3595.491143 3599.277123 3605.046907 3613.799742 3648.361270
17.740000 3594.126250 3597.295514 3601.551464 3607.291813 3616.131055 3651.230474
17.760000 3595.962399 3599.129598 3604.341600 3609.715516 3617.770067 3653.174236
17.780000 3598.053404 3600.929292 3607.146847 3612.067394 3619.517457 3656.015465
17.800000 3599.717178 3602.753905 3610.387926 3614.552423 3621.597264 3657.520985
17.820000 3601.328120 3604.495404 3613.521119 3617.011649 3624.120396 3659.510192
17.840000 3602.961664 3606.521643 3616.660119 3619.686366 3626.444072 3662.597144
17.860000 3604.427780 3608.409685 3619.806754 3622.483730 3629.461843 3664.530789
17.880000 3605.919532 3610.942544 3622.354307 3624.978099 3632.490961 3667.083286
17.900000 3607.583397 3613.113275 3624.664389 3627.231148 3634.758577 3669.632854
17.920000 3609.189891 3615.297606 3626.689132 3629.441227 3637.855627 3671.577353
17.940000 3610.886567 3618.061277 3629.451705 3631.772229 3640.158426 3673.743357
17.960000 3612.590884 3620.907723 3631.848499 3634.045539 3642.423667 3675.144200
17.980000 3614.122919 3623.975027 3634.223987 3636.442975 3645.017474 3676.940668
18.000000 3615.752532 3626.268558 3636.751820 3638.960312 3647.715910 3678.434137
18.020000 3617.108227 3629.250491 3639.247990 3641.357183 3649.584429 3680.549165
18.040000 3618.767749 3632.784470 3642.070904 3643.926006 3652.052413 3681.864709
18.060000 3620.516189 3635.845455 3645.109995 3646.564094 3654.143836 3683.872285
18.080000 3622.578436 3637.879763 3647.950144 3649.095460 3656.259208 3685.738497
18.100000 3624.150382 3640.147601 3651.105778 3651.634771 3658.698420 3687.802277
18.120000 3626.598981 3642.842490 3653.750644 3654.091801 3660.986103 3690.190055
18.140000 3628.390210 3645.428602 3656.146677 3656.465332 3663.019256 3692.354969
18.160000 3630.323099 3648.624851 3658.355745 3658.745477 3665.293283 3694.993440
18.180000 3632.197965 3651.374024 3660.568547 3660.987044 3667.407974 3696.716014
18.200000 3635.192507 3653.690036 3662.700692 3663.203283 3669.820443 3698.282217
18.220000 3637.620095 3656.224881 3664.653879 3665.354287 3671.943735 3699.709407
18.240000 3640.002502 3659.014682 3666.606278 3667.510833 3674.176208 3702.064957
18.260000 3643.095201 3661.227092 3668.458585 3669.627969 3676.300324 3703.827648
18.280000 3647.527683 3663.398874 3670.211794 3671.743185 3678.533406 3705.176747
18.300000 3651.754791 3665.485411 3671.852531 3673.831823 3680.261045 3707.738523
18.320000 3655.354898 3668.205513 3673.689819 3676.029442 3682.263195 3709.748388
18.340000 3658.943784 3670.619236 3675.691767 3678.202827 3684.233737 3711.957070
18.360000 3662.881041 3672.926108 3677.747104 3680.441419 3686.929626 3713.848987
18.380000 3665.531949 3675.180227 3679.856006 3682.723285 3690.095484 3716.140931
18.400000 3669.816027 3677.267215 3682.128609 3685.027991 3692.010793 3718.090222
18.420000 3672.456669 3679.817891 3684.659695 3687.536421 3693.979076 3721.551528
18.440000 3675.641137 3682.290904 3687.291403 3690.105456 3696.138696 3724.823809
18.460000 3679.422511 3684.674072 3689.675408 3692.602462 3698.139322 3727.393923
18.480000 3681.629913 3686.841859 3692.327499 3694.972405 3700.847049 3729.597886
18.500000 3683.488729 3689.531769 3695.118624 3697.520034 3703.646162 3732.144930
18.520000 3685.195971 3692.045483 3697.985197 3700.095354 3705.780084 3735.599619
18.540000 3688.086118 3694.586105 3700.745251 3702.718340 3708.717201 3737.957622
18.560000 3690.186471 3696.986593 3703.524692 3705.388226 3711.606136 3740.121798
18.580000 3691.678826 3699.018234 3705.939417 3707.743393 3714.466787 3742.117286
18.600000 3693.474669 3701.411255 3708.312072 3710.133415 3717.080970 3744.016381
18.620000 3695.400235 3704.175549 3710.584193 3712.664680 3720.705343 3745.495871
18.640000 3697.222417 3706.754076 3713.105997 3715.043360 3723.708705 3747.115937
18.660000 3698.605590 3708.952512 3715.247881 3717.278026 3726.723865 3748.721310
18.680000 3701.214462 3710.918588 3717.555577 3719.458563 3728.707767 3750.644932
18.700000 3703.404493 3713.209992 3719.558790 3721.675090 3731.391727 3751.855955
18.720000 3705.669426 3715.230887 3721.395549 3723.707342 3733.079999 3753.602129
18.740000 3708.250999 3717.310046 3723.152767 3725.841562 3735.271600 3754.851594
18.760000 3710.790823 3719.241819 3725.061844 3727.928451 3737.666203 3756.465648
18.780000 3713.484070 3721.298299 3727.205431 3729.990457 3739.749343 3757.775091
18.800000 3717.407166 3723.205214 3729.188774 3732.037810 3741.558585 3759.261647
18.820000 3719.983550 3724.956221 3731.231905 3734.130162 3743.910056 3760.586147
18.840000 3721.799755 3726.748186 3733.419591 3736.276695 3746.181224 3762.421710
18.860000 3723.545661 3728.707344 3734.989737 3738.329428 3748.279127 3763.572218
18.880000 3725.384712 3730.465959 3737.310296 3740.444337 3750.624975 3765.351002
18.900000 3727.487822 3732.288057 3739.796964 3742.537082 3753.262671 3766.445530
18.920000 3729.608532 3734.209403 3741.884520 3744.602612 3755.574033 3768.246968
18.940000 3731.501739 3736.125890 3743.897292 3746.665387 3757.672568 3769.744726
18.960000 3733.393282 3738.374490 3746.295540 3748.743325 3760.031776 3771.126690
18.980000 3735.209031 3740.216870 3748.629525 3750.858695 3761.919932 3772.763931
19.000000 3737.378449 3742.266499 3751.050755 3752.939026 3764.116633 3774.131484
19.020000 3739.670573 3744.460930 3753.141744 3755.094670 3766.022314 3775.414794
19.040000 3741.791320 3746.845862 3755.549788 3757.237764 3768.029868 3777.124821
19.060000 3744.112159 3748.953252 3758.232801 3759.348203 3770.085163 3779.341574
19.080000 3746.258813 3751.288402 3760.301265 3761.421513 3772.191163 3780.568830
19.100000 3748.611490 3753.426713 3762.510429 3763.496571 3774.355309 3782.413785
19.120000 3750.368368 3755.518973 3764.484759 3765.546175 3776.318468 3783.333456
19.140000 3752.877282 3757.595992 3767.315350 3767.676645 3778.253006 3785.116944
19.160000 3754.549076 3759.709639 3769.759648 3769.732766 3780.149040 3787.250320
19.180000 3755.969336 3761.656155 3771.681056 3771.702211 3782.159305 3788.705835
19.200000 3758.480522 3763.687970 3773.675501 3773.730701 3783.914261 3790.541304
19.220000 3760.290065 3765.634103 3776.107202 3775.773595 3786.055740 3793.183905
19.240000 3762.399723 3767.729666 3778.283057 3777.836507 3788.030170 3794.986123
19.260000 3764.050221 3769.617400 3780.129829 3779.903406 3789.964996 3796.484130
19.280000 3765.801159 3771.572205 3782.140185 3781.966735 3791.957496 3798.433054
19.300000 3767.618442 3773.734424 3783.737280 3784.000537 3793.981294 3800.766449
19.320000 3769.508879 3775.915145 3785.520768 3785.959686 3796.014705 3802.869855
19.340000 3771.369709 3778.247483 3787.538469 3787.932700 3798.023020 3804.243152
19.360000 3773.415666 3780.321510 3789.607815 3789.904016 3799.790487 3805.888687
19.380000 3775.185771 3782.853443 3791.436133 3791.846774 3801.307727 3807.920603
19.400000 3777.051580 3785.131640 3793.390769 3793.831540 3803.070670 3809.361910
19.420000 3778.624660 3786.930870 3795.515539 3795.754697 3804.510515 3810.511539
19.440000 3780.223790 3789.057217 3797.839305 3797.757601 3806.239089 3811.746590
19.460000 3782.206202 3791.095906 3800.058771 3799.690475 3807.852571 3813.639043
19.480000 3783.893365 3793.346459 3801.975175 3801.571682 3809.316547 3814.993965
19.500000 3785.829346 3795.820199 3804.211337 3803.433486 3810.634183 3816.361829
19.520000 3787.915774 3797.831875 3806.309165 3805.334937 3812.117298 3818.460978
19.540000 3789.960226 3799.671876 3808.340266 3807.175869 3813.467401 3820.182244
19.560000 3791.902123 3801.640803 3810.305730 3808.995714 3815.027147 3821.505499
19.580000 3794.092512 3804.075686 3812.246636 3810.781222 3816.524147 3822.987724
19.600000 3797.072752 3806.172696 3813.987730 3812.556049 3818.014766 3824.640973
19.620000 3798.554010 3808.571980 3815.902153 3814.312414 3819.541907 3826.490047
19.640000 3800.543180 3810.450505 3817.593051 3816.062826 3821.055727 3828.105861
19.660000 3802.102035 3812.265469 3819.349477 3817.890140 3822.762573 3829.459099
19.680000 3803.492860 3814.335231 3820.966741 3819.760152 3824.691136 3830.960924
19.700000 3805.381346 3816.568919 3822.732284 3821.671415 3826.699578 3833.448854
19.720000 3807.162250 3818.445002 3824.430461 3823.498800 3828.736161 3834.795603
19.740000 3808.882407 3820.371242 3826.160996 3825.384872 3830.773867 3836.361036
19.760000 3810.500835 3822.242968 3827.894054 3827.266673 3832.826812 3838.021916
19.780000 3812.297381 3824.164465 3829.604925 3829.157248 3835.059827 3839.343692
19.800000 3814.069171 3826.675117 3831.679717 3831.178762 3837.532130 3841.578751
19.820000 3815.977092 3828.916596 3833.866780 3833.272832 3839.475943 3843.078159
19.840000 3818.118156 3830.481900 3836.139121 3835.426161 3841.693442 3844.559070
19.860000 3819.863039 3832.420801 3838.592452 3837.447788 3843.427439 3846.105073
19.880000 3822.100196 3834.154258 3840.695323 3839.411663 3845.312508 3848.058007
19.900000 3824.431688 3836.255247 3842.608998 3841.312140 3847.019579 3849.450948
19.920000 3826.578623 3837.739580 3844.577228 3843.109364 3848.519433 3850.983152
19.940000 3829.297092 3839.448774 3846.278756 3844.896440 3850.138901 3852.580466
19.960000 3831.965364 3841.328706 3848.062880 3846.696134 3851.599756 3854.098515
19.980000 3833.946349 3843.386792 3849.805365 3848.424900 3853.229243 3855.648265
20.000000 3836.024166 3845.112387 3851.398448 3850.072510 3854.753202 3857.316966
20.020000 3837.974484 3846.797161 3852.957028 3851.748205 3856.234731 3858.741794
20.040000 3841.404791 3848.449079 3854.514302 3853.432719 3857.788856 3860.131008
20.060000 3843.337693 3850.293403 3856.209382 3855.085697 3859.392855 3861.386220
20.080000 3845.442203 3852.002931 3857.600095 3856.742562 3860.871950 3863.254013
20.100000 3847.148711 3853.977747 3859.504631 3858.439693 3862.415086 3864.583333
20.120000 3849.309952 3855.906971 3861.225669 3860.189397 3864.013270 3866.337102
20.140000 3851.422938 3857.473660 3862.941654 3861.989581 3865.677944 3868.217125
20.160000 3853.645568 3859.525859 3864.700648 3863.889207 3867.546693 3870.712421
20.180000 3855.458040 3861.553767 3866.325476 3865.670142 3869.261315 3872.591319
20.200000 3858.122235 3863.823134 3868.277599 3867.631452 3871.197275 3874.996114
20.220000 3859.708394 3865.940164 3870.085361 3869.601896 3873.070545 3877.550295
20.240000 3861.817860 3868.146525 3871.799206 3871.504276 3874.902566 3880.398728
20.260000 3863.457671 3870.040229 3873.504848 3873.422608 3877.087383 3883.104595
20.280000 3864.924312 3872.175026 3875.251589 3875.284756 3878.871270 3885.588246
20.300000 3866.258427 3873.829470 3877.004353 3877.110446 3880.837007 3887.984181
20.320000 3867.920443 3875.419966 3878.618970 3878.864989 3882.548785 3889.696765
20.340000 3869.348912 3876.972305 3880.162889 3880.488143 3884.236202 3892.267244
20.360000 3870.966884 3878.379370 3881.678344 3882.115486 3885.974004 3895.262178
20.380000 3872.716839 3879.714873 3883.233638 3883.711569 3887.594486 3896.845936
20.420000 3875.982633 3882.639297 3886.074977 3887.007812 3891.959283 3900.681209
20.440000 3878.161681 3884.092803 3887.764920 3888.795289 3894.057015 3902.728323
20.460000 3880.903070 3885.627955 3889.526348 3890.662185 3896.308445 3904.496449
20.480000 3883.305652 3887.480248 3891.403011 3892.605120 3898.458910 3906.424504
20.500000 3885.055580 3889.340534 3893.299019 3894.514831 3900.693614 3908.548357
20.520000 3887.049746 3891.077561 3895.175091 3896.446582 3903.021160 3911.181422
20.540000 3888.840250 3892.836088 3897.011695 3898.433811 3905.491232 3913.466441
20.560000 3890.391440 3894.616996 3898.957818 3900.444080 3908.054518 3915.174341
20.580000 3892.319986 3896.381548 3900.907183 3902.516206 3910.247269 3917.830436
20.600000 3894.277454 3898.194883 3902.831696 3904.483380 3912.440864 3919.407377
20.620000 3895.885129 3899.938502 3904.608587 3906.574563 3915.140299 3922.099246
20.640000 3897.576387 3901.691509 3906.422883 3908.597166 3917.460749 3924.542072
20.660000 3899.198981 3903.519059 3908.517270 3910.658516 3919.847017 3927.016833
20.680000 3901.244813 3905.162401 3910.353088 3912.631444 3921.921002 3929.255668
20.700000 3903.077854 3906.882528 3912.142152 3914.548371 3924.419458 3931.252753
20.720000 3905.041865 3908.439957 3913.976972 3916.509314 3926.573791 3933.663635
20.740000 3906.642237 3910.086552 3915.745530 3918.395817 3928.740043 3936.004055
20.760000 3908.065861 3911.751004 3917.740539 3920.305626 3930.874755 3938.132277
20.780000 3909.589346 3913.377194 3919.694515 3922.273241 3932.852224 3940.381814
20.800000 3911.341475 3915.013435 3921.923101 3924.259636 3935.192041 3942.109052
20.820000 3912.797880 3916.833231 3923.811031 3926.177106 3937.466884 3943.725536
20.840000 3914.564153 3918.447783 3925.924752 3928.077704 3939.517862 3945.485568
20.860000 3916.589396 3920.402494 3927.616764 3930.018643 3941.809524 3947.140863
20.880000 3918.111494 3922.407787 3929.470051 3931.977423 3944.184797 3948.981188
20.900000 3920.208519 3924.212386 3931.617378 3933.933268 3946.143467 3951.098687
20.920000 3921.937635 3926.292676 3933.874202 3935.908879 3948.087711 3952.808349
20.940000 3924.173542 3928.464775 3936.064037 3937.905596 3949.797147 3954.368226
20.960000 3925.962955 3930.692558 3937.971758 3939.860196 3951.751328 3955.978722
20.980000 3927.620532 3932.706299 3939.984826 3941.849082 3953.666877 3957.770872
21.000000 3929.415512 3934.618094 3942.311557 3943.822769 3955.342604 3959.609314
21.020000 3931.255271 3936.470689 3944.327725 3945.725472 3956.974481 3961.343203
21.040000 3933.052742 3938.548001 3946.481820 3947.661955 3958.683165 3963.536604
21.060000 3935.274631 3940.539187 3948.493553 3949.647898 3960.399968 3964.965130
21.080000 3937.049338 3942.803138 3950.464077 3951.522524 3961.887849 3966.652914
21.100000 3939.438125 3944.764957 3952.462655 3953.491227 3963.529825 3968.832120
21.120000 3941.078710 3946.667416 3954.476571 3955.453702 3965.637937 3971.261953
21.140000 3943.174644 3948.879313 3956.175142 3957.397752 3967.666972 3973.332477
21.160000 3945.024701 3950.799066 3957.954278 3959.330856 3969.226732 3975.783322
21.180000 3946.873176 3953.203266 3959.813624 3961.386777 3971.154188 3978.071801
21.200000 3949.362612 3955.282280 3961.739315 3963.438324 3973.043697 3980.523002
21.220000 3951.861856 3957.436436 3963.520076 3965.555415 3975.681294 3982.558767
21.240000 3954.213328 3959.552346 3965.518899 3967.756094 3978.311064 3984.872965
21.260000 3956.751699 3962.230227 3967.630722 3970.153132 3980.368905 3987.782585
21.280000 3959.660623 3964.392405 3970.455217 3972.630978 3982.779800 3990.799383
21.300000 3962.039485 3966.988792 3973.133805 3975.285482 3985.598810 3994.130006
21.320000 3964.794624 3969.509859 3976.215623 3978.015182 3988.196280 3997.277036
21.340000 3966.499217 3971.709798 3978.910867 3980.738126 3991.512866 4000.716672
21.360000 3968.728365 3973.856668 3981.359243 3983.487185 3995.174417 4003.128766
21.380000 3970.643529 3976.475472 3984.177836 3986.465529 3998.989874 4005.579915
21.400000 3972.354665 3978.677744 3986.834241 3989.306703 4002.616422 4008.750191
21.420000 3974.780503 3981.059630 3990.119780 3992.161940 4005.679391 4011.499053
21.440000 3977.639897 3983.341092 3993.273257 3995.003233 4008.017865 4013.713632
21.460000 3979.394747 3985.823023 3996.741379 3997.746058 4009.938950 4016.643491
21.480000 3982.005944 3988.758571 4000.677410 4000.749187 4012.265009 4019.430845
21.500000 3983.731046 3991.976453 4005.035227 4003.777235 4014.428914 4021.552143
21.520000 3986.172697 3995.510494 4008.858611 4006.700408 4016.403177 4023.974904
21.540000 3988.791139 3999.361204 4011.497320 4009.643857 4018.718764 4026.616765
21.560000 3991.832060 4002.862906 4014.128092 4012.313433 4020.517851 4029.367702
21.580000 3995.541127 4006.037072 4016.314673 4015.002121 4022.547982 4033.292310
21.600000 4000.218738 4008.545571 4018.654608 4017.581287 4024.303719 4038.295520
21.620000 4005.249140 4012.323135 4020.880526 4020.219367 4025.983928 4041.950400
21.640000 4008.715587 4015.321525 4023.044779 4022.764402 4027.984724 4045.227599
21.660000 4011.641926 4018.334903 4025.323549 4025.209448 4030.075639 4048.513017
21.680000 4014.572774 4021.237691 4027.667075 4027.633022 4032.201652 4050.855723
21.700000 4016.836546 4024.155764 4029.885530 4030.294986 4035.232488 4053.240981
21.720000 4019.699670 4026.837904 4032.393363 4033.049674 4038.533853 4055.352855
21.740000 4022.488518 4029.683552 4034.960444 4035.845236 4041.825471 4057.399585
21.760000 4025.868250 4032.535206 4038.021777 4038.848063 4044.945366 4059.143895
21.780000 4029.005040 4035.698117 4041.444888 4041.853411 4047.846868 4060.631630
21.800000 4032.359408 4038.974015 4044.294616 4044.827462 4050.310659 4063.106204
21.820000 4034.530047 4042.504116 4047.676831 4047.931245 4052.972960 4064.820464
21.840000 4038.117172 4045.703611 4050.566344 4050.812917 4055.784092 4066.968652
21.860000 4042.727946 4048.619118 4053.304873 4053.567523 4058.374959 4067.981085
21.880000 4045.704276 4051.244045 4055.709831 4056.162403 4061.337527 4070.535032
21.900000 4048.395718 4053.502688 4058.192971 4058.603176 4063.472269 4073.541691
21.920000 4050.647444 4055.775038 4060.713736 4060.988021 4065.842506 4075.271451
21.940000 4052.878032 4057.925799 4062.998144 4063.374630 4068.578176 4078.036585
21.960000 4055.072301 4060.378014 4065.616935 4065.875093 4071.186624 4080.516114
21.980000 4056.996625 4062.798113 4067.851601 4068.234751 4073.688367 4082.774652
22.000000 4059.544478 4065.107287 4070.346572 4070.616265 4075.989397 4085.247396
22.020000 4061.759539 4067.426054 4072.921773 4073.040150 4078.313782 4087.702182
22.040000 4064.029489 4069.978187 4075.369763 4075.423880 4080.334635 4089.102333
22.060000 4067.310111 4072.549980 4077.926606 4077.827370 4082.504169 4091.039651
22.080000 4070.154595 4074.937027 4080.353812 4080.208754 4084.710962 4093.053027
22.100000 4072.560115 4077.534000 4082.728014 4082.575986 4086.940327 4094.656029
22.120000 4075.206291 4079.929481 4084.999491 4084.891210 4089.118674 4096.377122
22.140000 4077.243163 4082.971366 4087.618527 4087.454010 4091.389017 4098.197709
22.160000 4079.751932 4085.617576 4090.047049 4089.981719 4093.897034 4100.832026
22.180000 4082.319394 4088.100486 4092.479516 4092.424763 4096.260894 4104.011399
22.200000 4084.798000 4090.543196 4094.576904 4094.727280 4098.383477 4106.001567
22.220000 4088.088513 4092.903504 4096.482946 4096.889602 4100.533624 4108.967130
22.240000 4090.342420 4094.952941 4098.331376 4098.828720 4102.397441 4111.255257
22.260000 4093.167448 4096.898243 4100.069054 4100.754860 4104.177773 4113.434304
22.280000 4095.138659 4098.761172 4101.922862 4102.793700 4106.871625 4115.815334
22.300000 4097.281410 4100.736821 4103.928809 4104.908316 4109.188216 4118.443765
22.320000 4099.323307 4102.530964 4105.804338 4106.885568 4111.490201 4120.758419
22.340000 4101.622627 4104.366355 4107.813475 4108.999430 4113.752129 4122.616843
22.360000 4103.226627 4106.336445 4109.844769 4111.072852 4115.958527 4124.454723
22.380000 4105.144347 4108.360765 4112.118477 4113.280220 4118.772955 4126.275337
22.400000 4106.990790 4110.248865 4114.484593 4115.502070 4121.235168 4128.204696
22.420000 4109.177126 4112.261425 4116.918096 4117.773893 4123.720300 4130.664152
22.440000 4110.754765 4114.282805 4119.740904 4120.278470 4126.443609 4132.100947
22.460000 4112.734511 4116.569596 4122.631010 4122.877735 4129.368321 4134.384036
22.480000 4114.722436 4118.656440 4125.050533 4125.294234 4132.076450 4136.648745
22.500000 4116.440932 4120.765575 4127.587312 4127.595987 4134.530181 4138.489591
22.520000 4117.907741 4122.981652 4130.402619 4129.902800 4136.530161 4140.387683
22.540000 4120.116928 4124.977065 4132.978651 4132.207157 4138.609337 4141.998906
22.560000 4121.754444 4127.146774 4135.568288 4134.463838 4140.754315 4143.719081
22.580000 4123.661399 4129.581426 4138.258767 4136.682716 4142.760362 4145.939698
22.600000 4126.368135 4131.973988 4140.716780 4139.037553 4144.791853 4148.405052
22.620000 4129.370187 4134.478105 4142.806266 4141.346589 4146.603744 4150.504018
22.640000 4131.429600 4137.455721 4144.944786 4143.644286 4148.376260 4152.373938
22.660000 4133.866896 4140.477560 4146.811212 4145.863237 4150.228255 4154.025358
22.680000 4136.211490 4143.342282 4148.791092 4148.029031 4152.127728 4155.875985
22.700000 4139.006053 4146.082204 4150.735370 4150.273446 4154.233266 4157.869850
22.740000 4145.316462 4151.036074 4154.409374 4154.390339 4158.003983 4162.454625
22.760000 4148.490812 4153.376353 4156.456213 4156.530784 4160.076639 4164.319558
22.780000 4150.649518 4155.303118 4158.308709 4158.548318 4162.111821 4166.196437
22.800000 4152.756574 4156.984974 4160.348585 4160.515918 4164.185671 4168.273168
22.820000 4154.670515 4158.834674 4162.154415 4162.593695 4166.389699 4171.450274
22.840000 4156.582354 4160.878699 4164.172046 4164.669044 4168.585326 4174.622461
22.860000 4158.471268 4162.600592 4166.190390 4166.746289 4170.841824 4178.218943
22.880000 4160.353271 4164.424229 4168.356432 4168.923776 4173.057232 4182.711428
22.900000 4161.821220 4166.321532 4170.527843 4171.221875 4175.834696 4185.775963
22.920000 4163.570327 4168.139344 4172.873529 4173.744651 4179.155521 4189.986408
22.940000 4165.619675 4170.360827 4175.525546 4176.394880 4182.145749 4192.903383
22.960000 4167.683562 4172.709355 4178.567218 4179.102770 4185.750247 4195.557236
22.980000 4169.490295 4175.239544 4181.379663 4182.058000 4189.457473 4197.972548
23.000000 4171.142563 4177.853429 4184.355758 4184.857505 4192.469385 4200.102277
23.020000 4173.026931 4180.285783 4187.475795 4187.620820 4195.478113 4202.602066
23.040000 4174.970315 4182.834277 4190.314977 4190.415529 4198.253239 4204.927772
23.060000 4176.918915 4185.160540 4193.375561 4193.107658 4201.055128 4207.839150
23.080000 4179.622553 4188.059585 4195.907541 4195.801202 4203.690729 4211.270287
23.100000 4181.497253 4190.725863 4198.613972 4198.502175 4206.225809 4213.735149
23.120000 4183.981791 4193.298021 4201.287480 4201.240093 4208.897254 4217.402534
23.140000 4185.931792 4195.699578 4204.088234 4204.097107 4211.946406 4220.763607
23.160000 4187.934666 4198.035323 4207.010470 4206.901668 4215.280755 4223.471774
23.180000 4190.067234 4200.511234 4210.080126 4209.813589 4218.270775 4227.843809
23.200000 4192.104082 4202.990281 4213.445249 4212.854064 4221.993161 4230.722225
23.220000 4194.275783 4205.968564 4217.048273 4215.976056 4225.349611 4233.618068
23.240000 4196.530023 4208.706392 4220.239449 4219.050598 4228.448654 4237.305209
23.260000 4198.934783 4211.666222 4223.371221 4222.043125 4231.393029 4240.109344
23.280000 4200.980634 4214.204915 4226.325149 4225.011418 4234.845712 4243.247780
23.300000 4203.564693 4217.405718 4229.465717 4228.076565 4237.816581 4247.328711
23.320000 4206.165041 4220.888093 4232.465081 4231.032519 4240.491353 4249.979320
23.340000 4209.308877 4223.216277 4235.154534 4233.764710 4243.043866 4253.076316
23.360000 4212.291120 4226.309419 4237.859415 4236.435967 4245.784484 4254.621344
23.380000 4214.979361 4229.478153 4240.621427 4239.122697 4248.469048 4257.251679
23.400000 4217.603725 4232.037440 4243.381767 4241.885555 4251.336244 4261.315323
23.420000 4220.789466 4234.444816 4246.067654 4244.705260 4254.310595 4264.406040
23.440000 4224.088437 4236.657684 4248.948758 4247.371036 4257.184214 4267.160568
23.460000 4225.755450 4238.745434 4251.567190 4249.981312 4259.878397 4270.487441
23.480000 4228.469008 4240.463401 4254.393489 4252.558869 4262.748866 4274.577252
23.500000 4231.511141 4242.199696 4256.761951 4255.201320 4265.627141 4278.112698
23.520000 4234.131015 4244.043219 4259.501938 4257.726730 4268.418590 4281.595836
23.540000 4236.212787 4245.750192 4262.065813 4260.246443 4271.130151 4283.794328
23.560000 4237.588853 4247.718874 4264.800519 4262.795945 4273.841411 4286.019279
23.580000 4240.298512 4249.586145 4267.521791 4265.343141 4277.410604 4288.403981
23.600000 4241.891413 4251.435244 4270.848484 4268.032075 4280.976263 4290.030850
23.620000 4244.005094 4253.075774 4273.800755 4270.704593 4283.682089 4293.001957
23.660000 4247.912493 4256.266008 4279.621687 4276.099907 4290.726611 4298.366457
23.680000 4250.339710 4258.326863 4282.713369 4278.734845 4293.967994 4301.498291
23.700000 4252.479161 4260.359710 4285.574644 4281.350794 4296.588113 4304.719490
23.720000 4255.045226 4262.378566 4288.336411 4283.824411 4299.492178 4307.831746
23.740000 4256.763474 4264.412236 4291.029387 4286.238935 4302.009933 4309.957594
23.760000 4258.736835 4266.719174 4293.630576 4288.555099 4304.121336 4312.786533
23.780000 4260.471143 4268.537125 4295.826853 4290.829084 4306.447970 4314.864991
23.800000 4261.896291 4271.160402 4298.678153 4293.083150 4309.161708 4316.781771
23.820000 4263.858989 4273.642559 4300.737510 4295.498025 4311.946786 4318.550668
23.840000 4265.614670 4276.024813 4303.753638 4297.856671 4314.658568 4320.900964
23.860000 4267.419567 4278.180904 4305.900057 4300.197272 4317.433580 4322.877700
23.880000 4269.682523 4280.755186 4307.958170 4302.552106 4319.787686 4325.708238
23.900000 4271.467497 4283.091553 4310.475623 4305.017982 4322.147045 4329.225267
23.920000 4272.985701 4285.825882 4313.091058 4307.417226 4324.410438 4331.241042
23.940000 4275.061218 4288.544755 4315.217797 4309.743020 4326.491816 4333.659158
23.960000 4277.187257 4291.329188 4317.717084 4312.022707 4328.443027 4336.617220
23.980000 4278.639597 4294.350024 4319.785838 4314.197258 4330.458472 4338.800481
24.000000 4280.428411 4296.906285 4322.029710 4316.391537 4332.442692 4342.187339
24.020000 4281.841262 4298.800954 4324.797700 4318.562166 4334.228547 4344.013730
24.040000 4283.518141 4300.705734 4327.425812 4320.780044 4336.073314 4346.074688
24.060000 4285.372525 4302.642082 4330.317140 4323.027443 4338.635997 4348.288769
24.080000 4287.685812 4305.370158 4332.839045 4325.312380 4340.970392 4350.719510
24.100000 4289.616534 4307.833239 4335.106550 4327.710681 4343.596467 4353.012567
24.120000 4291.613371 4309.914275 4337.486063 4330.074460 4346.199723 4356.064410
24.140000 4293.866461 4311.734824 4339.648742 4332.424741 4349.111930 4358.220839
24.160000 4295.939987 4314.104946 4342.029461 4334.833791 4351.857839 4360.047555
24.180000 4297.571048 4316.058762 4343.975800 4337.194666 4354.350248 4363.391764
24.200000 4300.014006 4318.262332 4346.079304 4339.494946 4356.492117 4366.005003
24.220000 4301.746255 4320.090340 4348.297104 4341.756794 4358.592159 4368.351327
24.240000 4304.904859 4322.250379 4350.392674 4344.119665 4360.926666 4370.678262
24.260000 4307.061733 4324.441677 4352.259261 4346.455631 4363.155919 4373.124788
24.270000 4308.085278 4325.511206 4353.297471 4347.581763 4364.286544 4374.192350
24.300000 4313.504179 4329.399795 4356.396802 4351.135905 4367.664949 4377.756290
24.320000 4315.435314 4331.966363 4357.979990 4353.278881 4369.956186 4379.470058
24.340000 4318.836846 4334.784938 4359.702516 4355.395092 4372.176300 4382.019960
24.360000 4322.840902 4337.265689 4361.477609 4357.589081 4374.683293 4383.651949
24.380000 4325.259913 4339.699656 4363.183942 4359.865567 4376.881351 4387.065934
24.400000 4328.569784 4341.622472 4365.045474 4362.010326 4379.199812 4389.647947
24.420000 4330.610477 4344.209591 4367.207895 4364.194449 4381.394096 4392.661511
24.440000 4333.070175 4347.253770 4369.322915 4366.275092 4383.422750 4394.906766
24.460000 4335.028895 4349.460355 4371.949298 4368.388628 4385.760823 4397.898986
24.480000 4337.580272 4351.934984 4374.292267 4370.511442 4388.083888 4400.452018
24.500000 4340.363719 4353.836794 4376.798552 4372.582982 4390.331557 4402.578909
24.520000 4342.480050 4355.495534 4378.777144 4374.622108 4392.333166 4404.900370
24.540000 4344.950463 4357.279491 4380.746228 4376.750057 4394.349402 4406.772647
24.560000 4346.811191 4359.727123 4382.633008 4378.815210 4396.761254 4408.930279
24.580000 4348.916711 4362.269482 4384.157928 4380.825613 4398.559253 4410.726070
24.600000 4350.348457 4364.685057 4385.689744 4382.903101 4400.409229 4413.653841
24.620000 4352.001450 4367.393183 4387.560840 4384.939771 4402.296392 4415.731065
24.640000 4353.510271 4369.385169 4389.275891 4386.966659 4403.928034 4418.682347
24.660000 4355.149654 4371.868699 4390.733844 4388.971408 4405.779372 4421.054403
24.680000 4356.894978 4374.030540 4392.418948 4391.091220 4407.434675 4423.847881
24.700000 4358.428078 4376.039045 4393.906242 4393.138601 4409.430568 4426.469542
24.720000 4360.367783 4378.467255 4395.485920 4395.284057 4411.350177 4428.570446
24.740000 4361.875135 4381.139760 4397.090199 4397.415230 4413.224738 4430.503073
24.760000 4363.299394 4384.231490 4398.476702 4399.559727 4414.871870 4432.710068
24.800000 4367.125654 4390.001499 4401.601636 4403.729577 4418.615877 4437.732542
24.820000 4369.220616 4393.029898 4403.441345 4405.847658 4420.708293 4440.839603
24.840000 4370.165279 4395.013478 4405.346652 4407.827736 4422.722801 4442.573774
24.860000 4371.791439 4396.961665 4406.865056 4409.796688 4424.645357 4444.985212
24.880000 4373.631296 4398.932165 4408.959542 4411.770991 4426.905046 4447.595047
24.900000 4374.827094 4400.737731 4410.824074 4413.806128 4428.773607 4449.558398
24.920000 4376.230241 4402.599219 4412.990508 4415.707703 4430.730461 4451.529688
24.940000 4385.343688 4404.445066 4415.139056 4417.780540 4433.575675 4453.138675
24.960000 4389.884628 4406.379385 4416.992962 4419.879245 4435.455280 4455.069965
24.980000 4395.472458 4408.244351 4419.269739 4421.973825 4437.280024 4456.327310
25.000000 4397.386020 4410.461398 4421.385069 4424.176089 4439.977165 4458.250908
25.020000 4400.364764 4412.766309 4423.760846 4426.334183 4442.166082 4460.154035
25.040000 4403.091479 4415.256071 4426.005795 4428.516879 4444.057595 4461.641059
25.060000 4404.359629 4417.710164 4428.317326 4430.784561 4446.062268 4463.794104
25.080000 4405.761980 4420.030623 4430.653067 4432.983050 4448.355481 4465.836205
25.100000 4409.715670 4422.379985 4432.982802 4435.183621 4450.335933 4467.841675
25.120000 4410.730645 4424.440808 4435.295507 4437.314749 4451.866213 4469.527254
25.140000 4413.312426 4426.520716 4437.501609 4439.501355 4453.636711 4471.696995
25.160000 4414.447256 4428.415691 4439.906614 4441.642217 4455.258532 4473.284498
25.180000 4415.689396 4430.407578 4442.659334 4443.795338 4457.914812 4475.161229
25.200000 4418.191313 4432.530149 4445.749269 4446.091638 4460.102822 4477.498293
25.220000 4421.734656 4434.573800 4447.865993 4448.288129 4462.259995 4479.990959
25.240000 4423.126665 4436.782141 4450.337427 4450.412406 4464.267167 4482.005152
25.260000 4425.273007 4439.468683 4452.922520 4452.557362 4466.407252 4485.043531
25.280000 4428.733766 4441.305108 4455.174310 4454.751062 4468.844959 4487.585109
25.300000 4430.297045 4444.026052 4457.056383 4456.849036 4470.603250 4489.569709
25.320000 4431.952534 4446.237639 4458.912096 4458.999190 4473.486558 4492.265041
25.360000 4435.043127 4452.234466 4461.904313 4463.258161 4477.567234 4496.306796
25.380000 4437.235237 4455.093878 4463.546845 4465.367573 4479.624871 4498.515134
25.400000 4438.503024 4457.908468 4465.285463 4467.430842 4481.204874 4500.591026
25.420000 4439.732406 4459.691274 4467.194505 4469.494953 4483.017500 4502.408310
25.440000 4441.363606 4461.909149 4468.914554 4471.493025 4485.202132 4504.207860
25.460000 4443.190036 4463.764648 4470.772147 4473.557067 4487.377453 4505.775758
25.480000 4446.119224 4465.476380 4472.750244 4475.483884 4489.966722 4507.480671
25.500000 4449.427770 4467.261947 4474.920001 4477.656565 4492.612609 4508.931477
25.520000 4451.774271 4468.932154 4477.316339 4479.805317 4495.024676 4510.443486
25.540000 4454.022786 4470.626684 4480.430394 4482.052588 4497.132147 4511.911323
25.560000 4456.024257 4472.143119 4483.132051 4484.364277 4500.010941 4513.376306
25.580000 4457.582726 4473.702524 4485.820240 4486.724345 4502.167965 4514.678155
25.600000 4459.353956 4475.277902 4488.374437 4488.958005 4504.575248 4515.951816
25.620000 4461.361796 4477.032159 4491.790717 4491.386962 4506.556851 4517.409474
25.640000 4463.312742 4478.796851 4495.025701 4493.918343 4508.997344 4518.835275
25.660000 4465.685987 4480.750150 4498.105481 4496.394315 4512.100891 4520.507718
25.680000 4466.608456 4482.891784 4501.625999 4499.000988 4514.485056 4522.629020
25.700000 4468.754979 4485.050073 4504.306218 4501.439873 4516.301923 4524.045606
25.720000 4470.170028 4487.055179 4506.799587 4503.832839 4518.929474 4525.879621
25.740000 4471.510961 4489.521983 4509.183466 4506.139641 4521.031479 4528.170790
25.760000 4473.126436 4492.039670 4511.414820 4508.451398 4523.466525 4530.337466
25.780000 4475.221000 4494.850116 4514.086381 4510.870801 4526.041951 4533.264613
25.800000 4477.131056 4497.189662 4516.562388 4513.220810 4528.628082 4535.413970
25.820000 4478.906314 4499.283190 4518.989310 4515.538012 4531.010694 4538.183556
25.840000 4483.580481 4501.272431 4521.520829 4517.851398 4533.363707 4540.724630
25.860000 4485.461435 4503.512770 4523.947862 4520.231033 4535.931551 4542.496259
25.880000 4488.404620 4505.416943 4526.144568 4522.386174 4538.022785 4544.638541
25.900000 4489.757853 4507.271597 4528.329099 4524.570042 4540.315377 4546.376664
25.920000 4492.406009 4509.208564 4530.433715 4526.718870 4542.477697 4548.722463
25.940000 4494.331782 4510.921895 4533.065135 4528.835624 4544.618217 4550.451536
25.960000 4496.301848 4512.737788 4535.070601 4530.907284 4546.747921 4552.152111
25.980000 4499.609481 4514.619020 4537.394291 4533.014378 4548.884201 4553.982970
26.000000 4501.145875 4516.592051 4539.624541 4535.088111 4550.583982 4555.869187
26.020000 4503.533971 4518.250705 4541.761482 4537.171703 4552.484624 4557.732281
26.040000 4506.634895 4520.116357 4543.986074 4539.356120 4554.407891 4559.605024
26.060000 4508.404075 4522.409317 4546.415599 4541.606886 4556.362088 4561.361967
26.080000 4512.126713 4524.182447 4549.375711 4543.981013 4558.335550 4563.117169
26.100000 4513.942784 4525.955541 4552.206814 4546.304312 4560.327287 4564.911785
26.120000 4516.308517 4527.783928 4554.682261 4548.632238 4562.681098 4567.254553
26.140000 4518.603793 4529.593133 4557.780105 4550.991291 4564.787379 4569.385882
26.160000 4520.652844 4531.638927 4560.386765 4553.545130 4567.554172 4572.313031
26.180000 4522.906616 4533.985393 4563.371271 4555.971984 4569.866914 4574.363655
26.200000 4524.996273 4535.753754 4566.634493 4558.666938 4572.781524 4576.872099
26.220000 4527.044880 4538.372114 4569.553370 4561.204727 4575.536240 4579.093609
26.240000 4528.656856 4540.964751 4572.267942 4563.603475 4577.842529 4582.472262
26.260000 4530.677876 4543.493688 4574.735423 4566.085344 4580.325677 4585.320378
26.280000 4532.105217 4545.848736 4577.381067 4568.641508 4582.905237 4588.372894
26.320000 4536.815524 4550.718785 4582.043220 4573.753033 4588.404348 4595.149533
26.340000 4539.088086 4553.025631 4584.319657 4576.272012 4591.193466 4598.122179
26.360000 4541.283423 4555.578976 4586.541029 4578.662772 4593.915037 4600.891526
26.380000 4543.551801 4557.906799 4588.658967 4581.017791 4596.428761 4604.098144
26.400000 4545.211424 4560.046390 4590.800291 4583.384673 4599.210803 4607.052323
26.420000 4547.027076 4562.873781 4592.759907 4585.696650 4601.726713 4609.185793
26.440000 4548.726429 4565.012430 4594.977444 4588.018249 4604.026685 4612.042290
26.460000 4550.468822 4567.065463 4597.330454 4590.313414 4606.454015 4614.335447
26.480000 4552.450043 4568.815772 4599.580619 4592.666744 4609.122492 4616.642823
26.500000 4553.921561 4571.320594 4602.278975 4595.058307 4611.927648 4618.962542
26.520000 4556.008129 4573.782415 4604.501530 4597.323590 4614.280371 4620.492271
26.540000 4558.202426 4575.907432 4607.019508 4599.658200 4616.472873 4622.993432
26.560000 4560.191912 4578.709877 4609.223114 4601.955627 4618.777495 4625.669552
26.580000 4561.747191 4580.874996 4611.657500 4604.139485 4621.222212 4628.520880
26.600000 4563.654914 4582.617687 4614.082017 4606.344369 4623.200596 4630.161514
26.620000 4565.795622 4584.354556 4616.286753 4608.675807 4625.195851 4631.811773
26.640000 4567.774862 4585.892457 4618.878787 4611.064982 4627.492722 4634.570550
26.660000 4569.401905 4587.760572 4621.349445 4613.376505 4629.394415 4637.482749
26.680000 4571.073233 4589.692932 4623.937998 4615.665969 4631.591417 4638.848897
26.700000 4573.110958 4591.384365 4626.480648 4618.004118 4633.682417 4641.326814
26.720000 4575.218906 4593.207860 4628.933621 4620.357483 4636.027060 4643.757771
26.740000 4576.504747 4595.376842 4631.488426 4622.650798 4638.378686 4645.954333
26.760000 4578.523924 4597.939848 4634.070663 4625.009059 4641.087872 4647.867268
26.780000 4580.022107 4600.406094 4636.127321 4627.359846 4643.752049 4650.112386
26.800000 4582.746251 4602.709298 4638.286235 4629.734233 4646.444445 4652.229521
26.820000 4584.371651 4604.665939 4640.425450 4632.168540 4649.279133 4654.649323
26.840000 4586.915358 4607.007950 4642.663691 4634.766293 4652.125535 4657.787886
26.860000 4589.401521 4609.081456 4644.898542 4637.239620 4654.698110 4660.629387
26.880000 4591.484256 4611.563609 4647.274916 4639.743436 4657.463326 4663.635173
26.900000 4593.758229 4614.126455 4650.121876 4642.132520 4659.621948 4666.120268
26.920000 4596.634456 4617.218581 4652.590012 4644.598276 4661.931355 4668.208690
26.940000 4598.384809 4619.059779 4655.421431 4647.109392 4664.178406 4670.443320
27.020000 4607.578616 4626.512479 4667.510988 4657.428152 4673.678754 4677.559347
27.040000 4609.398187 4629.008436 4670.657117 4659.989012 4676.042193 4679.650419
27.060000 4611.241338 4631.216960 4673.361289 4662.476479 4678.305681 4681.613226
27.080000 4614.727459 4632.755034 4676.227306 4664.872862 4680.373172 4683.873711
27.100000 4617.008903 4634.874853 4678.757104 4667.339889 4682.737213 4686.301220
27.120000 4619.432987 4637.119951 4680.878364 4669.635719 4684.932903 4688.129960
27.140000 4622.859009 4639.113978 4683.117905 4671.782968 4686.883579 4690.579048
27.160000 4625.797392 4641.144099 4685.039439 4673.789442 4688.742487 4692.433584
27.180000 4629.028652 4643.183810 4686.681032 4675.717396 4690.539680 4694.355305
27.200000 4631.606923 4645.375939 4688.410588 4677.621580 4692.381520 4696.630298
27.220000 4634.294045 4647.138053 4690.236924 4679.548195 4694.092683 4698.668975
27.240000 4636.568253 4649.132544 4692.128523 4681.454231 4695.746022 4700.513113
27.260000 4638.367929 4651.106300 4693.816473 4683.362801 4697.691236 4702.453859
27.280000 4642.028225 4653.416314 4695.522223 4685.263739 4699.485518 4704.356796
27.300000 4643.908970 4655.362297 4697.307094 4687.242127 4701.429667 4706.152560
27.320000 4646.747890 4657.710745 4699.237957 4689.350726 4703.843844 4707.987033
27.340000 4650.273827 4659.784763 4701.548478 4691.573417 4706.133314 4709.746052
27.360000 4653.392586 4661.866544 4703.920408 4693.895059 4708.628295 4712.070670
27.380000 4655.745604 4663.902823 4706.312890 4696.154871 4710.927605 4714.566938
27.400000 4657.477717 4666.400375 4708.632060 4698.327248 4713.146283 4716.729382
27.420000 4659.396161 4668.388539 4710.755189 4700.480565 4715.234098 4718.298627
27.440000 4661.361240 4670.213397 4712.991605 4702.592237 4717.522614 4720.578137
27.460000 4664.444662 4672.203043 4714.998562 4704.627403 4719.372707 4722.579063
27.480000 4666.961278 4674.664316 4716.904594 4706.575749 4721.095784 4724.200578
27.500000 4669.370061 4676.975789 4718.684121 4708.549222 4722.762615 4725.976518
27.520000 4671.915589 4679.233062 4720.861970 4710.578714 4724.557139 4727.771513
27.540000 4674.518396 4681.157279 4722.856109 4712.595440 4726.490065 4729.080021
27.560000 4677.177286 4683.072439 4724.972768 4714.590640 4728.215278 4730.857343
27.580000 4679.479786 4685.032944 4726.792449 4716.545015 4729.815900 4732.440314
27.600000 4681.883298 4686.501877 4728.610584 4718.364138 4731.528368 4734.126189
27.620000 4683.790777 4688.034077 4730.420823 4720.143449 4733.164870 4735.761747
27.640000 4685.510183 4689.623801 4732.191503 4721.866669 4734.822812 4737.056157
27.660000 4687.812244 4691.286120 4733.915153 4723.543906 4736.334728 4739.595184
27.680000 4689.547001 4692.897296 4735.503334 4725.153618 4738.014519 4740.826964
27.700000 4691.357661 4694.460489 4737.046751 4726.726795 4739.400482 4742.120875
27.720000 4692.847478 4696.073845 4738.654084 4728.390079 4741.037570 4743.760440
27.740000 4694.829306 4697.814249 4740.247895 4730.089329 4742.532218 4744.763213
27.760000 4696.424052 4699.759371 4741.843088 4731.809988 4743.991525 4746.335483
27.780000 4697.899053 4701.980279 4743.279891 4733.412888 4745.459053 4748.059117
27.800000 4699.409073 4703.851980 4744.893029 4735.056153 4746.955767 4749.668019
27.820000 4700.762924 4705.752977 4746.333404 4736.665375 4748.435474 4750.866327
27.840000 4702.339332 4707.926510 4747.845972 4738.329528 4749.882448 4752.514184
27.860000 4704.060944 4710.771564 4749.385812 4740.033312 4751.325325 4753.780154
27.880000 4705.854127 4713.256794 4750.901429 4741.734884 4752.855914 4755.246265
27.900000 4707.835739 4716.723348 4752.383658 4743.465115 4754.219240 4756.797581
27.920000 4710.253045 4719.518722 4753.819921 4745.270444 4755.739162 4758.130188
27.940000 4712.391666 4722.515513 4755.217755 4747.017887 4757.262154 4759.483286
27.960000 4714.990039 4725.993637 4756.737068 4748.877737 4758.719856 4760.695244
27.980000 4717.621738 4728.997279 4758.106440 4750.662304 4760.195636 4762.361449
28.000000 4719.823239 4731.503768 4759.546981 4752.394825 4761.676729 4763.866606
28.020000 4721.713851 4734.386720 4761.035602 4754.128274 4763.023469 4765.383909
28.040000 4723.477140 4736.760932 4762.569327 4755.847406 4764.395498 4766.899456
28.060000 4726.641724 4739.175104 4764.010523 4757.544642 4765.920624 4768.454199
28.080000 4729.407858 4741.695773 4765.481451 4759.304086 4767.347902 4770.041891
28.100000 4732.184650 4744.118977 4766.858466 4761.113436 4768.902532 4771.704390
28.120000 4734.803669 4746.431070 4768.300813 4762.874352 4770.452327 4773.194982
28.140000 4737.282543 4748.873904 4769.698025 4764.564836 4771.898886 4774.698662
28.160000 4739.387877 4751.592325 4771.075659 4766.294448 4773.455449 4776.113627
28.180000 4741.753419 4753.804198 4772.555872 4767.984988 4774.889239 4777.738209
28.200000 4744.371346 4755.871224 4773.977814 4769.713470 4776.339780 4779.339767
28.220000 4747.400181 4758.761203 4775.574808 4771.495112 4777.914158 4780.960039
28.240000 4750.786796 4760.991134 4776.993119 4773.242122 4779.461178 4782.532954
28.260000 4753.014175 4763.414555 4778.447134 4775.013812 4781.138281 4784.365114
28.280000 4755.619301 4765.907988 4779.880627 4776.863094 4782.695961 4786.073019
28.300000 4758.017643 4768.722258 4781.465947 4778.685639 4784.480830 4788.560967
28.320000 4760.615667 4771.036367 4783.033248 4780.479137 4786.188226 4790.531264
28.340000 4762.624455 4773.431138 4784.587572 4782.312607 4787.935737 4792.475793
28.360000 4764.662638 4776.073846 4786.297464 4784.238089 4789.823953 4793.842079
28.380000 4767.471589 4779.826113 4787.977901 4786.289123 4791.666638 4795.666534
28.400000 4770.040953 4782.785290 4789.731437 4788.298075 4793.787865 4797.469434
28.420000 4772.367897 4785.131752 4791.553203 4790.334924 4795.592747 4799.480481
28.440000 4774.204554 4787.364553 4793.585662 4792.307469 4797.352953 4801.343640
28.460000 4777.818960 4789.963772 4795.460448 4794.367503 4799.067363 4803.098428
28.480000 4780.967724 4792.292139 4797.644553 4796.550921 4801.021328 4804.763372
28.500000 4784.198681 4794.839047 4799.603236 4798.599661 4802.965672 4806.443470
28.520000 4787.169367 4797.216337 4801.455456 4800.649729 4804.698737 4807.988670
28.540000 4790.572456 4799.332911 4803.306137 4802.696180 4806.506873 4809.250672
28.560000 4793.611238 4801.620232 4805.090878 4804.652176 4808.152349 4811.133715
28.580000 4796.322198 4803.814102 4807.034094 4806.562553 4809.942010 4812.759231
28.600000 4800.234740 4805.589121 4808.767190 4808.393823 4811.718614 4814.243845
28.620000 4802.501943 4807.504633 4810.384178 4810.172621 4813.342927 4815.722970
28.640000 4804.496599 4809.252737 4812.250214 4811.967341 4815.036950 4817.122839
28.660000 4806.902513 4811.276052 4814.157821 4813.863137 4816.872612 4819.012545
28.680000 4808.784809 4813.083040 4816.118243 4815.785818 4818.836232 4820.956039
28.700000 4810.324278 4814.885734 4818.039694 4817.598538 4820.553306 4822.933876
28.720000 4811.806016 4816.759689 4819.747120 4819.422013 4822.365301 4824.924428
28.740000 4813.654927 4818.634549 4821.388921 4821.164964 4823.949380 4826.446435
28.760000 4816.370051 4820.400312 4823.102347 4822.894403 4825.622723 4828.330452
28.780000 4817.912666 4821.951486 4824.762081 4824.474771 4827.074290 4830.122156
28.800000 4819.397227 4823.669981 4826.319874 4826.129660 4828.780201 4831.963369
28.820000 4820.965974 4825.186953 4827.834960 4827.755983 4830.553750 4833.622793
28.840000 4822.958965 4826.788722 4829.387443 4829.380926 4832.166112 4835.307442
28.860000 4824.408237 4828.416049 4831.100470 4831.070571 4834.061328 4837.336714
28.880000 4826.599976 4830.129598 4832.817302 4832.849809 4835.736415 4839.626166
28.920000 4830.223056 4833.175563 4836.233641 4836.356835 4839.609248 4843.520220
28.980000 4834.581368 4837.691706 4841.081430 4841.221908 4844.780134 4848.800718
29.000000 4836.627895 4839.385930 4842.920295 4843.093903 4846.625000 4850.639569
29.020000 4838.542654 4841.446878 4844.917864 4845.079334 4848.754700 4852.166575
29.040000 4840.484465 4843.485350 4846.881734 4847.041487 4850.802708 4854.105708
29.060000 4842.550736 4845.248938 4848.965733 4849.018073 4852.663390 4855.955844
29.080000 4844.265338 4847.286343 4851.014004 4850.967038 4854.469881 4857.578925
29.100000 4846.543820 4849.527610 4853.186806 4853.208369 4856.634265 4860.039102
29.120000 4848.557173 4851.724310 4855.291545 4855.257076 4858.602769 4862.146151
29.140000 4850.621290 4854.495292 4857.631655 4857.671228 4860.758421 4864.668472
29.160000 4853.215794 4856.516054 4859.610209 4859.780190 4862.790355 4866.831598
29.180000 4855.606330 4858.800558 4861.531926 4861.783461 4864.978770 4869.478686
29.200000 4857.347716 4860.454850 4863.297403 4863.639081 4866.949809 4872.362378
29.220000 4859.224198 4862.198510 4865.067659 4865.521444 4868.795599 4874.682504
29.240000 4860.957336 4863.833894 4866.746396 4867.340111 4870.606478 4877.587952
29.260000 4862.362939 4865.345836 4868.446197 4869.129570 4872.672054 4880.202599
29.280000 4864.020361 4866.938374 4870.218270 4870.965515 4874.660567 4883.216621
29.300000 4865.809910 4868.655914 4871.989943 4872.744440 4876.476986 4885.571175
29.320000 4867.565711 4870.388162 4873.684970 4874.576243 4878.454525 4889.529025
29.340000 4869.328374 4872.104124 4875.332141 4876.429065 4881.033496 4890.773649
29.360000 4870.857803 4873.763372 4877.080865 4878.275842 4883.286444 4892.795006
29.380000 4872.316426 4875.201353 4878.831745 4880.086518 4885.354750 4895.131936
29.400000 4873.634042 4876.785693 4880.481591 4881.907738 4887.694291 4897.254597
29.420000 4875.048054 4878.352763 4882.007152 4883.725442 4889.949992 4899.838061
29.440000 4876.424405 4879.961801 4883.635317 4885.548611 4892.516990 4902.283279
29.480000 4879.627488 4882.592760 4886.827406 4889.130057 4897.433091 4906.674429
29.500000 4881.147289 4884.152098 4888.526442 4890.945132 4899.650630 4908.413244
29.520000 4882.445194 4885.717988 4890.375953 4892.789195 4901.557681 4910.420290
29.540000 4883.998014 4887.195857 4892.452577 4894.693612 4903.726766 4912.181176
29.560000 4885.504118 4889.063157 4894.599610 4896.661522 4905.506986 4914.055224
29.580000 4887.065620 4890.823859 4896.691672 4898.568927 4907.324253 4916.553456
29.600000 4888.745997 4892.839987 4898.963603 4900.587911 4909.704668 4918.504953
29.620000 4890.389351 4894.706863 4901.205446 4902.534479 4911.958995 4920.472879
29.640000 4891.826582 4896.487313 4903.029055 4904.504270 4913.695546 4922.337298
29.660000 4893.535569 4898.345863 4905.490811 4906.608600 4915.670123 4924.268415
29.680000 4895.332208 4900.411297 4907.751305 4908.651036 4917.935583 4926.184253
29.700000 4897.810739 4902.395403 4909.854398 4910.729149 4920.230111 4928.159936
29.720000 4899.972006 4904.421380 4912.000683 4912.932673 4922.687073 4930.686179
29.740000 4901.814258 4906.376183 4914.029860 4914.995435 4924.540289 4932.481431
29.760000 4903.994938 4908.439703 4915.727904 4917.070030 4926.548821 4934.688380
29.780000 4905.921310 4910.568474 4917.655551 4919.045139 4928.534757 4936.705170
29.800000 4907.767084 4912.895164 4919.748091 4921.317785 4931.163714 4939.572724
29.820000 4909.698530 4914.997749 4921.898877 4923.579382 4933.596909 4941.612226
29.840000 4912.335441 4917.180970 4924.131092 4925.776765 4935.887635 4943.797982
29.860000 4913.738263 4919.443626 4926.284872 4927.792292 4938.046516 4945.991821
29.880000 4915.814388 4921.373073 4928.456024 4929.885609 4940.117653 4947.739259
29.940000 4922.649436 4927.201888 4934.612852 4935.866182 4946.337417 4951.529520
29.960000 4924.484298 4929.335842 4936.638278 4937.810969 4948.174016 4952.980940
29.980000 4926.013850 4931.494769 4938.485365 4939.762501 4950.489062 4954.292858
30.000000 4927.888198 4933.514364 4940.331162 4941.638568 4952.246417 4955.653825
30.020000 4929.589127 4935.656588 4942.068667 4943.497628 4954.023348 4957.048557
30.040000 4931.726353 4937.776235 4943.772980 4945.344519 4955.651641 4958.343655
30.060000 4933.910382 4940.053092 4945.654537 4947.198220 4957.076915 4959.565336
30.080000 4935.210974 4942.179144 4947.510898 4949.001058 4958.674143 4960.953958
30.100000 4937.412677 4944.196296 4949.494103 4950.842006 4960.100401 4962.230501
30.120000 4940.251683 4946.404430 4951.483175 4952.694835 4961.378151 4963.390918
30.140000 4942.388747 4948.340932 4953.537315 4954.536351 4962.624866 4964.641599
30.160000 4944.646595 4950.499467 4955.354560 4956.394884 4963.917236 4966.223268
30.180000 4947.177565 4952.529258 4957.351849 4958.208004 4965.155293 4967.576188
30.200000 4949.723720 4954.427488 4959.343558 4960.067462 4966.379229 4969.007620
30.220000 4951.982173 4956.532337 4961.323246 4961.840187 4967.691670 4970.289114
30.260000 4957.011882 4960.864347 4965.560539 4965.593925 4970.235182 4973.309803
30.280000 4958.822637 4962.847820 4967.654864 4967.423012 4971.657597 4975.264341
30.300000 4960.983302 4964.736042 4969.585470 4969.152445 4973.164052 4976.934103
30.320000 4962.746787 4966.566331 4971.299409 4970.865610 4974.700110 4978.595023
30.340000 4964.712598 4968.223613 4972.882482 4972.553922 4976.287369 4979.933855
30.360000 4966.713472 4969.984524 4974.496462 4974.217094 4977.764260 4982.055220
30.380000 4968.236593 4971.918967 4976.061473 4975.857262 4979.415533 4983.561605
30.400000 4970.094564 4973.739742 4977.688321 4977.476018 4980.921850 4985.139263
30.420000 4971.936730 4975.611382 4979.348191 4979.170531 4982.367280 4987.059349
30.440000 4974.176854 4977.598644 4980.956991 4980.819362 4983.684935 4988.527194
30.460000 4975.736373 4979.206955 4982.517950 4982.350747 4984.999010 4989.886053
30.480000 4977.380994 4981.036167 4983.982408 4983.904525 4986.387079 4991.253983
30.500000 4979.121171 4982.597839 4985.455536 4985.372394 4987.704147 4992.796252
30.520000 4980.928594 4984.150377 4986.777685 4986.819057 4988.941243 4994.235053
30.540000 4982.794677 4985.794514 4988.146528 4988.242955 4990.186269 4995.608832
30.560000 4984.313950 4987.135580 4989.620630 4989.641199 4991.497434 4996.994780
30.580000 4985.639151 4988.675968 4990.915363 4991.024564 4992.876106 4998.472490
30.600000 4987.107533 4989.947791 4992.148107 4992.343501 4994.324572 4999.888853
30.620000 4988.385024 4991.377540 4993.423969 4993.691270 4995.689797 5001.605852
30.640000 4989.874624 4992.806042 4994.758714 4995.121452 4997.011470 5003.404535
30.660000 4991.269758 4994.132393 4996.066779 4996.544944 4998.690516 5004.483655
30.680000 4992.587133 4995.465904 4997.340718 4997.964207 5000.466021 5006.279573
30.700000 4994.038292 4996.779065 4998.641536 4999.362813 5002.380858 5007.615959
30.720000 4995.684839 4998.016552 5000.021912 5000.815031 5004.054288 5009.367650
30.760000 4998.098174 5000.419606 5002.670120 5003.605991 5007.825509 5012.642664
30.780000 4999.429014 5001.721534 5004.159678 5005.091547 5009.417865 5014.222853
30.800000 5000.858357 5003.181589 5005.704208 5006.662119 5011.353475 5015.918314
30.820000 5002.326674 5004.690911 5007.226712 5008.244480 5013.221002 5017.668886
30.840000 5003.849413 5006.014670 5008.754374 5009.842006 5015.054376 5019.039840
30.860000 5005.112361 5007.506734 5010.396548 5011.468523 5016.566494 5020.797766
30.880000 5006.576080 5009.010629 5012.001918 5013.050948 5018.182693 5022.067526
30.900000 5008.056009 5010.543195 5013.733554 5014.672585 5019.845504 5023.369493
30.920000 5009.515507 5012.143101 5015.582831 5016.366669 5021.456030 5024.759331
30.940000 5010.966540 5013.577457 5017.392419 5018.042871 5023.305563 5026.136137
30.960000 5012.818293 5015.382577 5019.105167 5019.790672 5024.944961 5027.681242
30.980000 5014.847568 5017.129357 5020.957608 5021.457177 5026.324791 5029.164224
31.000000 5016.310663 5019.025215 5022.766588 5023.157428 5027.669414 5030.512600
31.020000 5017.756715 5020.582180 5024.657888 5024.821435 5029.283372 5031.823256
31.040000 5019.337766 5022.366868 5026.405977 5026.499986 5030.758222 5033.765290
31.060000 5020.662531 5024.162675 5028.295004 5028.189529 5032.341076 5035.309073
31.080000 5022.340728 5025.797926 5030.192857 5029.961449 5033.987381 5037.015744
31.100000 5024.420312 5027.735069 5032.161252 5031.866415 5035.641182 5038.844037
31.120000 5026.579380 5029.910874 5034.299624 5033.992691 5037.752044 5041.239829
31.140000 5028.476645 5032.625325 5036.495154 5036.337011 5040.044027 5043.999624
31.160000 5030.774567 5035.203311 5038.937269 5038.911914 5042.568139 5046.759122
31.180000 5033.987270 5037.988540 5041.687220 5041.675752 5045.422123 5049.177621
31.200000 5036.249762 5040.450668 5044.377871 5044.214338 5047.941671 5050.907702
31.220000 5038.867140 5042.755540 5046.772552 5046.595834 5050.307030 5053.422625
31.240000 5040.678746 5044.745418 5049.229659 5048.845126 5052.656794 5055.976004
31.260000 5042.347534 5046.916659 5051.536568 5051.097074 5054.912270 5057.884931
31.280000 5044.399173 5048.906375 5053.642752 5053.169241 5056.982892 5060.637876
31.300000 5046.017438 5051.249819 5055.693122 5055.233285 5058.769349 5062.855883
31.320000 5048.292738 5053.556693 5057.591020 5057.316928 5060.748994 5065.016932
31.340000 5050.458796 5055.784946 5059.407995 5059.305122 5062.918372 5067.145839
31.360000 5052.628448 5057.792705 5061.423765 5061.324432 5065.172935 5069.399881
31.380000 5054.604893 5059.565715 5063.325366 5063.267952 5067.084075 5071.495020
31.400000 5056.767489 5061.193442 5065.141854 5065.145243 5069.177331 5073.518835
31.420000 5059.044022 5063.290162 5067.173910 5067.211311 5071.368409 5075.946795
31.440000 5061.230060 5065.285452 5069.298896 5069.393146 5073.643831 5078.445002
31.460000 5063.180508 5067.219540 5071.489760 5071.527830 5075.592590 5081.540079
31.480000 5064.546699 5068.991383 5073.343550 5073.526769 5077.655932 5084.277920
31.500000 5066.655834 5070.709976 5075.148754 5075.476094 5079.799893 5086.624476
31.520000 5068.202815 5072.439195 5077.217838 5077.410929 5081.962592 5088.779127
31.540000 5069.551139 5074.029147 5078.810050 5079.300975 5084.063244 5092.655096
31.560000 5071.602214 5076.021762 5080.730704 5081.168892 5085.967283 5094.511269
31.580000 5073.237812 5077.869567 5082.517815 5083.044750 5088.085636 5096.424697
31.600000 5074.811896 5079.868255 5084.460754 5084.990679 5090.083500 5098.110494
31.620000 5076.437551 5081.658999 5086.373075 5086.936829 5092.153879 5100.774246
31.640000 5078.463139 5083.659357 5088.286436 5088.971742 5094.003336 5104.126626
31.660000 5080.369560 5085.448580 5090.234560 5090.931563 5095.984688 5107.692304
31.680000 5082.554941 5087.591381 5092.229923 5093.081725 5098.383358 5109.880804
31.700000 5084.501806 5089.654046 5094.164382 5095.283156 5101.186903 5112.503278
31.720000 5086.873329 5091.795683 5096.113803 5097.499416 5104.150714 5114.983436
31.740000 5088.957632 5093.756990 5098.185190 5099.813317 5106.751473 5117.061247
31.760000 5090.454830 5095.521881 5100.110276 5101.948465 5109.208258 5119.778756
31.780000 5092.112036 5097.143639 5102.385385 5104.096706 5111.628776 5122.342853
31.800000 5093.780169 5098.964101 5104.760719 5106.271535 5114.387521 5125.101789
31.820000 5096.147539 5100.747079 5106.929116 5108.391898 5116.673945 5127.239971
31.840000 5098.534202 5102.748045 5109.569814 5110.658189 5119.099550 5129.277440
31.860000 5100.254774 5104.726554 5111.952447 5112.891301 5121.237796 5130.984245
31.880000 5102.014611 5106.772191 5114.547494 5115.134914 5123.541302 5134.221776
31.900000 5104.290758 5108.928602 5117.056513 5117.410698 5125.983865 5136.739936
31.920000 5105.896326 5110.939251 5119.140625 5119.649486 5128.128237 5139.262068
31.940000 5107.709866 5112.818703 5121.569986 5122.017339 5130.199309 5141.336181
31.960000 5109.751342 5114.840288 5124.014518 5124.263259 5132.276132 5144.449506
31.980000 5111.652612 5116.943955 5126.320387 5126.410821 5134.328626 5146.653689
32.000000 5113.702485 5118.842626 5129.105750 5128.712435 5136.209711 5149.466502
32.020000 5115.318552 5121.021140 5131.896654 5130.929754 5138.130061 5151.396411
32.040000 5117.077508 5123.629882 5134.263967 5133.151951 5140.015457 5152.960341
32.060000 5118.909354 5125.970901 5136.639106 5135.420511 5142.065042 5154.512130
32.080000 5120.860865 5128.401976 5139.034190 5137.683551 5144.124135 5156.738995
32.100000 5122.588535 5130.723124 5141.100306 5139.768146 5145.929198 5158.399277
32.120000 5124.076468 5132.755339 5143.136782 5141.845772 5147.810851 5159.652409
32.140000 5126.265089 5135.104337 5145.182051 5143.895883 5149.733637 5161.025275
32.160000 5127.803177 5137.717352 5147.091213 5145.910354 5151.576403 5162.710732
32.180000 5129.785235 5139.858987 5148.923324 5147.864443 5153.193901 5164.368573
32.200000 5133.373725 5142.161409 5150.449539 5149.731715 5155.203208 5166.056619
32.260000 5140.450842 5149.500502 5155.019545 5155.060190 5160.111999 5170.344005
32.280000 5142.211107 5151.969835 5156.648808 5156.820942 5161.646987 5171.814383
32.300000 5145.302094 5153.703060 5158.414965 5158.612669 5163.328803 5173.726101
32.320000 5147.559791 5155.732494 5160.129538 5160.390981 5164.864695 5175.373808
32.340000 5149.968986 5157.476461 5161.700817 5162.043633 5166.587719 5176.858543
32.360000 5151.581249 5158.982640 5163.281166 5163.670242 5168.194373 5178.153716
32.380000 5153.349001 5160.550221 5164.802738 5165.239833 5169.864272 5180.186075
32.400000 5154.907909 5161.989107 5166.293090 5166.770807 5171.196978 5181.553107
32.420000 5156.856918 5163.733587 5167.955649 5168.385203 5172.784221 5183.226894
32.460000 5160.109541 5166.307829 5170.898978 5171.216848 5175.618947 5185.935615
32.480000 5161.399803 5167.731299 5172.423828 5172.727682 5177.023387 5187.246589
32.500000 5162.667768 5169.177881 5173.980740 5174.261672 5178.577140 5188.983453
32.520000 5164.198395 5170.508809 5175.436460 5175.765860 5180.220353 5190.646665
32.540000 5166.111784 5172.009689 5176.976796 5177.323565 5181.875166 5192.720882
32.560000 5167.995626 5173.550547 5178.496305 5178.923622 5183.678400 5194.116092
32.580000 5169.221739 5175.081875 5180.087852 5180.522780 5185.313711 5196.341785
32.600000 5170.871077 5176.764705 5181.894648 5182.273286 5186.895924 5198.957943
32.620000 5172.508926 5178.534292 5183.556931 5184.101555 5188.815228 5200.503292
32.640000 5174.135635 5180.428630 5185.484317 5186.088613 5191.192890 5202.660203
32.660000 5175.516178 5182.198036 5187.301463 5187.953459 5193.332274 5205.217086
32.680000 5176.957952 5183.888900 5189.370092 5189.883585 5195.371101 5207.009507
32.700000 5178.350560 5185.416431 5191.025840 5191.648048 5197.576421 5209.057561
32.720000 5179.935354 5187.134103 5193.045012 5193.492246 5199.431674 5211.026059
32.740000 5181.947927 5188.493579 5194.841880 5195.374713 5201.621859 5213.681830
32.760000 5183.841238 5190.088199 5196.650505 5197.148328 5203.780977 5215.492803
32.780000 5185.666879 5191.546585 5198.270588 5198.932007 5205.773712 5217.139120
32.800000 5187.300113 5193.153596 5200.001629 5200.788796 5207.790213 5218.762388
32.820000 5188.664367 5194.958336 5201.848729 5202.586393 5209.450672 5221.233017
32.840000 5190.717631 5196.663274 5203.656055 5204.453056 5211.448759 5222.666828
32.860000 5191.674720 5198.209576 5205.361204 5206.178367 5213.073128 5224.017336
32.880000 5193.395724 5200.070335 5207.500156 5207.970097 5214.639086 5225.804877
32.900000 5195.269103 5201.845804 5209.361910 5209.698242 5216.535963 5227.556756
32.920000 5196.681794 5203.501634 5211.554572 5211.538840 5218.653875 5229.636314
32.940000 5198.142921 5205.013306 5213.558367 5213.405630 5220.714411 5232.179206
32.960000 5199.958224 5206.689796 5215.377600 5215.259173 5222.472967 5235.431681
32.980000 5201.419278 5208.434461 5217.148197 5217.070192 5224.414638 5238.365328
33.000000 5202.900113 5209.982019 5219.014154 5218.973835 5226.566913 5241.025400
