depth(m) lower_95(kyr) lower_68(kyr) median(kyr) mean(kyr) upper_68(kyr) upper_95(kyr)
128.160000 2684.777399 2691.208642 2696.804629 2696.096714 2700.774759 2703.445863
128.260000 2687.819551 2693.484625 2699.060061 2698.282591 2702.614028 2705.135513
128.360000 2690.815849 2696.088988 2701.152160 2700.409558 2704.370960 2706.902568
128.460000 2693.710723 2698.744654 2703.287021 2702.471522 2706.130093 2708.319639
128.560000 2696.377510 2701.268852 2705.130031 2704.532760 2707.691955 2710.005931
128.660000 2698.790440 2703.881052 2706.962859 2706.508134 2709.421675 2711.375917
128.760000 2701.030708 2705.926588 2708.676392 2708.309294 2710.912238 2712.698032
128.860000 2703.907708 2707.786458 2710.235810 2709.992778 2712.382416 2714.160991
128.960000 2706.329581 2709.563835 2711.757240 2711.613114 2713.829537 2715.662169
129.060000 2708.781845 2711.251427 2713.371189 2713.233566 2715.270425 2716.946781
129.160000 2710.706223 2712.825449 2714.981531 2714.813886 2716.678626 2718.497488
129.260000 2712.352938 2714.427966 2716.558842 2716.417053 2718.301902 2720.026741
129.360000 2714.021147 2716.093458 2718.163430 2718.033313 2719.880459 2721.646795
129.460000 2715.931301 2717.869325 2719.768553 2719.752338 2721.659968 2723.454566
129.560000 2718.047730 2719.851248 2721.638790 2721.709043 2723.564587 2725.483456
129.660000 2719.990418 2722.054767 2723.948893 2723.967278 2725.815491 2728.228603
129.760000 2722.492070 2724.422764 2726.333753 2726.499200 2728.739827 2731.321358
129.860000 2725.283625 2727.357729 2729.858556 2730.066366 2732.820493 2735.807328
129.960000 2728.966865 2731.407708 2734.289380 2734.307780 2737.043187 2740.453968
130.060000 2731.517257 2734.276056 2736.927516 2737.025505 2739.887959 2742.844935
130.160000 2734.143425 2736.749860 2739.439207 2739.513474 2742.298309 2745.101023
130.260000 2736.246395 2738.775051 2741.584420 2741.648270 2744.493426 2747.134666
130.360000 2738.372992 2740.897095 2743.561795 2743.641656 2746.504512 2749.548643
130.460000 2740.229666 2742.886662 2745.587589 2745.637829 2748.291140 2751.401709
130.560000 2742.223951 2744.875499 2747.621528 2747.662432 2750.416028 2753.237796
130.660000 2744.337509 2746.873977 2749.747338 2749.925584 2752.886245 2756.299944
130.760000 2746.252509 2748.906519 2751.965121 2752.197266 2755.373756 2759.738219
130.860000 2748.649256 2751.051160 2754.195287 2754.639031 2758.191633 2763.630355
130.960000 2750.377828 2753.332346 2756.572082 2757.208307 2761.132518 2767.032935
131.060000 2753.101573 2755.901497 2759.527027 2760.191496 2764.984708 2769.564095
131.160000 2755.049714 2758.627230 2762.819659 2763.194990 2768.258531 2772.132740
131.260000 2757.676718 2761.740111 2766.428273 2766.250124 2771.024016 2774.509798
131.360000 2760.208023 2764.786385 2769.767249 2769.358173 2773.620245 2777.021404
131.460000 2763.564979 2768.131687 2772.865097 2772.348953 2776.234437 2779.231254
131.560000 2766.515525 2771.700403 2775.464746 2775.154342 2778.726242 2781.781330
131.660000 2769.844105 2774.435370 2777.975361 2777.737978 2781.037016 2783.895420
131.760000 2772.892024 2776.884570 2780.334257 2780.157809 2783.413641 2786.229104
131.860000 2775.546566 2779.205663 2782.509546 2782.329363 2785.613818 2788.080119
131.960000 2777.911311 2781.649854 2784.555979 2784.467850 2787.590802 2790.029677
132.060000 2779.988257 2783.862806 2786.847045 2786.674781 2789.571059 2792.130983
132.160000 2783.022169 2786.256767 2789.154376 2789.032100 2791.851425 2794.089253
132.260000 2785.710920 2788.803808 2791.737073 2791.549959 2794.217818 2796.264969
132.380000 2789.644986 2792.455587 2795.275942 2795.103601 2797.564392 2799.729961
132.480000 2793.855567 2796.548636 2799.015764 2799.054812 2801.398972 2805.234609
132.580000 2797.506831 2799.891012 2802.169820 2802.476618 2805.215644 2809.013347
132.690000 2800.969224 2803.098034 2805.631127 2806.079394 2809.149511 2813.346130
132.790000 2803.639206 2806.196014 2809.421228 2809.664126 2813.092743 2817.602536
132.890000 2806.574894 2809.851764 2813.501291 2813.428798 2817.012501 2820.144790
132.990000 2809.737908 2813.277829 2817.135168 2816.710163 2819.936515 2822.261653
133.080000 2812.615340 2816.531295 2819.888839 2819.522579 2822.408000 2824.584907
133.180000 2816.079589 2819.891573 2822.515009 2822.255077 2824.707479 2827.092457
133.280000 2819.097125 2822.397002 2824.656726 2824.511425 2826.771122 2828.807168
133.380000 2821.948771 2824.205515 2826.467408 2826.425021 2828.619144 2830.678013
133.470000 2823.701907 2825.910343 2828.024382 2828.022081 2830.162763 2832.036323
133.570000 2825.534294 2827.535425 2829.686296 2829.680032 2831.836751 2833.683382
133.670000 2827.410584 2829.332442 2831.544777 2831.402620 2833.478510 2835.140822
133.760000 2828.889255 2831.011715 2833.032984 2833.005939 2835.050459 2836.993805
133.860000 2830.709243 2832.779011 2834.883012 2834.787453 2836.752893 2838.695384
133.960000 2833.040763 2834.902017 2836.881317 2836.805168 2838.648168 2840.560106
134.060000 2835.064500 2836.841558 2838.807027 2838.761671 2840.635059 2842.548331
134.150000 2836.965667 2838.805520 2840.726812 2840.815649 2842.787850 2845.077592
134.250000 2839.032770 2840.707860 2842.740089 2842.885278 2845.014173 2847.647333
134.350000 2841.089670 2842.929007 2845.005047 2845.097080 2847.398074 2849.456852
134.440000 2842.789701 2844.707865 2847.049652 2847.052810 2849.378646 2851.323967
134.540000 2844.790356 2846.779394 2849.209883 2849.130712 2851.365828 2853.219726
134.640000 2846.618406 2848.925707 2851.465944 2851.254000 2853.313421 2855.221822
134.730000 2848.607624 2851.102411 2853.495276 2853.203734 2855.161560 2856.879315
134.830000 2851.871176 2853.785692 2855.766349 2855.721114 2857.606936 2859.434067
134.930000 2854.372729 2856.318889 2858.041693 2858.110446 2859.982871 2862.464377
135.030000 2856.502173 2858.116194 2860.151695 2860.230783 2862.159530 2865.056140
135.120000 2858.017868 2859.685116 2861.899022 2861.972736 2864.217591 2867.122344
135.220000 2859.768421 2861.498650 2863.529769 2863.817472 2866.187659 2869.074422
135.320000 2861.393227 2863.301614 2865.439194 2865.759267 2868.303816 2871.194065
135.410000 2862.976173 2865.015191 2867.275776 2867.600668 2870.309799 2873.706152
135.510000 2864.957404 2867.069184 2869.758189 2869.898270 2872.757205 2876.324408
135.610000 2867.026195 2869.401096 2872.287406 2872.530720 2875.621309 2879.624632
135.710000 2869.369991 2872.058968 2875.018654 2875.410192 2879.082392 2882.999597
135.800000 2871.389494 2874.441586 2877.801582 2877.885268 2881.466699 2885.358023
135.900000 2873.814749 2876.719705 2880.616686 2880.574419 2884.405357 2887.647356
136.000000 2876.172110 2879.201258 2883.418244 2883.200010 2886.906739 2889.730813
136.090000 2878.186088 2881.714149 2885.699838 2885.492681 2889.054512 2891.704776
136.190000 2880.786131 2884.497099 2888.284505 2887.918434 2891.068402 2893.326079
136.290000 2883.419410 2887.476030 2890.591064 2890.231483 2892.973186 2895.660293
136.390000 2886.721591 2890.063148 2892.508288 2892.439527 2894.808469 2897.794457
136.480000 2889.315040 2892.092236 2894.421502 2894.374185 2896.668993 2899.591613
136.580000 2891.715157 2894.158501 2896.356484 2896.503638 2898.844918 2901.887614
136.680000 2894.377457 2896.170879 2898.516016 2898.705588 2901.182486 2903.975639
136.790000 2896.330146 2898.325487 2900.646130 2900.903275 2903.632084 2906.326721
136.890000 2898.205941 2900.270805 2902.657444 2902.920442 2905.573536 2908.312997
137.000000 2899.893472 2902.370831 2905.122420 2905.161221 2907.937398 2910.604627
137.100000 2901.785440 2904.284347 2907.321893 2907.233209 2910.090106 2912.920133
137.200000 2903.339445 2906.298299 2909.353786 2909.337489 2912.415138 2915.172029
137.310000 2905.486528 2908.465770 2911.712753 2911.538453 2914.684043 2917.353193
137.410000 2907.937237 2910.651205 2913.970164 2913.797005 2916.870630 2919.237384
137.520000 2911.111954 2913.771998 2916.680449 2916.588934 2919.398290 2921.588140
137.620000 2913.935650 2916.781637 2919.427015 2919.309098 2921.712987 2923.722864
137.730000 2917.514946 2919.622529 2922.061454 2921.952919 2924.163656 2926.097052
137.780000 2918.527794 2920.915476 2923.217427 2923.056470 2925.106937 2926.994531
137.880000 2921.042385 2922.946375 2925.063870 2924.976786 2926.951166 2928.666645
137.980000 2922.857138 2924.803305 2926.882919 2926.783818 2928.612493 2930.424849
138.080000 2924.423073 2926.591489 2928.583516 2928.516979 2930.376251 2932.032420
138.180000 2926.423014 2928.335268 2930.303360 2930.245563 2932.128241 2933.717813
138.280000 2928.359554 2930.262709 2932.233223 2932.126872 2934.040015 2935.584648
138.380000 2930.458383 2932.337338 2934.209121 2934.180377 2936.009370 2937.741023
138.480000 2932.949433 2934.718919 2936.536471 2936.437689 2938.170530 2939.725990
138.580000 2935.361783 2936.884519 2938.568659 2938.585919 2940.267139 2941.862416
138.680000 2937.265822 2938.898102 2940.580888 2940.562532 2942.218709 2943.986971
138.780000 2939.042070 2940.568637 2942.255242 2942.258839 2943.867519 2945.867711
138.880000 2940.656711 2942.241790 2943.874523 2943.885194 2945.484765 2947.465140
138.980000 2942.190625 2943.815345 2945.446697 2945.428959 2946.967772 2948.970680
139.080000 2943.719141 2945.378949 2946.908562 2946.966759 2948.531604 2950.707089
139.180000 2945.147570 2946.852080 2948.432323 2948.487428 2950.038736 2952.384644
139.280000 2946.773733 2948.258174 2949.981371 2950.060607 2951.655577 2954.081405
139.380000 2948.176510 2949.766555 2951.503835 2951.619770 2953.313336 2955.921619
139.480000 2949.766068 2951.247333 2953.069295 2953.218003 2955.085690 2957.642750
139.580000 2951.438883 2952.979327 2954.824702 2954.962685 2956.941144 2959.467296
139.680000 2953.012407 2954.614364 2956.489947 2956.637906 2958.666902 2961.233109
139.780000 2954.434776 2956.273046 2958.177244 2958.356477 2960.436090 2963.156830
139.880000 2956.297312 2958.084941 2959.996912 2960.287524 2962.591448 2965.673757
139.980000 2957.875667 2959.886546 2961.914827 2962.254990 2964.692219 2967.916157
140.080000 2959.848805 2961.541848 2963.787502 2964.282963 2966.948433 2971.396502
140.180000 2961.326453 2963.211973 2965.823549 2966.352332 2969.471479 2974.358330
140.280000 2963.008524 2964.917804 2967.909285 2968.560910 2972.461887 2977.377958
140.380000 2964.759791 2967.083958 2970.619682 2971.127829 2975.581262 2979.660083
140.480000 2966.741680 2969.475417 2973.907723 2973.986758 2978.699218 2981.742353
140.580000 2969.639539 2973.071819 2977.480488 2977.184681 2981.071301 2983.504256
140.680000 2972.981349 2977.392771 2981.028961 2980.476824 2983.545926 2985.720327
140.780000 2976.810761 2981.100453 2983.686249 2983.382748 2985.651969 2987.798098
140.880000 2980.977560 2983.649004 2985.837907 2985.742077 2987.870868 2990.213755
140.980000 2983.244581 2985.652455 2987.570931 2987.643446 2989.772773 2992.113067
141.080000 2984.863808 2987.334243 2989.259336 2989.368906 2991.568944 2993.940417
141.180000 2986.931638 2989.044764 2990.938164 2991.108217 2993.290394 2996.188305
141.280000 2988.621834 2990.640077 2992.613787 2992.854647 2995.193775 2998.268483
141.380000 2990.448025 2992.393609 2994.576227 2994.778854 2997.301558 3000.117789
141.480000 2991.778977 2993.936235 2996.561015 2996.719579 2999.591616 3002.300841
141.625000 2994.329962 2996.512269 2999.544594 2999.861926 3003.200918 3007.285855
141.770000 2996.956075 2999.516139 3002.746403 3003.141932 3006.959466 3011.130098
141.890000 2999.114549 3001.750896 3005.250718 3005.680838 3009.704620 3013.924312
142.010000 3001.586150 3004.208099 3008.192667 3008.330304 3012.474017 3016.756327
142.130000 3003.761462 3006.669201 3010.820540 3010.977247 3015.426261 3019.090741
142.240000 3005.461121 3009.116840 3013.585600 3013.388772 3017.404538 3021.405625
142.350000 3008.058210 3011.844708 3016.170023 3015.944243 3019.782379 3023.179343
142.440000 3010.013346 3014.288511 3018.338803 3018.144812 3021.820407 3025.321156
142.520000 3012.492826 3016.147101 3019.975439 3019.871324 3023.464646 3026.735783
142.610000 3014.722110 3018.438750 3021.902091 3021.823398 3025.138318 3028.518752
142.720000 3017.695577 3021.233991 3024.241393 3024.299073 3027.488472 3030.794523
142.840000 3020.728310 3023.874154 3026.765088 3026.973693 3030.085438 3034.414621
142.960000 3023.528913 3026.410897 3029.474675 3029.641146 3032.712626 3037.414387
143.080000 3026.053816 3028.629765 3031.971289 3032.172951 3035.465125 3040.072798
143.200000 3027.931069 3030.772529 3034.694195 3034.905311 3038.851842 3044.314671
143.310000 3029.775179 3032.834213 3037.036573 3037.664051 3042.650457 3049.201147
143.420000 3031.315080 3034.720160 3039.545603 3040.491218 3046.611358 3052.213982
143.530000 3033.270560 3036.635101 3042.713758 3043.353110 3050.479392 3055.232598
143.640000 3035.101283 3038.732434 3046.319856 3046.178402 3053.290337 3057.911714
143.750000 3037.049613 3041.527161 3049.330431 3048.952242 3055.642477 3060.277720
143.850000 3038.968172 3044.701438 3052.251284 3051.595754 3057.566816 3062.079923
143.960000 3042.644873 3048.904405 3055.206115 3054.660077 3059.915660 3064.932232
144.090000 3047.492729 3054.005238 3058.524732 3058.256203 3062.389530 3067.269840
144.170000 3050.265551 3056.491302 3060.447937 3060.284053 3064.117769 3068.785266
144.250000 3053.562906 3058.563181 3062.276031 3062.208194 3065.824018 3070.751950
144.325000 3056.068102 3060.523981 3063.925129 3063.940859 3067.657948 3072.167111
144.400000 3058.332749 3062.271315 3065.389149 3065.634178 3069.267549 3073.871823
144.475000 3060.228025 3063.951918 3066.838519 3067.194222 3070.687886 3075.479750
144.550000 3062.328008 3065.615481 3068.341406 3068.755406 3072.162448 3077.091584
144.620000 3063.689452 3066.965819 3069.621664 3070.157381 3073.715890 3078.150757
144.700000 3065.278149 3068.551112 3071.127478 3071.701324 3075.238404 3079.872279
144.780000 3067.003717 3069.973861 3072.594401 3073.185716 3076.843458 3081.338579
144.850000 3068.429253 3071.173976 3073.938047 3074.556700 3078.170464 3082.872666
144.930000 3070.078458 3072.607306 3075.353064 3076.102911 3080.132428 3084.749172
145.010000 3071.518069 3074.108334 3077.036749 3077.734264 3081.918913 3086.368554
145.080000 3072.589794 3075.400431 3078.720681 3079.218076 3083.407047 3087.571671
145.160000 3074.257888 3076.913663 3080.672722 3081.062545 3085.453184 3089.735990
145.240000 3075.637955 3078.602860 3082.511543 3082.930520 3087.247504 3091.628424
145.310000 3077.732534 3080.368983 3084.404511 3084.641466 3088.954254 3093.186859
145.390000 3079.309502 3082.267783 3086.290937 3086.620988 3091.181250 3095.265338
145.470000 3080.879721 3084.323858 3088.411647 3088.678471 3093.241889 3097.444691
145.540000 3082.611676 3085.922666 3090.216898 3090.378561 3094.874390 3098.934113
145.620000 3084.594357 3088.052056 3092.359064 3092.444983 3097.128358 3100.885751
145.700000 3086.408541 3090.185401 3094.545959 3094.585459 3099.239582 3103.088323
145.770000 3088.431643 3091.954905 3096.401971 3096.452488 3101.058876 3104.928015
145.850000 3090.680825 3093.920934 3098.455144 3098.551518 3102.972370 3106.546834
145.930000 3092.735391 3096.210278 3100.703899 3100.610639 3104.832182 3108.283349
146.000000 3094.178793 3098.215572 3102.550039 3102.341844 3106.296747 3109.642828
146.080000 3096.818775 3100.688787 3104.621230 3104.410869 3108.202960 3111.206158
146.160000 3098.763717 3102.760686 3106.830238 3106.497721 3110.178391 3113.108496
146.240000 3101.310023 3105.022715 3108.940501 3108.618305 3112.106440 3114.567676
146.310000 3103.384547 3107.402131 3110.935712 3110.638546 3113.912255 3116.592928
146.390000 3106.204704 3109.973484 3113.408809 3113.147975 3116.140539 3118.921707
146.458000 3108.260811 3112.220571 3115.360036 3115.216517 3118.058829 3121.438587
146.470000 3108.554368 3112.623280 3115.722813 3115.553640 3118.367151 3121.749003
146.540000 3111.190663 3114.610835 3117.759533 3117.552464 3120.260739 3123.359980
146.620000 3113.989032 3117.240425 3119.926001 3119.949803 3122.797029 3125.743229
146.700000 3116.900304 3119.687266 3122.161436 3122.340454 3125.032781 3128.572210
146.770000 3118.728699 3121.482068 3124.083047 3124.278567 3127.092106 3130.582898
146.850000 3120.856399 3123.457976 3126.400153 3126.591346 3129.669521 3133.640706
146.930000 3122.936099 3125.694908 3128.962152 3129.135588 3132.467950 3137.318820
147.000000 3124.630160 3127.580015 3131.184961 3131.432294 3135.076982 3139.711405
147.080000 3126.604436 3129.921805 3133.583410 3133.827753 3137.729206 3142.716071
147.170000 3128.535547 3132.418952 3136.711840 3136.746080 3140.799663 3144.896953
147.270000 3131.452523 3135.909533 3140.494714 3140.403085 3144.988972 3148.993777
147.365000 3134.763903 3139.905782 3144.342985 3144.194076 3148.503520 3152.432683
147.460000 3139.463826 3143.875283 3147.981859 3147.816415 3151.828941 3155.893413
147.560000 3143.096014 3147.368355 3151.069661 3151.082106 3154.634516 3159.191269
147.650000 3145.529326 3149.963669 3153.570106 3153.622175 3157.220245 3162.125755
147.750000 3147.834981 3152.318748 3155.925320 3156.152150 3159.892497 3166.282588
147.850000 3150.051497 3154.515352 3158.228218 3158.623894 3162.595195 3170.425757
147.950000 3152.551464 3156.589184 3160.459407 3161.069085 3165.185719 3174.213268
147.980000 3153.243235 3157.208045 3161.160092 3161.791457 3165.963412 3174.859934
148.080000 3155.021217 3159.424174 3163.692342 3164.400662 3169.682271 3176.355526
148.180000 3157.485793 3161.673859 3166.169049 3167.093888 3172.889475 3179.161672
148.280000 3159.290122 3163.986401 3169.034359 3169.786408 3176.297763 3182.496983
148.380000 3161.384031 3166.122707 3172.023977 3172.387575 3179.078319 3184.794810
148.480000 3163.129693 3168.684194 3175.089276 3175.047116 3181.492667 3187.363877
148.580000 3164.964064 3170.834672 3178.092886 3177.627518 3183.983503 3189.410606
148.680000 3167.079345 3173.206712 3181.002318 3180.249052 3186.463652 3192.011594
148.780000 3169.746566 3176.358302 3183.703636 3182.916099 3188.728307 3194.221330
148.880000 3172.880637 3179.030362 3186.055723 3185.340263 3190.901596 3196.079501
148.980000 3175.240617 3181.761823 3188.280796 3187.685072 3193.366256 3198.035320
149.080000 3177.451105 3184.480578 3190.492890 3190.033807 3195.496491 3199.871053
149.180000 3179.574662 3186.996472 3192.702324 3192.295221 3197.631140 3201.509119
149.280000 3181.956683 3189.325288 3194.735623 3194.392166 3199.647600 3203.267233
149.380000 3184.758292 3191.946792 3196.963120 3196.535933 3201.543850 3204.614766
149.480000 3187.017598 3194.386592 3199.023601 3198.682934 3203.589464 3206.379972
149.580000 3189.402643 3196.551100 3201.111210 3200.735730 3205.549151 3208.146022
149.680000 3192.019685 3198.680268 3203.176784 3202.864713 3207.474698 3210.116614
149.760000 3193.852104 3200.370332 3204.858347 3204.621085 3209.083775 3212.042200
149.780000 3194.364197 3200.752099 3205.402828 3205.072126 3209.483280 3212.404025
149.860000 3196.893034 3202.376329 3207.019114 3206.789921 3211.163720 3214.015995
149.880000 3197.559837 3202.747355 3207.544223 3207.229663 3211.623935 3214.457466
149.960000 3199.466684 3204.586400 3209.324984 3209.044758 3213.327942 3216.604938
149.980000 3199.744035 3205.128530 3209.744961 3209.496197 3213.657299 3216.899987
150.080000 3203.606435 3207.715822 3212.138193 3211.814802 3215.717976 3219.344308
150.180000 3206.113139 3209.997133 3214.397384 3214.145733 3218.173463 3222.279642
150.260000 3207.780244 3211.823391 3216.104026 3216.028981 3220.053208 3224.470497
150.280000 3208.208407 3212.321022 3216.533222 3216.511077 3220.677260 3224.988361
150.360000 3210.225909 3214.563600 3218.397717 3218.594825 3222.700393 3226.969390
150.380000 3210.817094 3215.144355 3218.957858 3219.113765 3223.220025 3227.519594
150.480000 3214.108131 3218.457215 3221.792592 3221.987238 3226.054007 3229.944963
150.560000 3216.494911 3220.700548 3224.049365 3224.231214 3228.336056 3232.354968
150.580000 3216.826189 3221.154814 3224.507047 3224.752026 3228.919132 3232.960549
150.680000 3219.825458 3224.220030 3227.695068 3227.830208 3231.728910 3235.072689
150.760000 3222.788916 3226.980204 3230.299475 3230.295647 3234.021294 3237.093146
150.780000 3222.947639 3227.496344 3230.908870 3230.841352 3234.564904 3237.613762
150.860000 3225.133068 3229.869472 3233.379450 3233.178821 3236.765892 3239.301101
150.880000 3225.727932 3230.381616 3233.846948 3233.666780 3237.251939 3239.628433
150.980000 3229.358919 3233.283998 3236.248539 3236.146514 3239.286477 3241.317171
151.060000 3231.353688 3235.279581 3238.220303 3237.963279 3240.852778 3242.861105
151.080000 3231.617618 3235.729567 3238.650552 3238.400414 3241.251353 3243.189708
151.180000 3234.676545 3237.866564 3240.790904 3240.470809 3243.059775 3244.769639
151.280000 3237.529921 3240.114708 3242.790886 3242.493714 3244.652408 3246.144800
151.360000 3239.523315 3242.243584 3244.595902 3244.302766 3246.232466 3247.523102
151.380000 3239.981402 3242.734759 3245.016875 3244.752023 3246.641091 3247.984158
151.460000 3242.254770 3245.002099 3246.816024 3246.605749 3248.225058 3249.287438
151.480000 3242.713748 3245.435881 3247.237744 3247.059459 3248.622920 3249.730790
151.560000 3245.426985 3247.362330 3248.869695 3248.764885 3250.059769 3251.117446
151.580000 3245.908882 3247.795731 3249.284293 3249.185010 3250.435770 3251.450994
151.640000 3247.502957 3249.237362 3250.466822 3250.419580 3251.468065 3252.681024
151.680000 3248.436497 3250.212858 3251.274838 3251.251715 3252.204639 3253.526114
151.690000 3248.621610 3250.443067 3251.490250 3251.466569 3252.391763 3253.751956
151.760000 3250.740471 3251.900472 3252.780143 3252.874293 3253.737700 3255.233882
151.780000 3251.187158 3252.339903 3253.139331 3253.266644 3254.151477 3255.684961
151.810000 3251.948692 3252.886511 3253.691966 3253.872913 3254.828385 3256.448392
151.870000 3253.235177 3253.924032 3254.937893 3255.173601 3256.323421 3258.204304
151.880000 3253.438652 3254.118781 3255.157934 3255.388884 3256.564677 3258.619561
151.900000 3253.832426 3254.566762 3255.634706 3255.864522 3257.124086 3259.093851
151.980000 3255.035407 3256.029199 3257.650603 3257.852613 3259.454727 3262.701823
152.080000 3256.591539 3258.097082 3260.070030 3260.406657 3262.707420 3266.435676
152.120000 3257.279863 3258.986903 3261.004078 3261.359561 3263.811717 3267.815126
152.140000 3257.753192 3259.437598 3261.465222 3261.836411 3264.400420 3268.430463
152.180000 3258.579915 3260.528843 3262.534272 3262.868470 3265.408686 3269.194158
152.230000 3259.775574 3262.017014 3264.005474 3264.251671 3266.540658 3270.542191
152.240000 3260.078962 3262.330256 3264.271386 3264.494321 3266.782506 3270.933443
152.280000 3261.085910 3263.294010 3265.383319 3265.532219 3267.607662 3271.408151
152.380000 3264.411755 3266.186600 3268.205415 3268.183976 3269.784204 3273.487294
152.400000 3264.808066 3266.717532 3268.749648 3268.672104 3270.238373 3273.833967
152.407000 3264.980991 3266.895288 3268.923015 3268.835663 3270.439827 3273.976914
152.440000 3265.708186 3267.739056 3269.552809 3269.552870 3271.186601 3274.738194
152.480000 3266.689045 3268.582841 3270.342048 3270.395843 3272.050093 3275.334331
152.580000 3268.938385 3270.642986 3272.469090 3272.548343 3274.450565 3276.930960
152.640000 3270.319698 3272.070046 3273.870156 3273.949661 3275.901610 3278.214873
152.680000 3271.025641 3272.972079 3274.813085 3274.873525 3276.758360 3279.022091
152.750000 3272.564724 3274.524585 3276.407790 3276.471217 3278.388127 3280.346707
152.780000 3273.320288 3275.243599 3277.083211 3277.130769 3279.089065 3281.011435
152.860000 3275.220669 3277.031696 3279.030120 3278.956612 3280.906456 3282.632150
152.880000 3275.688366 3277.503283 3279.550812 3279.444333 3281.404245 3283.014019
152.980000 3278.017891 3280.017299 3282.199528 3281.929557 3283.681290 3284.518105
153.060000 3280.529113 3282.958743 3284.646734 3284.269706 3285.305472 3286.111644
153.070000 3280.718881 3283.219905 3284.921812 3284.515703 3285.531693 3286.352442
153.080000 3280.989140 3283.456624 3285.130148 3284.735034 3285.720069 3286.573553
153.100000 3281.492131 3283.987589 3285.539111 3285.190273 3286.084778 3287.552047
153.110000 3281.653120 3284.255704 3285.713361 3285.392275 3286.259028 3287.685201
153.150000 3282.387212 3285.264174 3286.349005 3286.172233 3287.063675 3288.732790
153.170000 3282.808234 3285.769506 3286.650111 3286.540504 3287.451490 3289.122189
153.180000 3283.000491 3285.963448 3286.833941 3286.729810 3287.691690 3289.416971
153.230000 3283.924011 3286.773261 3287.585777 3287.630254 3288.762528 3290.480469
153.260000 3284.651871 3287.219859 3288.086485 3288.173130 3289.468537 3290.971041
153.280000 3285.041559 3287.508796 3288.483992 3288.545318 3289.921134 3291.338152
153.330000 3286.208171 3288.204932 3289.363541 3289.431076 3290.947901 3292.261005
153.390000 3287.294544 3289.016776 3290.392297 3290.426230 3292.042725 3293.264605
153.487000 3288.650421 3290.220574 3292.096300 3291.953120 3293.615505 3294.716491
153.500000 3288.877399 3290.427064 3292.340990 3292.183232 3293.872707 3294.942855
153.610000 3290.437222 3291.759788 3294.041574 3293.770152 3295.465909 3296.532698
153.720000 3291.731206 3292.986417 3295.724700 3295.337264 3297.070038 3297.975088
153.730000 3291.875809 3293.157899 3295.908332 3295.506818 3297.238087 3298.129498
153.800000 3292.741244 3294.197939 3297.061400 3296.561038 3298.174150 3299.306965
153.830000 3293.155589 3294.707648 3297.603742 3297.065803 3298.654341 3299.789756
153.850000 3293.447592 3295.073604 3297.972553 3297.424172 3299.003274 3300.185363
153.860000 3293.625685 3295.273411 3298.153503 3297.607143 3299.202388 3300.369043
153.930000 3294.532913 3296.597046 3299.279905 3298.763537 3300.362616 3301.486991
154.000000 3295.471760 3297.855398 3300.372082 3299.945899 3301.671541 3302.682541
154.020000 3295.783566 3298.305051 3300.729680 3300.312912 3302.029028 3303.044394
154.040000 3296.112661 3298.821196 3301.093055 3300.677545 3302.337566 3303.344504
154.130000 3297.319878 3300.817472 3302.570919 3302.192551 3303.749386 3304.773806
154.150000 3297.755863 3301.213678 3302.898294 3302.556957 3304.127318 3305.058756
154.200000 3298.759680 3302.085116 3303.688799 3303.408609 3304.908985 3305.916602
154.260000 3299.968235 3303.207457 3304.745837 3304.470049 3305.868669 3307.047945
154.290000 3300.531967 3303.807352 3305.314421 3305.036343 3306.394607 3307.561966
154.350000 3302.006170 3305.078758 3306.442827 3306.271151 3307.605286 3308.806068
154.370000 3302.442104 3305.520247 3306.842325 3306.706613 3308.038534 3309.159869
154.420000 3303.652732 3306.639312 3307.940312 3307.784740 3309.069707 3310.188602
154.450000 3304.491319 3307.409727 3308.642010 3308.505734 3309.730822 3310.956765
154.480000 3305.458029 3308.132199 3309.432922 3309.275864 3310.504828 3311.825558
154.490000 3305.760673 3308.333705 3309.685722 3309.506872 3310.714281 3312.005227
154.550000 3307.980117 3309.790181 3311.045426 3311.077207 3312.316470 3314.064562
154.590000 3309.351266 3310.836817 3312.006161 3312.095904 3313.310743 3315.549272
154.620000 3310.092516 3311.469785 3312.612576 3312.745393 3313.955951 3316.197135
154.680000 3311.469436 3312.591492 3313.829301 3313.978927 3315.372349 3317.618266
154.700000 3311.775969 3313.052028 3314.233792 3314.397408 3315.857209 3318.159324
154.730000 3312.258288 3313.566318 3314.820665 3314.989152 3316.510000 3318.798829
154.770000 3313.113084 3314.359956 3315.484396 3315.756218 3317.377314 3319.625324
154.810000 3313.838350 3315.083286 3316.136930 3316.514138 3318.123758 3320.382985
154.830000 3314.151008 3315.465622 3316.499690 3316.907839 3318.524008 3320.842919
154.890000 3315.427856 3316.489305 3317.582685 3318.069694 3319.970383 3322.101952
154.920000 3315.949212 3317.018026 3318.189647 3318.655602 3320.710348 3322.652203
154.970000 3316.943357 3317.776091 3319.142471 3319.619866 3321.888149 3323.850639
154.990000 3317.329570 3318.152940 3319.503859 3320.003680 3322.370384 3324.264875
155.010000 3317.598968 3318.544350 3319.940090 3320.399067 3322.717615 3324.616875
155.030000 3318.045369 3318.891637 3320.397696 3320.806059 3323.106026 3324.812678
155.060000 3318.594423 3319.429888 3321.123940 3321.430917 3323.628738 3325.554573
155.140000 3319.943928 3321.127822 3323.125865 3323.225083 3325.146968 3328.022823
155.220000 3321.449512 3322.868222 3325.064000 3325.050758 3326.700742 3330.197866
155.240000 3321.854672 3323.389296 3325.505720 3325.480786 3327.075798 3330.672336
155.270000 3322.474562 3324.100721 3326.089481 3326.107408 3327.615617 3331.367454
155.310000 3323.162817 3324.991746 3326.799710 3326.908805 3328.552338 3331.942584
155.330000 3323.625952 3325.336635 3327.114201 3327.296190 3328.928356 3332.322408
155.400000 3325.124325 3326.811266 3328.319086 3328.601629 3330.478221 3333.707430
155.420000 3325.609338 3327.277122 3328.715537 3328.999537 3330.908240 3334.179337
155.460000 3326.430510 3328.102069 3329.474375 3329.788660 3331.719876 3334.827802
155.510000 3327.497974 3329.087970 3330.337106 3330.767919 3332.897978 3335.592071
155.570000 3328.781067 3330.129129 3331.561958 3332.022666 3334.420267 3336.636538
155.590000 3329.123609 3330.535458 3331.953552 3332.441919 3334.850247 3336.974619
155.630000 3329.889816 3331.339077 3332.887538 3333.325577 3335.739946 3337.855082
155.710000 3331.403408 3332.739775 3334.523278 3334.862916 3337.325180 3339.061613
155.750000 3332.023932 3333.366777 3335.353135 3335.609315 3337.970453 3339.839876
155.780000 3332.614276 3333.875951 3335.995614 3336.172378 3338.545163 3340.324410
155.810000 3333.132104 3334.395697 3336.541326 3336.723885 3339.098593 3340.840941
155.850000 3333.752557 3335.131263 3337.299067 3337.451951 3339.790982 3341.627585
155.940000 3335.169695 3336.762328 3339.033527 3339.057375 3341.331012 3343.121667
155.960000 3335.396195 3337.139720 3339.568915 3339.447285 3341.674879 3343.598232
156.020000 3336.390556 3338.347386 3340.622520 3340.599084 3342.822151 3344.876872
156.070000 3337.174506 3339.348859 3341.510349 3341.515639 3343.891431 3345.932568
156.150000 3338.378365 3340.679033 3342.809404 3342.904299 3345.211261 3347.461976
156.250000 3340.084713 3342.446906 3344.544590 3344.617596 3346.923179 3349.334148
156.300000 3340.985744 3343.385961 3345.473557 3345.554579 3347.714567 3350.209621
156.340000 3341.859006 3344.102466 3346.283873 3346.314600 3348.446594 3350.834635
156.470000 3344.470065 3346.421361 3348.673914 3348.817392 3351.105247 3353.955917
156.490000 3344.944205 3346.850474 3349.144197 3349.235841 3351.492494 3354.402504
156.595000 3346.908699 3348.997140 3351.469078 3351.791152 3354.566248 3359.015365
156.700000 3348.821889 3351.183560 3353.935407 3354.456906 3357.887024 3362.354380
156.730000 3349.319053 3351.913580 3354.747124 3355.242473 3358.666199 3363.000010
156.840000 3352.432404 3355.631487 3359.391322 3359.306118 3362.985405 3366.507642
156.950000 3357.188835 3360.059502 3363.678897 3363.383167 3366.572398 3369.005882
157.040000 3360.306476 3363.394737 3366.510430 3366.280073 3368.979587 3371.376187
157.130000 3363.890833 3366.903192 3369.080465 3368.990871 3371.180168 3372.910166
157.210000 3367.074468 3369.065403 3370.931889 3370.859680 3372.795588 3373.985279
157.260000 3368.229463 3370.268571 3371.965149 3371.950384 3373.785287 3374.730737
157.290000 3369.102728 3371.003415 3372.544675 3372.576230 3374.353313 3375.194894
157.320000 3369.910118 3371.608278 3373.166922 3373.154601 3374.850787 3375.577790
157.370000 3371.191299 3372.400156 3374.228641 3374.004021 3375.584773 3376.182239
157.420000 3372.120224 3373.217730 3375.130910 3374.800536 3376.294385 3376.899175
157.480000 3373.178028 3374.117778 3376.139177 3375.702024 3377.064722 3377.648022
157.520000 3373.844149 3374.670625 3376.758523 3376.293173 3377.610519 3378.213168
157.530000 3374.007975 3374.836667 3376.904240 3376.449944 3377.750237 3378.360036
157.590000 3374.859267 3375.658078 3377.720442 3377.267026 3378.496520 3379.050722
157.640000 3375.524563 3376.359054 3378.408642 3377.963116 3379.155453 3379.748315
157.670000 3375.952557 3376.817735 3378.830645 3378.399038 3379.557448 3380.187191
157.690000 3376.254930 3377.132887 3379.107227 3378.703606 3379.852159 3380.488833
157.750000 3376.948151 3378.032179 3379.826672 3379.503099 3380.595458 3381.196341
157.800000 3377.524713 3378.808797 3380.433916 3380.151809 3381.185123 3381.814010
157.900000 3378.788545 3380.299224 3381.659300 3381.387191 3382.334360 3382.773603
157.920000 3379.059269 3380.614041 3381.936689 3381.674823 3382.592138 3383.073153
157.990000 3379.767158 3381.707319 3382.842697 3382.599300 3383.411006 3383.813300
158.040000 3380.339054 3382.674039 3383.497218 3383.298357 3384.013200 3384.374085
158.080000 3380.671587 3383.377912 3384.090511 3383.894829 3384.524095 3384.867501
158.090000 3380.795875 3383.579288 3384.258121 3384.064248 3384.684711 3385.032016
158.100000 3380.923335 3383.778689 3384.442074 3384.229470 3384.842409 3385.196178
158.110000 3381.105001 3383.946582 3384.597975 3384.393415 3385.004882 3385.362092
158.140000 3381.758822 3384.434759 3385.052382 3384.874825 3385.469068 3385.903450
158.150000 3381.903802 3384.594249 3385.227670 3385.046407 3385.637108 3386.134522
158.170000 3382.317412 3384.923344 3385.532023 3385.358217 3385.948927 3386.477362
158.190000 3382.887349 3385.237165 3385.824495 3385.677398 3386.260486 3386.843334
158.240000 3383.779816 3385.974076 3386.514084 3386.398313 3386.919887 3387.687563
158.290000 3384.610031 3386.688202 3387.202188 3387.130292 3387.663424 3388.557673
158.300000 3384.774520 3386.850518 3387.354957 3387.298902 3387.837628 3388.743215
158.310000 3385.033881 3387.045586 3387.520060 3387.485732 3388.045077 3388.976023
158.340000 3385.733162 3387.583117 3388.079293 3388.129555 3388.791594 3389.960322
158.350000 3385.844494 3387.759219 3388.295542 3388.348867 3389.043953 3390.224966
158.360000 3386.046886 3387.986824 3388.546633 3388.581559 3389.293549 3390.484469
158.380000 3386.659815 3388.387258 3389.123090 3389.159826 3390.024486 3391.120945
158.410000 3387.569697 3389.221867 3390.165426 3390.206401 3391.347556 3392.571448
158.430000 3387.951978 3389.797396 3390.803957 3390.827782 3391.968288 3393.244061
158.460000 3389.164973 3390.826374 3392.013941 3391.933936 3393.165652 3393.962862
158.480000 3389.597806 3391.433390 3392.590718 3392.503283 3393.732954 3394.428918
158.500000 3389.944811 3392.056402 3393.167092 3393.065299 3394.260679 3394.874723
158.510000 3390.119781 3392.273418 3393.409673 3393.305525 3394.539673 3395.082662
158.520000 3390.254615 3392.473571 3393.664808 3393.531611 3394.717626 3395.301470
158.530000 3390.514728 3392.684134 3393.880146 3393.739759 3394.935338 3395.471973
158.540000 3390.744499 3392.902304 3394.098707 3393.947321 3395.104417 3395.698798
158.560000 3391.001771 3393.405187 3394.561912 3394.371790 3395.489484 3396.034197
158.610000 3392.120032 3394.553880 3395.627422 3395.397337 3396.323082 3396.799759
158.630000 3392.499490 3394.979491 3395.994855 3395.803212 3396.665277 3397.188123
158.650000 3392.906304 3395.460682 3396.434356 3396.200648 3396.992882 3397.508780
158.680000 3393.634897 3396.171576 3396.967239 3396.771593 3397.466870 3398.001256
158.700000 3394.193885 3396.566034 3397.296190 3397.133206 3397.816772 3398.394076
158.710000 3394.336005 3396.760077 3397.444488 3397.295050 3397.947164 3398.545609
158.760000 3395.518793 3397.532780 3398.090530 3397.986990 3398.595107 3399.336778
158.810000 3396.637452 3398.191418 3398.750628 3398.681670 3399.250555 3400.223695
158.850000 3397.305273 3398.782122 3399.263196 3399.240150 3399.737478 3400.883098
158.860000 3397.522954 3398.922659 3399.404496 3399.390697 3399.889089 3401.026686
158.900000 3398.187960 3399.479478 3399.935283 3399.960907 3400.479285 3401.654289
158.910000 3398.313384 3399.616322 3400.077095 3400.111638 3400.648780 3401.843501
158.960000 3399.266073 3400.209643 3400.689040 3400.758710 3401.359862 3402.582150
159.010000 3400.173230 3400.810923 3401.295876 3401.411554 3402.032603 3403.359815
159.060000 3400.898680 3401.451750 3401.906264 3402.071927 3402.736834 3404.076141
159.080000 3401.277224 3401.728489 3402.178212 3402.365526 3403.038713 3404.419233
159.100000 3401.575259 3402.003806 3402.479232 3402.674643 3403.394476 3404.872095
159.110000 3401.700074 3402.134925 3402.641231 3402.836104 3403.577124 3405.064320
159.160000 3402.228737 3402.776050 3403.345488 3403.594365 3404.406883 3406.440995
159.210000 3402.867350 3403.394319 3404.063533 3404.380212 3405.481193 3407.584150
159.260000 3403.523783 3404.038065 3404.773179 3405.203733 3406.727184 3408.794800
159.280000 3403.834723 3404.339375 3405.085081 3405.556362 3407.161072 3409.154979
159.300000 3404.108248 3404.657153 3405.448528 3405.917769 3407.604194 3409.587399
159.310000 3404.276416 3404.832262 3405.646100 3406.100006 3407.763481 3409.751462
159.360000 3404.934157 3405.592075 3406.615569 3407.037173 3408.782788 3410.751137
159.410000 3405.619327 3406.436679 3407.702924 3408.032818 3409.794433 3411.952297
159.460000 3406.366158 3407.378366 3408.769967 3409.062616 3410.784474 3412.930955
159.500000 3406.982692 3408.025932 3409.602840 3409.833049 3411.555186 3413.739136
159.510000 3407.147583 3408.210645 3409.864512 3410.034367 3411.752553 3413.924220
159.560000 3408.322541 3409.422980 3411.054730 3411.176885 3413.050646 3414.912675
159.580000 3408.714564 3409.821764 3411.488447 3411.594280 3413.380634 3415.300991
159.600000 3409.067683 3410.251654 3411.946785 3412.024161 3413.795363 3415.805462
159.610000 3409.261487 3410.500667 3412.157895 3412.249528 3413.977705 3415.958464
159.710000 3411.299633 3413.074327 3415.116236 3415.031295 3416.896323 3418.405805
159.760000 3412.345952 3414.343251 3416.676258 3416.356384 3418.014899 3419.735780
159.800000 3413.607642 3415.319889 3417.745833 3417.331993 3418.799234 3420.897282
159.810000 3413.945724 3415.514122 3417.954913 3417.540635 3419.002128 3421.216173
159.820000 3414.061540 3415.723396 3418.138779 3417.731480 3419.187971 3421.383253
159.860000 3414.759507 3416.506006 3418.811492 3418.409606 3419.749229 3421.948437
159.910000 3415.524545 3417.527588 3419.574414 3419.212602 3420.461252 3422.559749
159.960000 3416.112988 3418.395703 3420.363651 3420.003375 3421.148942 3423.430644
160.010000 3417.120553 3419.528271 3421.125577 3420.839024 3421.869176 3424.278971
160.020000 3417.233941 3419.793968 3421.278744 3421.006891 3422.042828 3424.427377
160.060000 3417.803075 3420.458873 3421.859712 3421.643705 3422.639630 3424.851637
160.110000 3418.725175 3421.349788 3422.559459 3422.416622 3423.512425 3425.798559
160.160000 3419.490425 3422.292210 3423.263182 3423.198165 3424.244424 3426.506919
160.210000 3420.282947 3423.098739 3424.041683 3424.017694 3425.073578 3427.355414
160.220000 3420.573154 3423.267046 3424.208473 3424.193245 3425.272044 3427.495616
160.260000 3421.246076 3423.880585 3424.978609 3424.929492 3426.132449 3428.019134
160.360000 3423.005866 3425.459674 3426.626156 3426.597248 3427.862963 3429.574390
160.410000 3423.887304 3426.374105 3427.525100 3427.505443 3428.719836 3430.335699
160.420000 3424.021039 3426.549200 3427.733102 3427.690760 3428.917018 3430.524556
160.460000 3424.688695 3427.242427 3428.466486 3428.384105 3429.597512 3431.010065
160.510000 3425.378863 3428.039618 3429.296578 3429.233697 3430.507177 3432.034927
160.560000 3426.212676 3428.945374 3430.170160 3430.090801 3431.417110 3432.719217
160.580000 3426.733390 3429.301906 3430.532830 3430.453118 3431.756900 3433.082572
160.610000 3427.122295 3429.807248 3431.018012 3430.966738 3432.213328 3433.561195
160.660000 3428.045795 3430.663566 3431.838897 3431.818562 3433.049473 3435.046294
160.710000 3429.055812 3431.425141 3432.497619 3432.594325 3433.812719 3436.278591
160.810000 3430.879091 3432.911103 3433.866419 3434.054756 3435.140317 3438.122178
160.820000 3431.032623 3433.060838 3434.030950 3434.218529 3435.298205 3438.363295
160.860000 3431.540462 3433.627943 3434.691471 3434.870508 3436.012833 3439.344708
160.960000 3433.780464 3435.032813 3436.062697 3436.391215 3437.747453 3441.288904
161.010000 3434.740020 3435.753619 3436.785923 3437.196271 3438.771714 3442.356560
161.020000 3434.938655 3435.939599 3436.946879 3437.360341 3438.941750 3442.489637
161.110000 3436.267877 3437.202886 3438.209599 3438.723911 3440.458364 3444.105927
161.160000 3436.968750 3437.937575 3438.913664 3439.513706 3441.322463 3445.036118
161.210000 3437.763907 3438.713839 3439.678992 3440.341150 3442.330588 3445.831364
161.220000 3437.939348 3438.893318 3439.840173 3440.510476 3442.516211 3445.989900
161.260000 3438.510145 3439.554278 3440.532979 3441.223951 3443.290216 3446.727744
161.310000 3439.359072 3440.344355 3441.381335 3442.112178 3444.467702 3447.584952
161.360000 3440.235182 3441.146810 3442.271582 3442.992723 3445.744477 3448.319629
161.410000 3441.122310 3442.011574 3443.161420 3443.860701 3446.656785 3449.124726
161.420000 3441.267040 3442.173655 3443.376749 3444.050977 3446.810609 3449.298355
161.460000 3441.939692 3442.936704 3444.231532 3444.841277 3447.442104 3449.875814
161.510000 3442.707589 3443.874359 3445.259917 3445.806233 3448.277273 3450.516831
161.560000 3443.620626 3444.894018 3446.417202 3446.821535 3449.359945 3451.061664
161.590000 3444.089775 3445.477812 3447.070449 3447.402335 3449.855790 3451.450746
161.610000 3444.532699 3445.837450 3447.488515 3447.775121 3450.150190 3451.710811
161.660000 3445.448752 3446.730142 3448.490230 3448.674089 3450.964532 3452.318399
161.710000 3446.299878 3447.734956 3449.408394 3449.548059 3451.629169 3452.907286
161.760000 3447.118560 3448.634093 3450.387746 3450.418423 3452.405848 3453.470773
161.810000 3447.941759 3449.554459 3451.250241 3451.251998 3453.115535 3454.050847
161.820000 3448.144793 3449.703336 3451.439515 3451.421082 3453.207174 3454.179848
161.860000 3448.810520 3450.410371 3452.081962 3452.036812 3453.734588 3454.647005
161.960000 3450.512848 3452.037448 3453.453747 3453.400857 3454.823234 3455.744638
162.020000 3451.402362 3453.067904 3454.312208 3454.266377 3455.528368 3456.533300
162.115000 3453.107940 3454.561892 3455.499892 3455.525497 3456.563609 3457.737885
162.210000 3454.827793 3455.911584 3456.667505 3456.746596 3457.635777 3458.808185
162.220000 3455.048271 3456.053980 3456.791781 3456.887945 3457.783135 3458.912990
162.260000 3455.633716 3456.562493 3457.290381 3457.381955 3458.246713 3459.423852
162.340000 3456.622655 3457.481522 3458.196868 3458.307911 3459.176751 3460.401620
162.420000 3457.599843 3458.358359 3459.107874 3459.224827 3460.114990 3461.467027
162.510000 3458.662632 3459.364927 3460.049690 3460.219100 3461.115473 3462.772394
162.560000 3459.331558 3459.953045 3460.618440 3460.813686 3461.723240 3463.441728
162.590000 3459.669492 3460.318834 3460.973341 3461.193580 3462.101004 3463.741178
162.610000 3459.956310 3460.588437 3461.246225 3461.464330 3462.381979 3464.039652
162.660000 3460.566645 3461.182635 3461.915158 3462.092591 3463.007011 3464.691657
162.710000 3461.125986 3461.747716 3462.513582 3462.711210 3463.665356 3465.531454
162.810000 3462.199450 3462.833332 3463.649865 3463.878302 3464.904295 3467.495717
162.820000 3462.350155 3462.962271 3463.777146 3464.022423 3465.049371 3467.694869
162.860000 3462.860733 3463.549985 3464.351314 3464.608717 3465.651157 3468.298427
162.910000 3463.553489 3464.232986 3465.189171 3465.361247 3466.417465 3469.414258
162.960000 3464.174971 3464.960463 3465.958870 3466.091625 3467.127177 3470.050743
163.010000 3464.851463 3465.685994 3466.743416 3466.859823 3467.906016 3470.561592
163.020000 3464.988960 3465.827165 3466.918082 3467.032459 3468.064921 3470.715918
163.060000 3465.679929 3466.591531 3467.713497 3467.769355 3468.823294 3471.240386
163.110000 3466.573469 3467.565930 3468.648628 3468.664726 3469.626978 3471.890557
163.160000 3467.559303 3468.569567 3469.625021 3469.633291 3470.503104 3472.789611
163.210000 3468.660190 3469.599687 3470.498531 3470.524929 3471.281418 3473.646401
163.220000 3468.850421 3469.843149 3470.665868 3470.701340 3471.462674 3473.832722
163.260000 3469.379783 3470.475615 3471.270675 3471.321439 3472.079035 3474.345235
163.310000 3470.115847 3471.232127 3471.963852 3472.070543 3472.859408 3474.936974
163.360000 3470.960741 3471.925283 3472.659193 3472.814664 3473.659089 3475.500458
163.410000 3471.965071 3472.678095 3473.440705 3473.623512 3474.539924 3476.287552
163.420000 3472.106715 3472.842265 3473.595628 3473.787806 3474.731528 3476.525182
163.460000 3472.670668 3473.375230 3474.210467 3474.405886 3475.481442 3477.243737
163.510000 3473.326435 3474.028124 3474.893876 3475.114257 3476.220731 3478.056214
163.560000 3474.015399 3474.668308 3475.604424 3475.836229 3477.018523 3479.169294
163.590000 3474.415304 3475.081824 3476.020012 3476.269316 3477.502494 3479.933653
163.660000 3475.199477 3475.985859 3476.963272 3477.279032 3478.634064 3481.473951
163.710000 3475.840393 3476.652418 3477.638854 3477.993098 3479.433490 3482.613261
163.760000 3476.526781 3477.383120 3478.319991 3478.739686 3480.244078 3483.674435
163.810000 3477.348902 3478.047241 3479.014266 3479.519687 3481.165439 3484.504242
163.820000 3477.451713 3478.228387 3479.153784 3479.684369 3481.353699 3484.672679
163.860000 3477.981705 3478.778698 3479.749441 3480.321647 3482.068549 3485.392908
163.910000 3478.574253 3479.437429 3480.489902 3481.111292 3483.057872 3486.556075
163.960000 3479.324671 3480.135718 3481.294749 3481.949694 3484.018280 3487.518288
164.010000 3480.048775 3480.815192 3482.176511 3482.791027 3484.978083 3488.475117
164.020000 3480.190195 3480.961794 3482.335107 3482.964367 3485.159262 3488.667205
164.060000 3480.748092 3481.595824 3483.132518 3483.677858 3485.944483 3489.487841
