depth(m)	initial_age(kiloyear)
131.22	42062.1
131.26	42063.9
131.32	42066.6
131.38	42069.3
131.44	42071.99
131.5	42074.69
131.56	42077.39
131.62	42080.09
131.68	42082.78
131.74	42085.48
131.8	42088.18
131.86	42090.88
131.92	42093.57
131.98	42096.27
132.04	42098.97
132.1	42101.67
132.16	42104.36
132.22	42107.06
132.28	42109.76
132.34	42112.46
132.4	42115.15
132.46	42117.85
132.52	42120.55
132.58	42123.24
132.64	42125.94
132.7	42128.64
132.76	42131.34
132.82	42134.03
132.88	42136.73
132.94	42139.43
133	42142.13
133.06	42144.82
133.12	42147.52
133.18	42150.22
133.24	42152.92
133.3	42155.61
133.36	42158.31
133.42	42161.01
133.48	42163.71
133.54	42166.4
133.6	42169.1
133.66	42170.95
133.72	42172.36
133.78	42173.78
133.84	42175.2
133.9	42176.62
133.96	42178.03
134.02	42179.45
134.08	42180.87
134.14	42182.29
134.2	42183.71
134.26	42185.12
134.32	42186.54
134.38	42187.96
134.44	42189.38
134.5	42190.79
134.56	42192.21
134.62	42193.63
134.68	42195.05
134.74	42196.47
134.8	42197.88
134.86	42199.3
134.92	42200.72
134.98	42202.14
135.1	42204.97
135.16	42206.39
135.22	42207.81
135.24	42208.28
135.3	42209.7
135.36	42211.12
135.42	42212.53
135.48	42213.95
135.54	42215.37
135.6	42216.79
135.66	42218.2
135.72	42219.62
135.78	42221.04
135.84	42222.46
135.9	42223.88
135.96	42225.29
136.02	42226.71
136.08	42228.13
136.14	42229.55
136.2	42230.96
136.26	42232.38
136.32	42233.8
136.38	42235.22
136.44	42236.64
136.5	42238.05
136.56	42239.47
136.62	42240.89
136.68	42242.31
136.74	42243.72
136.8	42245.14
136.86	42246.56
136.92	42247.98
136.98	42249.4
137.04	42250.81
137.1	42252.23
137.16	42253.65
137.22	42255.07
137.28	42256.48
137.34	42257.9
137.4	42259.32
137.46	42260.74
137.52	42262.16
137.58	42263.57
137.64	42264.99
137.7	42266.41
137.76	42267.83
137.82	42269.24
137.88	42270.66
137.94	42272.08
138	42273.5
138.06	42274.92
138.12	42276.33
138.18	42277.75
138.24	42279.17
138.3	42280.59
138.36	42282
138.42	42283.42
138.48	42284.84
138.54	42286.26
138.6	42287.68
138.66	42289.09
138.72	42290.51
138.78	42291.93
138.84	42293.35
138.9	42294.76
138.96	42296.18
139.02	42297.6
139.14	42300.44
139.2	42301.85
139.26	42303.27
139.32	42304.69
139.38	42306.11
139.44	42307.52
139.5	42308.94
139.56	42310.36
139.62	42311.78
139.68	42313.2
139.74	42314.61
139.8	42316.03
139.86	42317.45
139.92	42318.87
139.98	42320.28
140.04	42321.7
140.1	42323.12
140.16	42324.54
140.22	42325.96
140.27	42327.14
140.32	42328.32
140.36	42329.26
140.42	42330.68
140.48	42332.1
140.54	42333.52
140.6	42334.93
140.66	42336.35
140.72	42337.77
140.78	42339.19
140.84	42340.61
140.9	42342.02
140.96	42343.44
141.02	42344.86
141.08	42346.28
141.14	42347.69
141.2	42349.11
141.26	42350.53
141.32	42351.95
141.38	42353.37
141.44	42354.78
141.5	42356.2
141.56	42357.62
141.62	42359.04
141.68	42360.45
141.74	42361.87
141.8	42363.29
141.86	42364.71
141.92	42366.13
141.98	42367.54
142.04	42368.96
142.1	42370.38
142.16	42371.8
142.22	42373.21
142.28	42374.63
142.34	42376.05
142.4	42377.47
142.46	42378.89
142.52	42380.3
142.58	42381.72
142.64	42383.14
142.7	42384.56
142.76	42385.97
142.82	42387.39
142.88	42388.81
142.94	42390.23
143	42391.65
143.06	42393.06
143.12	42394.48
143.18	42395.9
143.24	42397.32
143.3	42398.73
143.36	42400.15
143.42	42401.57
143.48	42402.99
143.54	42404.41
143.6	42405.82
143.66	42407.24
143.72	42408.66
143.78	42410.08
143.84	42411.49
143.9	42412.91
143.96	42414.33
144.02	42415.75
144.08	42417.17
144.13	42418.35
144.18	42419.53
144.22	42420.47
144.28	42421.89
144.34	42423.31
144.4	42424.73
144.52	42427.56
144.58	42428.98
144.64	42430.4
144.76	42433.23
144.82	42434.65
144.88	42436.07
144.94	42437.49
145	42438.91
145.06	42440.32
145.12	42441.74
145.18	42443.16
145.24	42444.58
145.3	42445.99
145.36	42447.41
145.42	42448.83
145.48	42450.25
145.54	42451.67
145.6	42453.08
145.66	42454.5
145.84	42458.75
145.9	42460.17
145.96	42461.59
146.02	42463.01
146.08	42464.43
146.14	42465.84
146.2	42467.26
146.26	42468.68
146.32	42470.1
146.38	42471.51
146.44	42472.93
146.5	42474.35
146.56	42475.77
146.62	42477.19
146.68	42478.6
146.74	42480.02
146.8	42481.44
146.86	42482.86
146.92	42484.27
146.98	42485.69
147.04	42487.11
147.1	42488.53
147.16	42489.95
147.22	42491.36
147.28	42492.78
147.34	42494.2
147.4	42495.62
147.46	42497.03
147.52	42498.45
147.58	42499.87
147.64	42501.29
147.7	42502.71
147.76	42504.12
147.82	42505.54
147.88	42506.96
147.94	42508.38
148	42509.79
148.06	42511.21
148.12	42512.63
148.18	42514.05
148.24	42515.47
148.3	42516.88
148.36	42518.3
148.42	42519.72
148.48	42521.14
148.54	42522.55
148.6	42523.97
148.66	42525.39
148.72	42526.81
148.78	42528.23
148.84	42529.64
148.9	42531.06
149.02	42533.9
149.08	42535.31
149.14	42536.73
149.2	42538.15
149.26	42539.57
149.34	42541.46
149.42	42543.35
149.48	42544.77
149.54	42546.18
149.6	42547.6
149.66	42549.02
149.72	42550.44
149.78	42551.85
149.84	42553.27
149.9	42554.69
149.96	42556.11
150.02	42557.53
150.08	42558.94
150.14	42560.36
150.2	42561.78
150.26	42563.2
150.32	42564.61
150.38	42566.03
150.44	42567.45
150.5	42568.87
150.56	42570.29
150.62	42571.7
150.68	42573.12
150.74	42574.54
150.8	42575.96
150.86	42577.37
150.92	42578.79
150.98	42580.21
151.04	42581.63
151.1	42583.05
151.16	42584.46
151.22	42585.88
151.28	42587.3
151.34	42588.72
151.4	42590.13
151.46	42591.55
151.52	42592.97
151.58	42594.39
151.64	42595.81
151.7	42597.22
151.76	42598.64
151.82	42600.06
151.88	42601.48
151.94	42602.89
152.06	42605.73
152.12	42607.15
152.18	42608.57
152.24	42609.98
152.3	42611.4
152.36	42612.82
152.42	42614.24
152.48	42615.65
152.54	42617.07
152.6	42618.49
152.66	42619.91
152.72	42621.33
152.78	42622.74
152.84	42624.16
152.9	42625.58
152.96	42627
153.02	42628.41
153.08	42629.83
153.14	42631.25
153.2	42632.67
153.26	42634.09
153.32	42635.5
153.38	42636.92
153.44	42638.34
153.5	42639.76
153.56	42641.17
153.62	42642.59
153.68	42644.01
153.74	42645.43
153.8	42646.85
153.86	42648.26
153.92	42649.68
153.98	42651.1
154.04	42652.52
154.1	42653.93
154.16	42655.35
154.28	42658.19
154.34	42659.61
154.4	42661.02
154.46	42662.44
154.52	42663.86
154.58	42665.28
154.64	42666.69
154.7	42668.11
154.76	42669.53
154.82	42670.95
154.88	42672.37
154.94	42673.78
155	42675.2
155.06	42676.62
155.12	42678.04
155.18	42679.45
155.24	42680.87
155.3	42682.29
155.36	42683.71
155.42	42685.13
155.48	42686.54
155.54	42687.96
155.6	42689.38
155.66	42690.8
155.72	42692.21
155.78	42693.63
155.84	42695.05
155.9	42696.47
155.96	42697.89
156.02	42699.3
156.08	42700.72
156.14	42702.14
156.2	42703.56
156.26	42704.97
156.32	42706.39
156.38	42707.81
156.44	42709.23
156.5	42710.65
156.56	42712.06
156.62	42713.48
156.68	42714.9
156.74	42716.32
156.8	42717.73
156.86	42719.15
156.92	42720.57
156.98	42721.99
157.04	42723.41
157.1	42724.82
157.16	42726.24
157.22	42727.66
157.28	42729.08
157.34	42730.49
157.4	42731.91
157.46	42733.33
157.52	42734.75
157.58	42736.17
157.64	42737.58
157.7	42739
157.76	42740.42
157.82	42741.84
157.88	42743.25
157.94	42744.67
158	42746.09
158.06	42747.51
158.12	42748.93
158.18	42750.34
158.24	42751.76
158.3	42753.18
158.36	42754.6
158.42	42756.01
158.48	42757.43
158.54	42758.85
158.6	42760.27
158.66	42761.69
158.72	42763.1
158.84	42765.94
158.9	42767.36
158.96	42768.77
159.02	42770.19
159.08	42771.61
159.14	42773.03
159.2	42774.45
159.26	42775.86
159.32	42777.28
159.38	42778.7
159.44	42780.12
159.5	42781.53
159.56	42782.95
159.62	42784.37
159.68	42785.79
159.74	42787.21
159.8	42788.62
159.86	42790.04
159.92	42791.46
159.98	42792.88
160.04	42794.29
160.1	42795.71
160.16	42797.13
160.22	42798.55
160.28	42799.97
160.34	42801.38
160.4	42802.8
160.46	42804.22
160.52	42805.64
160.58	42807.05
160.64	43050.21
160.7	43051.49
160.76	43052.77
160.82	43054.05
160.88	43055.32
160.94	43056.6
161	43057.88
161.06	43059.16
161.12	43060.43
161.18	43061.71
161.24	43062.99
161.3	43064.27
161.36	43065.54
161.42	43066.82
161.48	43068.1
161.54	43069.38
161.6	43070.65
161.66	43071.93
161.72	43073.21
161.78	43074.49
161.84	43075.76
161.9	43077.04
161.96	43078.32
162.02	43079.6
162.08	43080.87
162.14	43082.15
162.2	43083.43
162.26	43084.71
162.32	43085.98
162.38	43087.26
162.44	43088.54
162.5	43089.82
162.56	43091.09
162.62	43092.37
162.68	43093.65
162.74	43094.93
162.8	43096.2
162.86	43097.48
162.92	43098.76
162.98	43100.04
163.04	43101.31
163.1	43102.59
163.16	43103.87
163.22	43105.15
163.28	43106.42
163.34	43107.7
163.4	43108.98
163.46	43110.26
163.52	43111.53
163.58	43112.81
163.64	43114.09
163.7	43115.37
163.76	43116.64
163.82	43117.92
163.88	43119.2
163.94	43120.48
164	43121.75
164.01	43121.97
164.07	43123.24
164.13	43124.52
164.19	43125.8
164.31	43128.35
164.37	43129.63
164.43	43130.91
164.49	43132.19
164.55	43133.46
164.61	43134.74
164.67	43136.02
164.73	43137.3
164.79	43138.57
164.85	43139.85
164.91	43141.13
164.97	43142.41
165.03	43143.68
165.09	43144.96
165.15	43146.24
165.21	43147.52
165.27	43148.79
165.33	43150.07
165.39	43151.35
165.45	43152.63
165.51	43153.9
165.57	43155.18
165.63	43156.46
165.69	43157.74
165.75	43159.01
165.81	43160.29
165.87	43161.57
165.93	43162.85
165.99	43164.12
166.05	43165.4
166.11	43166.68
166.15	43167.53
166.21	43168.81
166.27	43170.09
166.33	43171.36
166.39	43172.64
166.45	43173.92
166.51	43175.2
166.57	43176.47
166.63	43177.75
166.69	43179.03
166.75	43180.31
166.81	43181.58
166.87	43182.86
166.93	43184.14
166.99	43185.42
167.05	43186.69
167.11	43187.97
167.17	43189.25
167.23	43190.53
167.29	43191.8
167.35	43193.08
167.41	43194.36
167.47	43195.64
167.53	43196.91
167.59	43198.19
167.65	43199.47
167.71	43200.75
167.77	43202.02
167.95	43205.86
168.01	43207.13
168.07	43208.41
168.13	43209.69
168.19	43210.97
168.25	43212.24
168.31	43213.52
168.37	43214.8
168.43	43216.08
168.49	43217.35
168.55	43218.63
168.61	43219.91
168.67	43221.19
168.73	43222.46
168.79	43223.74
168.85	43225.02
168.91	43226.3
168.97	43227.57
169.04	43229.06
169.1	43230.34
169.15	43231.41
169.21	43232.68
169.27	43233.96
169.33	43235.24
169.39	43236.52
169.45	43237.79
169.51	43239.07
169.57	43240.35
169.63	43241.63
169.69	43242.9
169.75	43244.18
169.81	43245.46
169.87	43246.74
169.93	43248.01
169.99	43249.29
170.05	43250.57
170.11	43251.85
170.17	43253.12
170.23	43254.4
170.29	43255.68
170.41	43258.23
170.47	43259.51
170.53	43260.79
170.59	43262.07
170.65	43263.34
170.71	43264.62
170.77	43265.9
170.83	43267.18
170.89	43268.45
170.95	43269.73
171.01	43271.01
171.07	43272.29
171.13	43273.56
171.25	43276.12
171.31	43277.4
171.37	43278.67
171.43	43279.95
171.49	43281.23
171.55	43282.51
171.61	43283.78
171.67	43285.06
171.73	43286.34
171.79	43287.62
171.85	43288.89
171.91	43290.17
171.97	43291.45
172.03	43292.73
172.09	43294
172.15	43295.28
172.21	43296.56
172.27	43297.84
172.33	43299.11
172.39	43300.39
172.45	43301.67
172.51	43302.95
172.57	43304.22
172.6	43304.86
172.66	43306.14
172.72	43307.42
172.78	43308.69
172.84	43309.97
172.9	43311.25
172.96	43312.53
173.02	43313.8
173.08	43315.08
173.14	43316.36
173.2	43317.64
173.26	43318.91
173.32	43320.19
173.44	43322.75
173.5	43324.02
173.56	43325.3
173.62	43326.58
173.68	43327.86
173.74	43329.13
173.8	43330.41
173.86	43331.69
173.92	43332.97
173.98	43334.24
174.04	43335.52
174.1	43336.8
174.16	43338.08
174.22	43339.35
174.28	43340.63
174.34	43341.91
174.4	43343.19
174.46	43344.46
174.52	43345.74
174.58	43347.02
174.64	43348.3
174.7	43349.57
174.76	43350.85
174.82	43352.13
174.88	43353.41
174.94	43354.68
175	43355.96
175.06	43357.24
175.12	43358.52
175.24	43361.07
175.3	43362.35
175.36	43363.63
175.42	43364.9
175.48	43366.18
175.54	43367.46
175.6	43368.74
175.66	43370.01
175.72	43371.29
175.78	43372.57
175.84	43373.85
175.9	43375.12
175.96	43376.4
176.02	43377.68
176.08	43378.96
176.14	43380.23
176.2	43381.51
176.26	43382.79
176.32	43384.07
176.38	43385.34
176.44	43386.62
176.5	43387.9
176.56	43389.18
176.62	43390.45
176.68	43391.73
176.74	43393.01
176.8	43394.29
176.86	43395.56
176.92	43396.84
176.98	43398.12
177.04	43399.4
177.1	43400.67
177.16	43401.95
177.22	43403.23
177.28	43404.51
177.34	43405.78
177.4	43407.06
177.43	43407.7
177.49	43408.98
177.55	43410.26
177.61	43411.53
177.67	43412.81
177.73	43414.09
177.79	43415.37
177.85	43416.64
177.91	43417.92
177.97	43419.2
178.03	43420.48
178.09	43421.75
178.15	43423.03
178.21	43424.31
178.27	43425.59
178.33	43426.86
178.39	43428.14
178.45	43429.42
178.51	43430.7
178.57	43431.97
178.63	43433.25
178.69	43434.53
178.75	43435.81
178.81	43437.08
178.87	43438.36
178.93	43439.64
178.99	43440.92
179.05	43442.19
179.11	43443.47
179.17	43444.75
179.23	43446.03
179.29	43447.3
179.35	43448.58
179.41	43449.86
179.47	43451.14
179.53	43452.41
179.59	43453.69
179.65	43454.97
179.71	43456.25
179.77	43457.52
179.83	43458.8
179.89	43460.08
179.95	43461.36
180.01	43462.63
180.07	43463.91
180.13	43465.19
180.19	43466.47
180.25	43467.74
180.31	43469.02
180.37	43470.3
180.43	43471.58
180.49	43472.85
180.55	43474.13
180.61	43475.41
180.67	43476.69
180.73	43477.96
180.79	43479.24
180.85	43480.52
180.91	43481.8
180.97	43483.07
181.03	43484.35
181.09	43485.63
181.15	43486.91
181.21	43488.18
181.27	43489.46
181.33	43490.74
181.39	43492.02
181.45	43493.29
181.51	43494.57
181.57	43495.85
181.63	43497.13
181.69	43498.4
181.75	43499.68
181.81	43500.96
181.87	43502.24
181.93	43503.51
181.99	43504.79
182.05	43506.07
182.11	43507.35
182.17	43508.62
182.23	43509.9
182.29	43511.18
182.35	43512.46
182.41	43513.73
182.47	43515.01
182.53	43516.29
182.59	43517.57
182.65	43518.84
182.71	43520.12
182.77	43521.4
182.83	43522.68
182.89	43523.95
182.95	43525.23
183.01	43526.51
183.01	43526.51
183.07	43527.79
183.13	43529.06
183.19	43530.34
183.31	43532.9
183.37	43534.17
183.43	43535.45
183.49	43536.73
183.55	43538.01
183.61	43539.28
183.67	43540.56
183.73	43541.84
183.79	43543.12
183.91	43545.67
183.97	43546.95
184.03	43548.23
184.15	43550.78
184.21	43552.06
184.27	43553.34
184.33	43554.61
184.39	43555.89
184.45	43557.17
184.51	43558.45
184.69	43562.28
184.73	43563.13
184.77	43563.98
184.83	43565.26
184.89	43566.54
185.01	43569.09
185.07	43570.37
185.13	43571.65
185.19	43572.92
185.25	43574.2
185.31	43575.48
185.37	43576.76
185.41	43577.61
185.47	43578.89
185.53	43580.16
185.59	43581.44
185.65	43582.72
185.71	43584
185.77	43585.27
185.83	43586.55
185.89	43587.83
185.95	43589.11
186.01	43590.38
186.07	43591.66
186.13	43592.94
186.19	43594.22
186.25	43595.49
186.31	43596.77
186.37	43598.05
186.43	43599.33
186.49	43600.6
186.55	43601.88
186.61	43603.16
186.67	43604.44
186.73	43605.71
186.79	43606.99
186.85	43608.27
186.91	43609.55
186.97	43610.82
187.03	43612.1
187.09	43613.38
187.15	43614.66
187.21	43615.93
187.27	43617.21
187.33	43618.49
187.39	43619.77
187.45	43621.04
187.51	43622.32
187.57	43623.6
187.63	43624.88
187.69	43626.15
187.75	43627.43
187.87	43629.99
187.93	43631.26
187.99	43632.54
188.05	43633.82
188.11	43635.1
188.17	43636.37
188.23	43637.65
188.29	43638.93
188.35	43640.21
188.39	43641.06
188.45	43642.33
188.51	43643.61
188.57	43644.89
188.63	43646.17
188.69	43647.44
188.75	43648.72
188.81	43650
188.87	43651.28
188.93	43652.55
188.99	43653.83
189.05	43655.11
189.11	43656.39
189.17	43657.67
189.23	43658.94
189.29	43660.22
189.35	43661.5
189.41	43662.78
189.53	43665.33
189.59	43666.61
189.65	43667.89
189.71	43669.16
189.77	43670.44
189.83	43671.72
189.89	43673
189.95	43674.27
190.01	43675.55
190.07	43676.83
190.13	43678.11
190.19	43679.38
190.25	44270.68
190.31	44272.03
190.37	44273.39
190.43	44274.75
190.49	44276.1
190.55	44277.46
190.67	44280.17
190.73	44281.52
190.79	44282.88
190.85	44284.24
190.91	44285.59
190.97	44286.95
191.03	44288.3
191.09	44289.66
191.15	44291.01
191.21	44292.37
191.27	44293.73
191.33	44295.08
191.39	44296.44
191.45	44297.79
191.51	44299.15
191.57	44300.51
191.63	44301.86
191.75	44304.57
191.81	44305.93
191.87	44307.28
191.93	44308.64
191.99	44310
192.05	44311.35
192.11	44312.71
192.23	44315.42
192.29	44316.77
192.41	44319.49
192.53	44322.2
192.65	44324.91
192.77	44327.62
192.89	44330.33
193.01	44333.04
193.13	44335.76
193.25	44338.47
193.37	44341.18
193.49	44343.89
193.54	44345.02
193.59	44346.15
193.68	44348.18
193.78	44350.44
193.87	44352.48
193.97	44354.74
194.06	44356.77
194.17	44359.26
194.27	44361.52
194.36	44363.55
194.41	44364.68
194.45	44365.81
194.5	44366.94
194.56	44368.29
194.58	44368.75
194.64	44370.1
194.72	44371.91
194.84	44374.62
194.96	44377.33
195.14	44381.4
195.18	44382.3
195.22	44383.21
195.25	44383.89
195.29	44384.79
195.33	44385.69
195.37	44386.6
195.41	44387.5
195.45	44388.41
195.52	44389.99
195.57	44391.12
195.6	44391.8
195.63	44392.47
195.66	44393.15
195.69	44393.83
195.72	44394.51
195.75	44395.18
195.79	44396.09
195.82	44396.77
195.85	44397.44
195.88	44398.12
195.91	44398.8
195.94	44399.48
195.97	44400.16
196	44400.83
196.06	44402.19
196.09	44402.87
196.12	44403.55
196.15	44404.22
196.18	44404.9
196.23	44406.03
196.28	44407.16
196.34	44408.52
196.39	44409.65
196.44	44410.78
196.55	44413.26
196.6	44414.39
196.65	44415.52
196.71	44416.88
196.76	44418.01
196.81	44419.14
196.86	44420.27
196.92	44421.62
196.97	44422.75
197.02	44423.88
197.15	44426.82
197.2	44427.95
197.26	44429.31
197.31	44430.44
197.36	44431.57
197.41	44432.7
197.47	44434.05
197.52	44435.18
197.57	44436.31
197.68	44438.8
197.73	44439.93
197.78	44441.06
197.84	44442.41
197.89	44443.54
197.94	44444.67
197.99	44445.8
198.05	44447.16
198.1	44448.29
198.15	44449.42
198.2	44450.55
198.26	44451.9
198.31	44453.03
198.36	44454.16
198.41	44455.29
198.47	44456.65
198.52	44457.78
198.57	44458.91
198.62	44460.04
198.68	44461.39
198.73	44462.52
198.78	44463.65
198.83	44464.78
198.89	44466.14
198.94	44467.27
198.99	44468.4
199.07	44470.21
199.12	44471.34
199.23	44473.82
199.28	44474.95
199.33	44476.08
199.39	44477.44
199.49	44479.7
199.54	44480.83
199.6	44482.18
199.81	44486.93
199.86	44488.06
199.91	44489.19
199.96	44490.32
200.07	44492.8
200.23	44496.42
200.28	44497.55
200.33	44498.68
200.38	44499.81
200.44	44501.16
200.65	44505.91
200.7	44507.04
200.75	44508.17
200.8	44509.3
200.84	44510.2
200.93	44512.23
200.98	44513.36
201.03	44514.49
201.08	44515.62
201.18	44517.88
201.23	44519.01
201.27	44519.92
201.31	44520.82
201.35	44521.73
201.39	44522.63
201.43	44523.53
201.47	44524.44
201.51	44525.34
201.55	44526.24
201.59	44527.15
201.63	44528.05
201.67	44528.96
201.7	44529.63
201.74	44530.54
201.82	44532.35
201.87	44533.48
201.92	44534.61
201.97	44535.74
202.02	44536.87
202.08	44538.22
202.13	44539.35
202.23	44541.61
202.34	44544.1
202.39	44545.23
202.44	44546.36
202.49	44547.49
202.53	44548.39
202.57	44549.29
202.61	44550.2
202.65	44551.1
202.7	44552.23
202.74	44553.13
202.82	44554.94
202.86	44555.85
202.9	44556.75
202.95	44557.88
202.99	44558.78
203.03	44559.69
203.07	44560.59
203.12	44561.72
203.16	44562.63
203.2	44563.53
203.24	44564.43
203.29	44565.56
203.33	44566.47
203.37	44567.37
203.41	44568.27
203.45	44569.18
203.5	44570.31
203.52	44570.76
203.56	44571.66
203.6	44572.57
203.65	44573.7
203.69	44574.6
203.73	44575.51
203.78	44576.64
203.83	44577.76
203.88	44578.89
203.93	44580.02
204.03	44582.28
204.08	44583.41
204.13	44584.54
204.18	44585.67
204.23	44586.8
204.29	44588.16
204.44	44591.55
204.49	44592.68
204.54	44593.81
204.59	44594.94
204.64	44596.07
204.69	44597.2
204.74	44598.33
204.79	44599.46
204.84	44600.59
204.89	44601.72
204.94	44602.85
205.14	44607.37
205.19	44608.5
205.29	44610.76
205.34	44611.89
207.52	44661.15
207.56	44662.05
207.6	44662.95
207.64	44663.86
207.72	44665.67
207.76	44666.57
207.79	44667.25
207.83	44668.15
207.87	44669.06
207.91	44669.96
208.03	44672.67
208.07	44673.57
208.11	44674.48
208.15	44675.38
208.19	44676.29
208.23	44677.19
208.27	44678.09
208.31	44679
208.35	44679.9
208.39	44680.81
208.46	44682.39
208.51	44683.52
208.56	44684.65
208.6	44685.55
208.65	44686.68
208.7	44687.81
208.9	44692.33
208.94	44693.23
208.99	44694.36
209.04	44695.49
209.09	44696.62
209.14	44697.75
209.19	44698.88
209.24	44700.01
209.28	44700.92
209.33	44702.05
209.38	44703.18
209.43	44704.31
209.48	44705.44
209.53	44706.57
209.58	44707.7
209.62	44708.6
209.72	44710.86
209.77	44711.99
209.87	44714.25
209.92	44715.38
209.97	44716.51
210.01	44717.41
210.06	44718.54
210.2	44721.71
210.24	44722.61
210.29	44723.74
210.33	44724.64
210.37	44725.55
210.42	44726.68
210.46	44727.58
210.55	44729.61
210.6	44730.74
210.64	44731.65
210.69	44732.78
210.73	44733.68
210.78	44734.81
210.82	44735.71
210.87	44736.84
210.91	44737.75
210.95	44738.65
211	44739.78
211.04	44740.69
211.09	44741.82
211.18	44743.85
211.22	44744.75
211.27	44745.88
211.31	44746.79
211.36	44747.92
211.4	44748.82
211.44	44749.72
211.49	44750.85
211.53	44751.76
211.58	44752.89
211.62	44753.79
211.67	44754.92
211.71	44755.83
211.76	44756.96
211.85	44758.99
211.89	44759.89
211.98	44761.93
212.02	44762.83
212.07	44763.96
212.11	44764.86
212.16	44765.99
212.2	44766.9
212.25	44768.03
212.29	44768.93
212.34	44770.06
212.54	44774.35
212.66	44777.07
212.72	44778.42
212.84	44781.13
212.9	44782.49
212.96	44783.85
213.14	44787.91
213.2	44789.27
213.26	44790.62
213.32	44791.98
213.38	44793.34
213.44	44794.69
213.51	44796.27
213.57	44797.63
213.61	44798.99
213.7	44800.57
213.76	44801.92
213.83	44803.28
213.89	44804.86
213.95	44806.22
214.02	44807.8
214.08	44809.15
214.14	44810.51
214.27	44813.45
214.33	44814.8
214.53	44819.1
214.59	45120.57
214.65	45121.74
214.71	45122.91
214.77	45124.08
214.83	45125.25
214.89	45126.42
214.95	45127.59
215.01	45128.76
215.13	45131.1
215.19	45132.28
215.25	45133.45
215.31	45134.62
215.37	45135.79
215.43	45136.96
215.49	45138.13
215.55	45139.3
215.61	45140.47
215.67	45141.64
215.73	45142.81
215.79	45143.98
215.85	45145.16
215.91	45146.33
215.97	45147.5
216.03	45148.67
216.09	45149.84
216.15	45151.01
216.21	45152.18
216.33	45154.52
216.39	45155.69
216.43	45156.86
216.57	45159.21
216.63	45160.38
216.69	45161.55
216.75	45162.72
216.81	45163.89
216.87	45165.06
216.93	45166.23
217.05	45168.57
217.11	45169.74
217.17	45170.92
217.23	45172.09
217.29	45173.26
217.41	45175.6
217.47	45176.77
217.59	45179.11
217.83	45183.8
217.95	45186.14
218.01	45187.31
218.07	45188.48
218.13	45189.65
218.19	45190.82
218.19	45191.99
218.37	45194.33
218.43	45195.5
218.49	45196.68
218.55	45197.85
218.61	45199.02
218.67	45200.19
218.73	45201.36
218.79	45202.53
218.85	45203.7
218.89	45204.87
218.97	45206.04
219.03	45207.21
219.09	45208.38
219.15	45209.56
219.27	45211.9
219.33	45213.07
219.39	45214.24
219.45	45215.41
219.51	45216.58
219.63	45218.92
219.69	45220.09
219.75	45221.26
219.81	45222.44
219.87	45223.61
219.93	45224.78
219.98	45225.75
220.04	45226.92
220.1	45228.09
220.15	45229.07
220.27	45231.41
220.32	45232.39
220.55	45236.88
220.67	45239.22
220.79	45241.56
220.85	45242.73
220.91	45243.9
220.97	45245.07
221.03	45246.24
221.15	45540.36
221.21	45541.45
221.27	45542.53
221.33	45543.62
221.39	45544.7
221.45	45545.78
221.51	45546.87
221.57	45547.95
221.63	45549.04
221.69	45550.12
221.75	45551.21
221.81	45552.29
221.87	45553.38
221.93	45554.46
221.99	45555.55
222.05	45556.63
222.17	45558.8
222.23	45559.88
222.29	45560.97
222.33	45562.05
222.38	45562.78
222.44	45563.86
222.51	45565.13
222.57	45566.21
222.64	45567.48
222.71	45568.74
222.74	45569.28
222.87	45571.63
222.94	45572.9
223	45573.98
223.12	45576.15
223.18	45577.24
223.23	45578.14
223.29	45579.23
223.34	45580.13
223.4	45581.21
223.45	45582.12
223.5	45583.02
223.56	45584.11
223.61	45585.01
223.67	45586.1
223.72	45587
223.77	45587.9
223.88	45589.89
223.94	45590.98
223.99	45591.88
224.04	45592.78
224.1	45593.87
224.15	45594.77
224.21	45595.86
224.26	45596.76
224.32	45597.84
224.37	45598.75
224.42	45599.65
224.48	45600.74
224.53	45601.64
224.59	45602.73
224.64	45603.63
224.69	45604.53
224.75	45605.62
224.8	45606.52
224.83	45607.06
224.87	45607.79
224.92	45608.69
224.96	45609.41
225.05	45611.04
225.09	45611.76
225.14	45612.67
225.18	45613.39
225.23	45614.29
225.27	45615.02
225.36	45616.64
225.41	45617.55
225.5	45619.18
225.58	45620.62
225.63	45621.53
225.72	45623.15
225.76	45623.88
225.81	45624.78
225.87	45625.86
225.95	45627.31
226.03	45628.76
226.19	45631.65
226.27	45633.09
226.34	45634.36
226.39	45635.26
226.44	45636.17
226.49	45637.07
226.53	45637.79
226.58	45638.7
226.63	45639.6
226.67	45640.32
226.72	45641.23
226.74	45641.59
226.79	45642.49
226.83	45643.22
226.88	45644.12
226.92	45644.84
226.97	45645.75
227.01	45646.47
227.05	45647.19
227.1	45648.1
227.14	45648.82
227.18	45649.54
227.23	45650.45
227.32	45652.07
227.36	45652.8
227.4	45653.52
227.45	45654.42
227.49	45655.15
227.58	45656.77
227.62	45657.5
227.66	45658.22
227.71	45659.12
227.75	45659.85
227.79	45660.57
227.84	45661.47
227.88	45662.2
227.97	45663.82
228.05	45665.27
228.14	45666.9
228.18	45667.62
228.23	45668.52
228.27	45669.25
228.32	45670.15
228.36	45670.87
228.38	45671.24
228.42	45671.96
228.47	45672.86
228.56	45674.49
228.6	45675.21
228.65	45676.12
228.69	45676.84
228.79	45678.65
228.83	45679.37
228.88	45680.27
228.97	45681.9
229.01	45682.62
229.06	45683.53
229.1	45684.25
229.19	45685.88
229.24	45686.78
229.28	45687.5
229.37	45689.13
229.42	45690.04
229.46	45690.76
229.51	45691.66
229.55	45692.39
229.6	45693.29
229.69	45694.92
229.74	45695.82
229.78	45696.54
229.83	45697.45
229.87	45698.17
229.96	45699.8
230.37	45707.21
230.46	45708.83
230.55	45710.46
230.6	45711.37
230.64	45712.09
230.69	45712.99
230.73	45713.72
230.82	45715.34
230.87	45716.25
230.91	45716.97
230.96	45717.87
231	45718.6
231.05	45719.5
231.09	45720.22
231.14	45721.13
231.18	45721.85
231.23	45722.75
231.28	45723.66
231.37	45725.28
231.46	45726.91
231.5	45727.63
231.59	45729.26
231.64	45730.16
231.68	45730.89
231.73	45731.79
231.77	45732.51
231.82	45733.42
231.91	45735.05
231.95	45735.77
232	45736.67
232.09	45738.3
232.23	45740.83
232.27	45741.55
232.41	45744.08
232.45	45744.81
232.5	45745.71
232.55	45746.61
232.6	45747.52
232.64	45748.24
232.69	45749.15
232.74	45750.05
232.78	45750.77
232.83	45751.68
232.88	45752.58
232.92	45753.3
233.07	45756.01
233.11	45756.74
233.16	45757.64
233.21	45758.55
233.32	45760.53
233.37	45761.44
233.42	45762.34
233.46	45763.06
233.51	45763.97
233.56	45764.87
233.61	45765.78
233.64	45766.32
233.69	45767.22
233.73	45767.94
233.78	45768.85
233.83	45769.75
233.88	45770.66
233.92	45771.38
233.97	45772.28
234.02	45773.19
234.06	45773.91
234.11	45774.81
234.16	45775.72
234.2	45776.44
234.25	45777.34
234.3	45778.25
234.34	45778.97
234.39	45779.88
234.44	45780.78
234.49	45781.68
234.53	45782.41
234.63	45784.21
234.67	45784.94
234.72	45785.84
234.77	45786.74
234.81	45787.47
234.86	45788.37
235.08	45792.35
235.13	45793.25
235.23	45795.06
235.32	45796.69
235.37	45797.59
235.41	45798.31
235.46	45799.22
235.51	45800.12
235.55	45800.84
235.6	45801.75
235.65	45802.65
235.74	45804.28
235.79	45805.18
235.84	45806.09
235.93	45807.71
235.98	45808.62
236.02	45809.34
236.07	45810.24
236.12	45811.15
236.16	45811.87
236.21	45812.77
236.31	45814.58
236.4	45816.21
236.49	45817.84
236.63	45820.37
236.68	45821.27
236.73	45822.17
236.75	45822.54
236.8	45823.44
236.85	45824.34
236.89	45825.07
236.94	45825.97
236.99	45826.87
237.03	45827.6
237.08	45828.5
237.13	45829.41
237.17	45830.13
237.22	45831.03
237.27	45831.94
237.32	45832.84
237.36	45833.56
237.41	45834.47
237.46	45835.37
237.5	45836.09
237.55	45837
237.6	45837.9
237.64	45838.62
237.74	45840.43
237.78	45841.15
237.83	45842.06
237.88	45842.96
237.93	45843.87
237.97	45844.59
238.11	45847.12
238.16	45848.02
238.21	45848.93
238.25	45849.65
238.37	45851.82
238.42	45852.72
238.51	45854.35
238.56	45855.25
238.65	45856.88
238.7	45857.79
238.75	45858.69
238.79	45859.41
238.84	45860.32
238.89	45861.22
238.94	45862.12
239.03	45863.75
239.08	45864.65
239.12	45865.38
239.17	45866.28
239.22	45867.18
239.31	45868.81
239.45	45871.34
239.5	45872.25
239.59	45873.87
239.64	45874.78
239.69	45875.68
239.73	45876.4
239.78	45877.31
239.83	45878.21
239.88	45879.12
239.92	45879.84
239.97	45880.74
240.02	45881.65
240.16	45884.18
240.2	45884.9
240.3	45886.71
240.34	45887.43
240.53	45890.87
240.63	45892.67
240.67	45893.4
240.86	45896.83
241	45899.36
241.14	45901.89
241.19	45902.8
241.24	45903.7
241.28	45904.42
241.33	45905.33
241.38	45906.23
241.42	45906.95
241.52	45908.76
241.57	45909.66
241.61	45910.39
241.66	45911.29
241.8	45913.82
241.89	45915.45
242.22	45921.41
242.32	45923.22
242.36	45923.95
242.41	45924.85
242.46	45925.75
242.51	45926.66
242.6	45928.28
242.65	45929.19
242.69	45929.91
242.74	45930.81
242.79	45931.72
242.83	45932.44
242.88	45933.35
242.93	45934.25
242.97	45934.97
243.02	45935.88
243.07	45936.78
243.12	45937.68
243.16	45938.41
243.21	45939.31
243.26	45940.21
243.3	45940.94
243.35	45941.84
243.4	45942.74
243.44	45943.47
243.49	45944.37
243.54	45945.28
243.59	45946.18
243.68	45947.81
243.77	45949.43
243.82	45950.34
243.87	45951.24
244.01	45953.77
244.2	45957.21
244.38	45960.46
244.43	45961.36
244.67	45965.7
244.81	45968.23
244.85	45968.96
245.04	45972.39
245.09	45973.29
245.13	45974.02
245.18	45974.92
245.22	45975.64
245.27	45976.55
245.41	45979.08
245.45	45979.8
245.5	45980.71
245.54	45981.43
245.59	45982.33
245.64	45983.24
245.73	45984.86
245.77	45985.59
246.05	45990.65
246.1	45991.55
246.19	45993.18
246.29	45994.99
246.33	45995.71
246.38	45996.61
246.47	45998.24
246.57	46000.05
246.61	46000.77
246.75	46003.3
246.87	46005.47
246.92	46006.37
246.96	46007.1
247.01	46008
247.06	46008.9
247.1	46009.63
247.2	46011.44
247.34	46013.97
247.48	46016.5
247.53	46017.4
247.57	46018.12
247.62	46019.03
247.64	46019.21
247.7	46020.29
247.76	46021.38
247.82	46022.46
247.88	46023.55
247.94	46024.63
248	46025.72
248.06	46026.8
248.12	46027.89
248.18	46028.97
248.24	46030.05
248.3	46031.14
248.36	46032.22
248.42	46033.31
248.48	46034.39
248.54	46035.48
248.6	46036.56
248.66	46037.65
248.72	46038.73
248.78	46039.82
248.84	46040.9
248.9	46041.98
248.96	46043.07
249.02	46044.15
249.08	46045.24
249.14	46046.32
249.27	46048.67
249.33	46049.76
249.39	46050.84
249.45	46051.93
249.51	46053.01
249.57	46054.1
249.63	46055.18
249.67	46056.27