depth(m) lower_95(kyr) lower_68(kyr) median(kyr) mean(kyr) upper_68(kyr) upper_95(kyr)
0.010000 0.315698 1.058759 1.935415 2.007155 2.956531 3.913870
0.143333 2.128403 3.186101 4.499667 4.667048 6.124857 8.425161
0.276667 4.066783 5.318767 6.878928 7.253756 9.406842 12.108054
0.410000 5.897564 7.501025 9.460215 9.895204 12.675319 15.214595
0.543333 7.782238 9.641799 12.017349 12.328440 15.276432 17.635556
0.676667 9.662969 11.729718 14.701654 14.762959 17.765950 20.323332
0.810000 11.711797 14.029002 17.249133 17.242203 20.277018 22.797494
0.943333 14.005490 16.471250 19.790450 19.651815 22.596061 25.079582
1.076667 16.147758 19.032304 22.364205 22.079398 24.798444 26.951276
1.210000 18.557671 21.819115 25.013131 24.634184 27.107255 29.130583
1.310000 20.594080 23.841069 26.844616 26.481727 28.834940 30.645707
1.410000 22.387618 25.660693 28.600359 28.282614 30.576938 32.396315
1.510000 24.293872 27.715321 30.512347 30.152749 32.400897 34.145579
1.610000 26.284090 29.599190 32.339482 32.027010 34.339735 36.287621
1.743333 28.315003 31.836958 34.588191 34.303423 36.728207 38.796937
1.876667 30.690168 33.852765 36.715042 36.507428 38.988482 41.027360
2.010000 32.970290 36.067502 38.922111 38.719243 41.253510 43.560198
2.110000 34.645606 37.747025 40.571829 40.376784 43.010634 45.249851
2.210000 36.443227 39.414013 42.292516 42.062886 44.577456 47.251925
2.310000 38.142566 40.961770 43.915209 43.773469 46.384887 48.778899
2.410000 39.971252 42.669546 45.774848 45.573102 48.209384 50.587590
2.510000 41.752441 44.478054 47.590515 47.345462 50.098968 52.602646
2.610000 43.531395 46.360386 49.443284 49.137211 51.825559 54.293138
2.710000 45.258517 48.075751 51.266516 50.974611 53.538795 56.276142
2.810000 47.317417 49.917085 53.250280 52.847240 55.398314 58.057523
2.910000 49.229653 52.157872 55.219651 54.877341 57.267008 59.927599
3.010000 51.555475 54.496897 57.288436 56.970955 59.151707 61.857361
3.110000 54.517353 57.157834 59.351400 59.311289 61.357511 64.011275
3.210000 57.111092 59.955922 61.573940 61.687853 63.652023 65.817739
3.310000 59.586357 62.046382 63.843196 63.945056 66.098423 68.435634
3.410000 62.174773 64.346100 66.296197 66.316758 68.223457 71.207825
3.510000 65.477800 67.471500 69.768449 69.968099 72.457685 76.043168
3.610000 69.067112 71.171586 73.333326 73.686134 76.243622 79.906795
3.710000 71.854186 73.982661 76.864164 77.526497 81.426023 86.657072
3.810000 74.725656 76.963720 80.426527 81.283019 86.132097 90.104959
3.910000 77.265728 81.136489 85.697817 85.596458 89.884971 92.838611
4.010000 80.491447 86.756256 90.831268 90.222457 93.279310 95.545580
4.110000 86.854342 91.577214 94.962553 94.711361 97.670586 101.176632
4.210000 94.106551 96.764459 99.270190 99.354668 101.951759 106.667249
4.310000 97.376010 101.068381 104.359266 104.464744 108.081386 111.644315
4.410000 103.147044 106.378988 109.700091 109.412264 112.612305 115.254461
4.510000 107.714801 111.759841 115.710745 115.333288 118.799754 121.829006
4.610000 116.424772 118.941769 120.881586 120.895606 123.047313 125.111327
4.710000 118.706843 121.599419 123.690915 123.610299 125.779903 127.418430
4.810000 120.934762 123.953632 126.230769 125.963664 128.060273 129.365692
4.943333 124.197060 126.940024 129.375985 129.338159 131.626090 134.938292
5.076667 127.443333 130.064088 132.260557 132.596693 134.940587 139.770115
5.210000 131.210997 133.396677 135.224433 135.843170 138.377603 143.724399
5.320000 133.023399 135.257416 137.666040 138.181091 141.137331 146.227256
5.430000 134.453229 137.089045 139.906288 140.400059 143.614116 148.405165
5.540000 136.270891 139.024714 141.989451 142.558565 146.263943 151.132647
5.625000 137.734513 140.663492 143.616271 144.265889 148.111799 152.797008
5.710000 139.378510 142.223017 145.262943 145.882107 149.810759 154.565963
5.810000 140.979939 144.067272 147.158707 147.792698 151.971950 156.559105
5.910000 142.731991 145.721949 149.064148 149.679559 154.256789 158.567950
6.010000 144.269876 147.497042 151.087305 151.588890 156.296523 160.315609
6.110000 145.820753 149.373649 153.165003 153.555845 158.408878 162.221818
6.210000 147.503847 151.264725 155.094833 155.493446 160.209239 164.280498
6.310000 148.969249 153.139135 157.171022 157.441174 162.180643 166.422550
6.410000 150.449038 155.102652 159.035661 159.459998 164.328474 168.147768
6.510000 152.288971 157.311278 161.200064 161.623589 166.914260 170.388647
6.610000 154.123172 159.380332 163.640899 163.896402 169.482664 172.409850
6.710000 155.970976 161.700781 165.962766 166.233971 171.952637 174.472664
6.810000 157.655820 163.447085 168.398962 168.280871 173.910211 176.339594
6.910000 159.445669 165.140800 170.823690 170.256654 175.835726 178.083664
7.010000 161.533810 166.936233 173.051895 172.222496 177.702119 179.750949
7.110000 162.754059 168.713251 175.302156 174.156044 179.418074 181.615915
7.210000 164.893741 170.535501 177.554999 176.175935 181.034577 183.006857
7.310000 167.002391 172.695182 179.590411 178.169577 182.745696 184.661753
7.410000 169.462729 175.116598 181.487504 180.201714 184.285482 186.018065
7.510000 171.957528 177.801563 183.396088 182.234532 185.862474 187.589919
7.610000 174.154837 180.843337 185.293375 184.250196 187.485015 189.012141
7.710000 176.967560 183.488177 187.144713 186.251763 188.988267 190.499419
7.810000 179.895200 185.897219 188.814673 188.183786 190.590524 192.037821
7.910000 182.793107 188.191507 190.503025 190.088993 192.168537 193.767770
8.010000 186.820945 190.101593 192.133465 191.872373 193.732489 195.310642
8.110000 189.444144 191.963210 193.771440 193.598306 195.268357 196.832262
8.210000 191.407116 193.670618 195.341868 195.316515 197.003451 198.737876
8.310000 193.413888 195.376922 196.890603 196.978442 198.705164 200.683123
8.410000 195.065525 196.858525 198.474448 198.554866 200.286509 202.658361
8.510000 196.489304 198.429050 200.058970 200.129037 201.834644 204.287952
8.610000 198.142174 199.998124 201.601526 201.710743 203.387886 206.190817
8.710000 199.742229 201.533480 203.162180 203.313559 205.000838 208.263198
8.810000 201.282889 203.063862 204.664695 204.852580 206.464515 209.781739
8.910000 202.923193 204.597220 206.218233 206.431952 208.147282 211.550299
9.010000 204.473787 206.094841 207.705260 207.999124 209.778280 213.551229
9.110000 206.232977 207.684548 209.206886 209.650177 211.469437 215.687110
9.243333 208.137184 209.635173 211.252834 211.982149 213.755209 221.207939
9.376667 210.027618 211.561880 213.180291 214.367296 216.377867 228.152640
9.510000 212.076044 213.491057 215.111667 216.731209 218.932343 232.983668
9.610000 213.477841 214.940575 216.582960 218.591856 222.028710 235.141355
9.710000 215.044943 216.451184 218.111364 220.535288 226.585756 238.133969
9.810000 216.471158 217.850629 219.534938 222.458661 230.820723 240.351148
9.910000 217.940902 219.255541 220.958956 224.354119 234.102825 242.396192
10.010000 219.271097 220.678437 222.431849 226.247975 238.098825 244.451493
10.110000 220.756886 222.206516 223.971039 228.185706 241.668634 246.594596
10.210000 222.273502 223.614685 225.493897 230.068468 243.790343 248.780368
10.310000 223.885338 225.074759 227.014097 231.967196 246.098133 250.488619
10.410000 225.174977 226.580583 228.503130 233.774712 248.441185 252.626501
10.510000 226.482144 228.096545 230.034503 235.606961 250.363602 255.075306
10.610000 227.961883 229.516746 231.612204 237.390014 252.401441 257.128644
10.710000 229.479209 231.000618 233.383456 239.198753 254.429296 259.348884
10.810000 231.076101 232.623540 235.278909 241.063808 256.253550 261.310557
10.910000 232.718441 234.372374 237.313839 243.017025 258.016335 263.208079
11.010000 234.481718 236.309747 239.891078 245.138263 259.662744 264.894281
11.110000 236.059935 238.264373 242.176773 247.315052 261.325682 266.726656
11.210000 238.051588 240.353997 244.381621 249.814739 263.183519 268.612311
11.310000 240.422239 242.842582 246.957731 252.540328 265.240907 271.069012
11.410000 243.067790 246.643997 254.146392 256.791802 267.870146 273.087178
11.510000 248.439408 251.442399 262.015092 261.622792 271.424148 274.932383
11.610000 252.353725 256.714726 268.734829 266.720634 275.103415 277.889769
11.710000 257.241855 262.247655 274.780368 271.756679 278.068110 279.631207
11.810000 264.000546 270.748043 278.405827 276.428972 280.408333 281.938861
11.910000 273.258131 279.548755 281.178960 280.793784 282.543477 283.897906
12.010000 277.954735 281.341521 282.921457 282.773174 284.247462 285.610275
12.110000 281.583861 283.199325 284.535462 284.594473 285.841756 287.448722
12.210000 283.333128 284.898627 286.162319 286.373469 287.640018 290.067602
12.310000 285.399478 286.604612 287.936010 288.311253 289.620358 293.366509
12.410000 287.555065 289.087870 291.115208 291.668818 294.114255 297.837532
12.510000 290.445073 292.481124 295.480858 295.613665 298.281455 301.485147
12.610000 293.458729 297.080236 300.350313 300.628863 304.413566 308.579840
12.710000 299.436951 301.876059 305.675677 305.698216 309.460983 312.401453
12.810000 303.149809 306.708421 311.158021 310.913914 314.686734 318.686086
12.910000 307.633914 312.466623 315.724654 315.808786 319.515266 321.739246
13.010000 313.151229 317.602200 321.333657 320.514264 323.032018 324.461432
13.110000 319.761935 323.215795 324.506696 324.321017 325.663214 326.836574
13.210000 322.828159 325.020937 326.260306 326.159659 327.395546 328.499735
13.310000 325.128888 326.641478 327.872154 327.804021 329.036633 330.001557
13.410000 326.804540 328.171587 329.334951 329.326769 330.553243 331.649251
13.510000 328.232672 329.615403 330.792474 330.792617 332.015816 333.334202
13.643333 330.248083 331.640953 332.911810 332.930531 334.236671 335.560193
13.776667 332.393379 333.695276 334.988087 335.073840 336.318931 338.192207
13.910000 334.666239 335.860373 337.185007 337.355897 338.572349 340.605821
14.010000 336.576406 337.829083 339.280574 339.781959 341.355418 346.653541
14.110000 338.711550 340.110160 341.670726 342.441292 344.975843 350.350046
14.210000 340.617291 342.254933 344.814133 345.424634 348.610278 353.559855
14.310000 342.394336 344.675239 348.098190 348.401376 351.765387 356.346199
14.410000 344.847394 347.925061 351.360492 351.595930 354.935946 360.351028
14.510000 347.914207 351.202096 354.459886 354.818401 358.559632 364.990836
14.610000 350.490073 353.633082 356.975192 357.505551 361.612958 367.344367
14.710000 352.590774 355.903890 359.802780 360.217886 364.487493 371.104560
14.835000 355.093294 358.781537 362.892435 363.373330 368.123619 374.301974
14.960000 357.536405 361.320597 365.943628 366.348032 371.440424 376.793153
15.085000 360.530290 364.349137 369.177174 369.470443 374.386426 379.355282
15.210000 362.889476 367.791861 372.421359 372.702669 377.791661 382.404352
15.310000 365.672643 370.864369 375.699025 375.767548 380.789964 385.555315
15.410000 368.960984 373.923101 378.959616 378.792385 383.621373 387.717665
15.510000 372.185036 376.785741 382.152176 381.739971 386.445315 390.161083
15.610000 374.988766 379.851993 385.022909 384.593844 388.997755 392.499375
15.710000 377.793224 382.797953 387.847033 387.338556 391.528886 394.567524
15.810000 381.050551 386.152324 390.485225 390.101693 394.207935 396.589442
15.910000 384.344193 389.025970 392.951518 392.624241 396.329168 398.745771
16.010000 387.159256 391.596175 395.510653 395.080391 398.440233 400.557361
16.110000 390.927920 394.859495 398.315851 397.962833 400.900763 402.937655
16.210000 395.120563 398.225939 401.042508 400.809976 403.422720 405.607986
16.310000 397.335568 401.089527 403.403178 403.246394 405.670893 407.540672
16.410000 400.031472 403.366253 405.547050 405.458634 407.785721 409.557925
16.510000 401.495783 405.384789 407.817996 407.562112 409.866670 411.883522
16.610000 403.750191 407.404654 409.835693 409.646372 412.001165 414.375559
16.710000 405.968233 409.219434 411.747403 411.539657 413.823808 416.130858
16.810000 408.069116 411.162950 413.614898 413.432313 415.738732 417.884402
16.910000 410.045980 413.173282 415.513339 415.394207 417.624476 419.740059
17.010000 412.825172 415.054594 417.543249 417.374405 419.560571 421.791738
17.110000 415.109008 417.277222 419.588982 419.551912 421.727865 423.984857
17.210000 417.612147 419.787143 421.971945 421.953600 424.083946 426.169392
17.310000 420.352699 422.689381 424.816164 424.962164 427.194622 430.790579
17.410000 423.653768 425.859320 427.968925 428.202705 430.601359 434.666022
17.510000 425.972237 428.100682 430.550949 431.006060 433.947359 437.992897
17.610000 428.232536 430.555792 433.534311 433.863703 437.136093 441.343189
17.710000 430.189742 432.604689 436.413217 436.543256 440.271956 444.414205
17.810000 431.943785 434.740064 439.047173 439.090543 443.192829 447.531569
17.910000 434.029365 436.897951 441.233481 441.315172 445.317625 449.727994
18.010000 436.065385 439.160613 443.415429 443.559316 447.608742 452.138024
18.110000 438.480542 441.423254 445.836616 445.898100 449.897020 454.629310
18.210000 440.490925 444.085721 448.208146 448.289082 452.171762 457.290468
18.310000 442.745034 446.237169 450.485605 450.578413 454.497413 459.663916
18.410000 444.913716 448.258238 452.648359 452.753763 456.739710 462.000939
18.510000 446.792692 450.207311 454.941661 454.878723 458.900067 464.011612
18.610000 449.074682 452.343026 456.913355 456.997328 461.110770 466.268536
18.710000 450.840492 454.560211 458.968469 459.095659 463.396219 468.510951
18.810000 452.732628 456.700527 461.094433 461.134043 465.421317 470.711879
18.910000 454.544141 458.777411 463.268933 463.208192 467.491313 472.624822
19.010000 456.327967 460.831371 465.208934 465.278142 469.596033 475.203315
19.110000 458.507761 462.984007 467.348487 467.365778 471.590459 477.022192
19.210000 460.293493 465.344243 469.611151 469.527168 473.681180 478.775870
19.310000 462.156439 467.457671 471.706088 471.643111 475.754817 480.556368
19.410000 464.494948 469.566372 473.784203 473.739306 477.723473 482.350457
19.510000 467.130473 471.643155 476.037622 475.996036 479.970024 484.180488
19.610000 469.696020 474.285547 478.275836 478.388144 482.352790 486.612556
19.710000 473.095178 476.682608 480.766796 480.875895 484.806058 489.135766
19.810000 475.474835 479.602386 483.436858 483.614582 487.625761 492.195099
19.910000 478.502575 482.850914 486.639881 487.043723 491.351609 496.427703
20.010000 482.456926 486.037127 490.104814 490.664842 495.085354 500.124284
20.110000 485.624534 489.463157 493.903611 494.229605 498.719032 504.234175
20.210000 489.035151 492.813642 497.360230 497.729233 502.608391 508.277655
20.310000 491.646924 495.766671 500.627511 501.131937 506.451899 512.836231
20.410000 493.982562 498.994458 504.342356 504.678647 510.270744 517.460937
20.510000 496.882441 502.010683 508.521166 508.861327 515.173748 522.656275
20.610000 498.937300 505.593047 512.834947 513.038014 519.715075 529.823509
20.710000 503.091557 508.890992 516.819466 517.330368 525.137672 535.173497
20.810000 507.087984 512.617416 521.134397 521.685737 529.905103 542.065601
20.910000 510.375757 516.922988 525.868488 526.480230 535.745457 547.672319
21.010000 513.955826 521.722105 530.574104 531.322838 541.281583 552.682778
21.110000 517.696348 526.248689 535.833816 536.538504 547.774782 556.777284
21.210000 522.440731 531.545994 542.055220 541.978806 552.438107 559.587209
21.310000 527.669940 537.974063 548.403672 547.504834 556.732261 564.343426
21.410000 532.010343 544.841287 554.358581 553.046523 560.907403 568.173878
21.510000 539.255674 550.869620 559.323182 558.559780 565.761635 572.322540
21.610000 546.541890 557.661291 564.804788 563.991151 570.347044 576.581860
21.710000 552.332051 562.019444 568.718553 568.203822 574.583350 580.832313
21.810000 555.270820 566.001387 572.803641 572.149785 578.575365 584.383841
21.910000 557.996832 569.334970 577.208418 576.616067 583.936889 591.332137
22.010000 561.538048 573.093361 581.682714 581.104971 589.181132 596.351594
22.110000 564.902844 576.995205 586.350715 585.351726 593.934996 599.952625
22.210000 568.467659 580.740998 591.337152 589.659811 598.637073 604.061701
22.310000 571.375276 584.625334 595.267026 593.662246 602.450738 607.233260
22.410000 575.132679 589.336473 599.542088 597.638485 605.712156 609.830434
22.510000 579.553197 594.529167 603.230555 601.579946 608.909055 612.166108
22.610000 584.024893 599.764480 606.789324 605.392722 611.543420 614.713131
22.710000 592.538041 604.142889 610.512616 609.193716 614.549855 617.719138
22.810000 599.594184 608.932757 613.896551 613.008703 617.297743 620.525307
22.910000 606.515368 614.184539 618.159109 617.595286 621.402462 624.754073
23.010000 614.276386 619.106099 621.851536 621.908351 625.040235 628.930966
23.110000 618.236726 621.607924 624.357606 624.491457 627.507452 631.952223
23.210000 621.251486 624.108425 626.536757 626.872989 629.781803 634.073937
23.310000 623.554633 626.123819 628.495103 628.963790 631.915580 636.834727
23.410000 625.655635 628.033475 630.525109 631.037546 633.991052 638.993458
23.510000 627.439399 629.787509 632.415832 632.959584 636.290535 640.998478
23.610000 629.292782 631.456197 634.313063 634.892704 638.545464 643.180807
23.710000 631.042565 633.343433 636.055387 636.794350 640.519232 646.236395
23.810000 632.380749 635.133477 637.902499 638.714236 642.709899 649.697174
23.910000 633.824598 636.642166 639.827832 640.709710 645.171595 652.182374
24.010000 635.788625 638.503644 641.665930 642.735372 647.359837 654.598111
24.110000 637.613318 640.287490 643.674182 644.822085 649.779062 657.429820
24.210000 639.190034 642.097765 645.749671 646.929832 652.059918 659.537378
24.310000 641.214072 644.072538 647.747576 649.107810 654.755005 662.000728
24.410000 642.893667 645.853515 650.000772 651.347877 657.616760 664.185776
24.510000 644.990800 647.697873 652.158943 653.518832 660.214908 666.837426
24.610000 646.573977 649.571477 654.488106 655.685705 662.717314 669.115160
24.710000 648.466565 651.430286 656.637946 657.901667 665.125943 672.005837
24.810000 650.472987 653.414444 659.151995 660.187087 667.823470 675.127381
24.885000 651.715964 654.881500 661.000408 662.052828 669.833354 678.317334
24.960000 653.219850 656.476125 662.876100 663.969058 671.852569 681.077023
25.060000 655.252061 658.464238 665.760025 666.668421 674.777756 685.653702
25.160000 657.462037 660.542171 668.461586 669.772893 678.852388 691.121904
25.260000 659.551097 662.643585 671.452322 673.102301 683.599399 697.261437
25.360000 661.294911 664.830695 674.892752 676.499463 688.182878 702.608016
25.460000 663.512032 667.188434 678.139984 680.069783 693.462345 706.287756
25.560000 665.672893 669.475611 681.923908 683.791014 698.874119 710.314088
25.660000 667.741277 672.499811 685.629267 687.375984 703.301838 713.388249
25.760000 670.091523 675.420356 689.932725 691.106640 707.779862 716.472341
25.860000 672.222607 679.068154 694.153045 694.879757 711.084251 719.588624
25.960000 675.045801 682.944617 699.013024 698.755816 714.088142 722.506608
26.093333 680.750844 690.821548 705.704661 704.569191 717.492728 727.033097
26.226667 686.313792 699.593819 711.663457 710.568674 720.764754 730.415654
26.360000 692.734263 707.945280 717.070627 716.205033 724.491905 734.125833
26.460000 697.723381 711.785260 720.262047 719.481036 727.079908 738.121944
26.560000 702.499640 715.235887 723.152403 722.529873 729.716882 740.885533
26.660000 706.937605 718.105516 726.148425 725.511218 732.718998 743.062663
26.760000 711.560922 721.212138 728.815233 728.398838 735.467269 745.276468
26.860000 714.862643 723.927802 731.441376 731.404868 738.362436 748.166711
26.960000 719.223685 726.895954 734.194345 734.332135 741.656108 750.800072
27.060000 721.687381 730.267152 737.107456 737.422123 745.029473 753.555350
27.160000 724.771030 734.031096 740.485419 740.850919 748.843782 755.631115
27.260000 727.852028 737.296686 743.890857 744.243275 752.123304 758.057932
27.360000 731.470337 740.772499 747.818365 747.746108 755.056465 760.630592
27.460000 736.617439 744.844459 752.046859 751.584086 758.654759 763.331411
27.560000 741.013240 748.924253 756.462639 755.519901 761.959870 766.355281
27.660000 744.921259 753.426995 759.819993 759.205956 764.910398 769.324434
27.760000 751.074471 758.096301 763.240376 762.907186 767.702151 772.960773
27.860000 755.713226 762.324804 766.768369 766.641935 771.555447 776.192171
27.960000 761.151546 765.743977 770.155389 770.286871 775.003667 779.195401
28.060000 765.056599 768.951759 773.303551 773.515503 778.185796 782.462408
28.160000 767.821361 772.277731 776.595573 776.707496 781.242167 785.222473
28.260000 770.543843 775.465107 779.780289 779.851639 784.385380 788.103989
28.360000 772.970211 778.626186 783.130269 782.832428 787.231347 791.187182
28.460000 775.918544 781.507982 786.012163 785.758846 789.821648 794.131633
28.560000 779.198222 784.726492 788.975503 788.917335 793.103367 797.780749
28.660000 784.444008 788.346215 792.553070 792.630532 797.034912 801.206252
28.760000 788.093374 792.540646 796.386890 796.571320 800.747455 805.443317
28.860000 791.818436 795.976195 800.173182 800.380619 804.910540 809.533913
28.960000 795.683373 799.505050 803.943926 804.022544 808.444233 812.581719
29.060000 798.832071 802.842423 807.600757 807.486020 811.835563 816.304942
29.160000 801.536886 806.138705 811.171096 810.889736 815.264707 819.794155
29.260000 804.811907 809.997000 814.819487 814.622526 819.180616 824.418682
29.360000 808.594876 813.668040 818.431840 818.391567 823.026044 828.412984
29.460000 811.860042 817.076251 821.725202 821.813843 826.648747 831.895061
29.560000 815.666210 820.086024 824.644822 824.911578 829.873771 834.922672
29.660000 818.078136 822.808169 827.365711 827.789315 833.150091 838.237300
29.760000 820.839763 825.410347 830.213252 830.572071 835.936566 841.684503
29.860000 824.259568 828.337816 832.883937 833.251533 838.302208 844.436919
29.960000 826.845597 830.762723 835.783895 835.901685 840.816992 847.085944
30.060000 829.121302 833.456926 838.382172 838.470377 843.493919 849.353506
30.160000 832.144077 836.131348 840.950205 841.098059 845.902334 852.333973
30.260000 834.515724 838.639431 843.403167 843.565480 848.354001 854.380307
30.360000 836.640102 841.339229 845.948142 845.989915 850.575407 856.445306
30.460000 839.530596 843.984156 848.374229 848.473191 853.063580 858.441387
30.560000 841.990184 846.485787 850.825611 850.886400 855.417907 860.249157
30.660000 844.329520 848.838640 853.415071 853.318433 857.916133 862.550520
30.760000 847.043356 851.291599 855.797888 855.833797 860.325293 864.615771
30.860000 850.077073 854.108867 858.572076 858.568910 863.114914 867.045972
30.960000 852.829109 857.077507 861.201969 861.426755 865.944163 869.864408
31.060000 856.446363 860.398733 864.881891 864.757314 869.052064 873.428838
31.160000 859.081113 863.470982 868.247870 868.046995 872.258695 876.662611
31.260000 862.202363 866.387397 871.101840 870.894579 875.150103 879.997737
31.360000 865.142505 869.266907 873.757114 873.741482 877.902593 883.251007
31.460000 867.593563 871.924826 876.197015 876.339952 880.626127 886.001167
31.560000 869.854583 874.376192 878.703200 878.802948 883.099713 888.002911
31.660000 871.930866 876.709625 881.129627 881.146968 885.635399 890.274804
31.760000 874.287638 878.753960 883.510160 883.414313 888.093446 892.382231
31.860000 876.245168 881.019322 885.804063 885.652719 890.496406 894.511035
31.960000 878.511448 883.366757 888.010648 887.847592 892.779274 896.822152
32.060000 880.211938 885.567617 889.991001 889.971377 894.667570 898.866372
32.160000 881.945600 887.870103 892.054495 892.117688 896.901154 900.787663
32.260000 884.326939 890.114482 894.165036 894.289153 899.290617 903.061663
32.360000 886.582596 892.475558 896.325690 896.433664 901.318267 905.153255
32.460000 888.500105 894.388589 898.585803 898.592993 903.684264 907.192349
32.560000 890.152477 896.640123 900.716286 900.753258 905.593946 909.304977
32.660000 892.573304 898.845942 902.871793 902.904778 907.743926 911.528767
32.760000 894.768694 900.884193 905.036913 905.068412 909.933589 913.282491
32.860000 897.583010 903.097587 907.088796 907.257224 911.823412 916.242682
32.960000 899.184780 905.343068 909.356568 909.427410 913.852830 918.647293
33.060000 902.118089 907.260047 911.638369 911.635060 916.057627 920.671747
33.160000 904.584407 909.294286 913.864293 913.790514 918.298317 922.730478
33.260000 906.696420 911.345416 916.111833 915.975916 920.473604 925.265717
33.360000 908.783031 913.643178 918.301653 918.181328 922.466500 927.590503
33.460000 911.452692 915.731671 920.545307 920.424263 924.659017 929.629137
33.560000 913.865438 917.928463 922.757197 922.588764 926.783389 931.735314
33.660000 915.852674 920.182725 925.016930 924.864744 929.239950 933.701533
33.760000 918.034941 922.713527 927.284677 927.167823 931.913726 936.095751
33.860000 920.173789 925.444388 929.605407 929.692928 934.514189 938.296364
33.960000 922.983882 927.765516 932.026998 932.092354 936.869711 940.440380
34.060000 925.275340 930.378672 934.656424 934.683204 939.536587 943.062857
34.160000 927.769174 932.981194 937.051846 937.182555 941.920605 945.585289
34.260000 930.263636 935.394838 939.752615 939.788519 944.364690 947.723632
34.360000 933.570734 938.227388 942.369673 942.383168 946.751859 949.873207
34.460000 936.351189 940.988478 945.308128 944.928882 948.963676 952.094305
34.560000 939.010663 943.898854 947.899486 947.553114 951.283076 954.532306
34.660000 941.581798 946.558536 950.515346 950.128157 953.489106 956.781449
34.760000 944.629429 949.283919 953.017199 952.633143 955.768400 958.866354
34.860000 947.491073 951.972765 955.121078 954.991867 957.941441 960.964702
34.960000 950.405579 954.470956 957.421116 957.324663 960.146391 963.503609
35.060000 952.766208 956.669069 959.584295 959.485237 962.073781 965.810016
35.160000 955.347742 958.885914 961.681876 961.678089 964.179341 967.975157
35.260000 957.963849 961.047278 963.693777 963.760425 966.197258 970.440105
35.360000 960.018615 963.103844 965.663955 965.827625 968.355284 972.997066
35.460000 962.280147 965.124025 967.613407 967.877373 970.394255 975.515042
35.560000 964.299084 967.190726 969.618790 969.929565 972.433615 978.063466
35.660000 966.155456 969.122773 971.557056 972.035484 974.758810 981.882751
35.760000 968.323527 971.042724 973.525565 974.151360 976.852020 984.684452
35.860000 970.306858 972.971381 975.503814 976.258528 979.180319 987.118132
35.960000 972.184555 974.947041 977.629296 978.495111 981.641632 990.325554
36.060000 974.183303 976.831385 979.589054 980.655215 984.469114 992.830309
36.160000 976.132571 978.860915 981.740596 982.843524 986.888583 995.756324
36.260000 978.256133 980.782665 984.131144 985.207460 989.636302 998.613526
36.360000 979.974863 982.787432 986.427318 987.594536 992.473768 1002.190547
36.460000 981.805694 984.816385 988.719448 989.927633 995.209262 1004.478716
36.560000 984.101479 986.856007 991.120401 992.405177 998.241299 1007.113874
36.660000 986.145219 988.930807 993.739196 994.969594 1001.241986 1009.354602
36.760000 988.458203 991.076683 996.459523 997.473758 1004.040357 1011.673996
36.893333 990.731733 994.074531 999.606097 1000.774753 1007.609281 1015.354613
37.026667 993.277000 997.005685 1003.608191 1004.131867 1011.077724 1018.307696
37.160000 996.199945 1000.051189 1007.344980 1007.556904 1014.539962 1021.364577
37.260000 998.453298 1002.582185 1010.410930 1010.324829 1017.625171 1023.937508
37.360000 1000.483213 1005.454078 1013.418984 1013.082895 1020.181721 1026.128966
37.460000 1002.686296 1008.200306 1016.282960 1015.857010 1022.688598 1028.761856
37.560000 1005.057520 1011.870096 1019.195990 1018.713599 1025.089088 1031.246161
37.660000 1007.608375 1015.364543 1022.203669 1021.608338 1027.589720 1033.728776
37.760000 1010.773271 1018.427632 1025.132299 1024.465009 1030.031738 1036.068245
37.860000 1013.368432 1021.778593 1028.070883 1027.459913 1032.732803 1039.461737
37.960000 1016.837054 1024.906374 1030.883968 1030.428365 1035.588276 1042.350162
38.060000 1019.642096 1028.104660 1033.820393 1033.374437 1038.261559 1045.331034
38.160000 1022.669254 1031.148053 1036.617508 1036.271217 1041.103287 1047.552277
38.260000 1026.117567 1034.119054 1039.034177 1038.935656 1044.111072 1050.144942
38.360000 1029.292999 1036.668893 1041.596484 1041.564937 1046.773436 1052.262326
38.460000 1032.863926 1039.395958 1044.183231 1044.169610 1049.541052 1054.830029
38.560000 1036.157285 1042.001325 1046.640976 1046.809227 1052.012546 1057.330311
38.660000 1038.865163 1044.661790 1049.205197 1049.491455 1054.708124 1059.827038
38.760000 1042.378996 1047.647283 1051.906895 1052.334499 1057.491973 1062.939888
38.860000 1045.176226 1050.499512 1055.231509 1055.591882 1061.083391 1066.397330
38.960000 1048.684830 1053.811681 1058.470200 1058.980346 1064.195575 1070.915507
39.060000 1052.235893 1057.597143 1062.503360 1062.964240 1068.325632 1075.393451
39.160000 1056.329858 1061.358564 1067.026349 1067.203626 1072.983331 1079.306052
39.260000 1059.785168 1064.924986 1071.107676 1071.169025 1076.975300 1084.119544
39.360000 1063.392494 1068.682899 1075.043619 1075.153373 1081.519577 1087.928363
39.460000 1066.380814 1072.336088 1079.187558 1079.222026 1085.495646 1092.957514
39.560000 1070.284172 1076.367011 1083.282506 1083.350180 1090.200457 1097.824152
39.660000 1074.118050 1080.678912 1087.480149 1087.647081 1094.329304 1102.407267
39.760000 1078.569817 1084.989503 1091.680587 1092.013578 1098.810125 1106.848850
39.860000 1082.038359 1089.266614 1096.122967 1096.209053 1103.218397 1111.017386
39.960000 1086.028156 1092.894898 1100.246665 1100.250556 1107.585639 1113.972629
40.060000 1089.036681 1096.384573 1104.012495 1103.898147 1111.365418 1118.469765
40.160000 1092.510059 1100.147295 1107.707536 1107.554381 1114.986790 1121.747132
40.260000 1096.208390 1104.052052 1111.508982 1111.234435 1118.232538 1125.082875
40.360000 1099.389992 1108.098240 1115.241751 1114.772833 1121.597187 1127.702501
40.460000 1103.329059 1111.489883 1118.784477 1118.264854 1124.960515 1130.515487
40.560000 1106.275566 1115.233346 1121.875202 1121.567682 1127.951955 1133.469037
40.660000 1110.677343 1118.723318 1124.999362 1124.878407 1131.266940 1136.377668
40.760000 1114.280183 1122.025691 1128.428249 1128.189770 1134.358872 1139.287756
40.860000 1118.475370 1125.686701 1131.958296 1131.678172 1137.558278 1143.398755
40.960000 1122.575181 1129.199130 1135.439333 1135.272935 1140.833314 1148.357336
41.093333 1127.267407 1134.377151 1140.631583 1140.857410 1147.409283 1154.221530
41.226667 1133.306848 1139.444066 1146.623791 1146.547755 1154.045169 1160.366384
41.360000 1138.309263 1144.700310 1152.029605 1152.010834 1159.171219 1164.912884
41.460000 1142.526890 1148.206211 1155.941737 1155.741814 1163.093513 1168.563767
41.560000 1146.239764 1151.685727 1159.719737 1159.402740 1166.564817 1171.439324
41.660000 1148.946710 1155.396443 1163.231217 1162.801119 1169.845876 1175.543318
41.760000 1152.023582 1158.502192 1166.709580 1166.039875 1172.960137 1177.976341
41.860000 1154.553253 1161.862774 1169.980562 1169.264396 1176.029702 1181.257016
41.960000 1157.337240 1165.838389 1173.039925 1172.442867 1178.773153 1184.286633
42.093333 1162.917464 1171.085206 1177.462408 1176.898619 1182.822007 1188.692795
42.226667 1167.574310 1175.592533 1181.886800 1181.341336 1186.788380 1192.223894
42.360000 1173.280524 1180.238755 1186.028063 1185.558096 1190.774710 1195.791297
42.460000 1176.959992 1183.662250 1188.814213 1188.680525 1194.015865 1198.436170
42.560000 1180.930062 1186.843329 1191.598845 1191.692005 1196.573645 1201.539612
42.660000 1184.897940 1189.868622 1194.125025 1194.421489 1199.304722 1203.851720
42.760000 1188.355721 1192.455038 1196.738942 1197.014805 1201.672567 1206.222889
42.860000 1191.222086 1194.955600 1199.194980 1199.464402 1204.100605 1208.489346
42.960000 1193.539868 1197.020852 1201.603194 1201.869983 1206.379676 1210.312141
43.060000 1195.896051 1199.613539 1204.119670 1204.247296 1208.572763 1212.767581
43.160000 1198.612373 1201.988799 1206.649233 1206.611254 1210.926327 1214.890739
43.260000 1200.737701 1204.489379 1209.098737 1209.089931 1213.514225 1217.339257
43.360000 1203.283096 1207.136893 1211.672603 1211.608594 1215.977634 1219.986347
43.460000 1205.995344 1209.973267 1214.085166 1214.199933 1218.495520 1222.464151
43.560000 1208.563262 1212.402277 1216.760402 1216.783536 1221.053427 1224.884681
43.660000 1211.203259 1214.693282 1219.251579 1219.355352 1223.623291 1227.917209
43.760000 1213.748669 1217.405373 1221.717676 1221.863623 1225.960813 1230.439555
43.860000 1216.122734 1220.104875 1224.310160 1224.473761 1228.591295 1232.676758
43.960000 1219.166829 1222.885891 1226.804568 1227.134520 1230.981988 1235.705250
44.060000 1222.078774 1225.617774 1229.414102 1229.755185 1233.411127 1238.461069
44.160000 1224.359124 1228.121451 1231.946633 1232.239361 1235.865909 1241.239143
44.260000 1226.883481 1230.531226 1234.262569 1234.717262 1238.315737 1244.078466
44.360000 1229.292968 1232.891077 1236.578141 1237.183054 1240.911944 1248.105011
44.460000 1231.751119 1235.104472 1239.079202 1239.758667 1243.647277 1252.695014
44.560000 1234.134418 1237.748832 1241.769301 1242.654838 1246.825474 1257.197408
44.660000 1236.410913 1240.455729 1244.429876 1245.578493 1250.200845 1262.276176
44.760000 1238.993788 1243.286820 1247.427133 1248.787087 1253.514478 1267.291238
44.860000 1241.897193 1245.962985 1250.568041 1251.993832 1257.535068 1270.805681
44.935000 1244.437048 1248.153015 1252.872581 1254.422642 1260.173319 1274.509031
45.010000 1246.518604 1250.164512 1255.341085 1256.823409 1262.951856 1277.629963
45.110000 1248.834325 1253.111458 1258.451832 1259.978022 1266.333604 1280.341672
45.210000 1251.384728 1256.477520 1261.707125 1263.229386 1269.972812 1283.901714
45.310000 1253.913566 1259.571838 1264.764993 1266.331490 1272.915252 1286.298920
45.410000 1256.564785 1262.311059 1267.787008 1269.316907 1275.774208 1289.551465
45.510000 1259.333957 1264.941520 1271.276049 1272.311447 1278.605468 1292.511412
45.610000 1262.531448 1267.529595 1274.413257 1275.224444 1281.396760 1295.405480
45.710000 1265.644530 1270.300969 1277.476196 1278.248365 1284.513525 1299.914913
45.810000 1268.023460 1272.856903 1280.628863 1281.133933 1287.184023 1302.844240
45.910000 1270.155961 1275.097531 1283.342075 1283.918107 1290.397969 1306.446019
46.010000 1272.346691 1277.658308 1286.220450 1286.790646 1292.896296 1309.961724
46.110000 1274.987975 1280.533936 1288.990025 1289.689129 1296.720712 1314.491738
46.210000 1277.480666 1283.552314 1291.677310 1292.639688 1299.737003 1318.511809
46.310000 1279.735912 1286.601714 1294.388276 1295.494599 1302.678746 1322.169876
46.410000 1281.956432 1289.772831 1296.935126 1298.428451 1305.672094 1325.029554
46.510000 1284.483543 1292.530719 1300.118768 1301.318744 1308.337435 1327.558773
46.610000 1287.183340 1295.708106 1302.878706 1304.283002 1311.086805 1330.117545
46.710000 1289.739302 1298.575993 1305.909063 1307.041929 1313.519022 1332.759329
46.810000 1292.811140 1301.553882 1309.027550 1309.915878 1316.093449 1336.056395
46.910000 1295.637473 1304.295667 1311.847433 1312.702464 1318.470835 1338.705510
47.010000 1298.545314 1306.690752 1314.220007 1315.382676 1321.192999 1342.711387
47.110000 1302.825302 1309.352843 1316.917546 1318.165493 1324.047208 1345.293434
47.210000 1306.397352 1311.831568 1319.370490 1320.872851 1326.595192 1347.330537
47.310000 1309.290297 1314.381348 1321.929790 1323.595424 1329.409505 1350.163490
47.410000 1311.734611 1317.161960 1324.519745 1326.260810 1332.420597 1352.309857
47.510000 1314.590219 1320.075408 1327.123446 1329.075199 1335.488927 1354.705726
47.610000 1317.220348 1322.838891 1329.831957 1331.810394 1338.131699 1357.195083
47.710000 1319.549426 1325.585300 1332.401001 1334.574761 1341.077377 1359.443391
47.810000 1322.150928 1328.467333 1334.930069 1337.383428 1344.069119 1362.252962
47.910000 1324.713530 1331.609158 1337.577886 1340.177497 1346.730480 1364.355346
48.010000 1327.072687 1334.324217 1340.097943 1342.925480 1350.025948 1366.820466
48.110000 1330.077074 1337.267535 1342.761168 1345.789610 1353.455763 1368.876120
48.210000 1332.763788 1340.127485 1345.701618 1348.696493 1356.629320 1371.771754
48.310000 1335.572835 1343.012153 1348.582839 1351.653524 1360.735849 1374.781603
48.410000 1337.802850 1345.856389 1351.652215 1354.674468 1363.950845 1378.581646
48.510000 1339.635756 1348.380880 1354.687472 1357.595652 1367.262416 1381.090691
48.610000 1342.764418 1350.883868 1357.854402 1360.441451 1370.534011 1385.535112
48.710000 1345.628783 1353.649249 1361.060713 1363.377122 1373.748068 1389.240301
48.810000 1348.542688 1356.362466 1364.012666 1366.265117 1376.192395 1392.226000
48.910000 1350.609124 1358.738173 1367.077313 1369.172635 1378.977951 1394.982662
49.010000 1354.072000 1361.811875 1369.706423 1372.104810 1381.805358 1399.350498
49.110000 1356.394054 1364.697582 1372.738677 1375.146261 1384.734236 1402.542353
49.210000 1359.759798 1367.905509 1375.776410 1378.316987 1387.920068 1406.703130
49.310000 1362.639645 1371.162247 1378.808834 1381.418408 1390.715018 1410.805534
49.410000 1365.165880 1374.891405 1381.756961 1384.595397 1393.969810 1413.695712
49.510000 1368.390389 1377.817957 1385.370596 1387.909530 1397.358457 1416.433291
49.610000 1372.305721 1381.059244 1388.922171 1391.383541 1400.461529 1419.686278
49.710000 1375.439076 1384.542135 1392.685455 1394.984181 1404.066275 1423.937917
49.810000 1379.203168 1388.159495 1396.493987 1398.659430 1407.503021 1425.999780
49.910000 1383.838479 1391.720666 1400.771108 1402.468726 1410.880363 1429.897006
50.010000 1387.472315 1395.732118 1405.001997 1406.442684 1415.059782 1432.823143
50.110000 1391.865224 1399.377555 1409.199953 1410.479218 1419.167981 1435.327363
50.210000 1396.427590 1403.807551 1412.877785 1414.395134 1423.021289 1437.465102
50.310000 1399.671328 1408.223855 1417.476757 1418.667026 1426.972471 1441.003032
50.410000 1403.100513 1412.877379 1421.604956 1423.033926 1430.894003 1443.911702
50.510000 1406.786730 1417.161844 1425.537891 1426.957523 1434.839438 1447.643991
50.610000 1412.156472 1421.347667 1429.478217 1430.929354 1438.381496 1452.560084
50.710000 1415.130963 1424.938998 1433.350464 1434.815097 1442.419512 1456.759055
50.810000 1419.811013 1428.590477 1437.619828 1438.706366 1446.419629 1462.225449
50.910000 1422.890805 1432.459806 1441.458544 1442.432805 1450.041381 1467.047372
51.010000 1425.956039 1435.881964 1445.440580 1446.153142 1453.558592 1471.860979
51.110000 1428.201204 1439.063433 1449.490872 1450.049007 1457.576668 1476.026827
51.210000 1430.901282 1442.438894 1453.302352 1453.999802 1461.990798 1481.589019
51.310000 1433.937069 1446.633999 1457.611056 1458.210394 1466.890526 1484.580020
51.410000 1437.305079 1450.919048 1461.613854 1462.349856 1471.449246 1487.282886
51.510000 1439.456958 1454.703223 1465.680539 1466.478169 1476.254343 1492.718297
51.610000 1442.081235 1459.037290 1469.216725 1470.343760 1480.048733 1498.722978
51.710000 1445.070918 1463.571668 1473.171830 1474.208465 1483.667152 1503.518661
51.810000 1447.377139 1467.364617 1477.181428 1478.141563 1487.769454 1508.303522
51.910000 1451.099486 1471.250504 1480.939583 1481.988104 1491.485261 1512.391616
52.010000 1455.290837 1474.926142 1485.196476 1485.883423 1494.951099 1516.598993
52.110000 1459.272605 1478.539060 1489.156980 1489.919863 1499.446898 1519.503466
52.210000 1463.849489 1481.978210 1492.919605 1493.847661 1504.207869 1523.961036
52.310000 1468.802603 1485.859517 1497.155819 1498.087239 1508.992758 1527.988451
52.410000 1472.654402 1489.742634 1500.730248 1502.095955 1512.950943 1530.676977
52.510000 1475.889801 1493.588714 1504.862461 1506.233102 1517.602008 1534.150170
52.610000 1479.608131 1497.326903 1508.474148 1510.396146 1523.005862 1538.801968
52.710000 1484.988005 1500.715395 1512.209043 1514.347242 1527.684553 1543.483746
52.810000 1489.345083 1504.295822 1516.121490 1518.208841 1532.859357 1547.788786
52.910000 1493.551053 1507.549525 1520.309359 1522.208514 1536.625711 1552.860655
53.010000 1498.554146 1511.041977 1523.745931 1526.117383 1540.644214 1558.172565
53.110000 1503.763049 1514.266363 1528.712500 1530.276191 1544.117354 1564.422933
53.210000 1507.235859 1517.759009 1533.341306 1534.514321 1548.973687 1570.388915
53.310000 1510.261002 1521.068392 1537.475885 1538.634504 1554.197219 1573.996348
53.410000 1514.244530 1524.437813 1541.639165 1542.632600 1558.501064 1577.773522
53.510000 1517.832416 1528.236383 1546.030562 1546.652084 1562.815097 1581.122562
53.610000 1521.903958 1531.917642 1550.301009 1550.826004 1567.075598 1585.270117
53.710000 1525.854873 1535.620077 1554.543781 1554.789492 1571.772814 1589.146500
53.810000 1528.447087 1539.534231 1558.484148 1558.826820 1576.374715 1592.668326
53.910000 1531.191357 1542.972884 1562.313000 1562.809629 1580.869906 1596.112800
54.010000 1534.322562 1546.837883 1566.350428 1566.823593 1584.776690 1600.308401
54.110000 1536.943237 1550.580598 1571.196007 1571.128047 1589.036565 1604.498168
54.210000 1540.132242 1554.922490 1576.345731 1575.322472 1592.664124 1607.974508
54.310000 1545.169650 1558.423132 1580.803748 1579.450995 1596.034860 1611.501411
54.410000 1549.620199 1562.155206 1585.922289 1583.514597 1600.418982 1616.874137
54.510000 1554.179966 1566.208836 1590.217446 1587.602600 1604.096672 1621.640134
54.610000 1558.445223 1570.193750 1593.769280 1591.843238 1608.430158 1625.479706
54.685000 1560.721972 1573.844535 1597.144420 1595.014083 1611.059468 1628.125886
54.760000 1564.632551 1577.924309 1600.154136 1598.243268 1613.569838 1630.600206
54.860000 1568.885883 1583.460064 1604.647739 1602.844562 1618.138450 1633.749157
54.960000 1572.473087 1588.846116 1608.877440 1607.359771 1621.869772 1637.718957
55.060000 1577.703856 1594.949080 1613.024525 1611.981735 1625.865228 1641.649171
55.160000 1582.616952 1600.788343 1618.042038 1616.903341 1630.191405 1644.855685
55.260000 1588.108518 1607.682409 1622.946683 1621.732725 1633.947447 1649.197082
55.360000 1591.579022 1613.454305 1627.875939 1626.907371 1638.900590 1657.040770
55.460000 1595.649792 1619.305803 1633.091296 1632.190428 1644.077961 1661.828402
55.560000 1599.688007 1625.265056 1638.893115 1637.687806 1648.702682 1668.026625
55.660000 1602.857440 1631.880557 1645.109726 1643.568312 1654.504051 1673.206698
55.760000 1607.042115 1637.894731 1651.333477 1649.439083 1660.275325 1676.771039
55.860000 1611.182994 1643.283384 1656.340312 1654.595830 1665.793960 1680.111644
55.960000 1615.233234 1648.541271 1661.722295 1659.770351 1671.209906 1684.953777
56.060000 1618.898988 1653.756206 1666.914595 1664.889600 1676.148355 1690.797621
56.160000 1624.140695 1659.204044 1671.833381 1669.791549 1681.554906 1695.768125
56.265000 1629.695817 1664.807052 1676.827877 1674.928666 1687.233881 1701.644997
56.370000 1633.051887 1670.570992 1681.041248 1680.004121 1692.380592 1706.381459
56.490000 1638.349707 1675.786232 1686.461221 1685.554370 1698.136607 1712.327480
56.610000 1646.324210 1680.293969 1691.903466 1690.763253 1703.555967 1717.180519
56.710000 1649.633980 1684.031569 1696.573790 1695.202344 1708.041887 1723.656266
56.810000 1655.302826 1687.134480 1700.773653 1699.453944 1712.218894 1729.763024
56.910000 1660.017063 1690.434016 1705.464093 1703.632152 1716.083836 1734.602818
57.010000 1664.799170 1694.355142 1710.020904 1707.748402 1720.016478 1739.513500
57.110000 1669.885939 1697.216635 1714.079233 1711.566957 1723.431656 1745.414942
57.210000 1674.910284 1700.098121 1717.792365 1715.304882 1727.884809 1748.688776
57.310000 1678.842188 1703.246177 1721.562985 1718.990688 1731.611130 1755.372749
57.410000 1684.627767 1706.382310 1725.144633 1722.779721 1735.312434 1760.712238
57.510000 1688.991436 1710.208107 1728.435645 1726.357637 1738.358512 1766.929519
57.610000 1691.735110 1713.980987 1731.683913 1729.891793 1742.118792 1772.058105
57.710000 1693.882270 1717.035058 1734.835152 1733.414950 1745.621224 1774.604108
57.810000 1695.811479 1721.288239 1738.461050 1736.880756 1749.439104 1778.507295
57.910000 1700.270312 1725.076552 1741.867044 1740.609657 1753.188390 1782.615123
58.010000 1703.329314 1727.967689 1745.511947 1744.301519 1756.795268 1788.473263
58.110000 1706.101788 1731.448124 1748.990002 1748.009399 1761.012697 1793.982481
58.210000 1710.225810 1734.053686 1752.345654 1751.659495 1764.870570 1798.218196
58.310000 1714.048364 1737.950658 1755.778351 1755.321773 1769.022462 1803.225858
58.410000 1716.918594 1741.594622 1758.870507 1759.107375 1775.305484 1807.616644
58.510000 1721.402344 1744.629058 1762.061167 1762.772215 1779.706414 1813.636345
58.610000 1723.848011 1747.328570 1765.615947 1766.566356 1785.186160 1818.854759
58.710000 1727.358121 1750.797366 1768.965066 1770.376658 1790.809058 1825.759642
58.810000 1730.645170 1754.280909 1772.728959 1774.304086 1795.366140 1828.728128
58.910000 1733.996623 1758.028813 1776.639969 1778.090985 1800.022600 1833.191837
59.010000 1736.458453 1760.961929 1779.799441 1782.129951 1805.622206 1840.160129
59.110000 1739.050031 1764.427972 1783.514490 1786.191359 1810.691306 1844.018585
59.210000 1742.927993 1768.043746 1787.356631 1790.303440 1815.879395 1849.634343
59.310000 1748.258036 1772.692515 1791.251585 1794.679498 1821.372495 1853.507379
59.410000 1752.079673 1776.884590 1795.552976 1798.841650 1826.444894 1856.740383
59.510000 1756.759259 1780.236687 1800.149669 1803.096140 1831.390188 1860.026061
59.610000 1760.394376 1784.689540 1804.373592 1807.268270 1835.504115 1863.782522
59.710000 1764.135028 1788.939063 1809.045389 1811.380592 1841.114266 1865.679665
59.810000 1767.220201 1793.008980 1813.095230 1815.689484 1845.548309 1869.804338
59.910000 1770.349842 1797.608980 1817.330755 1819.952895 1848.923931 1873.430227
60.010000 1775.397446 1801.373726 1821.301050 1824.262014 1853.497827 1878.148202
60.110000 1779.499783 1805.629481 1825.479761 1828.624014 1857.569074 1881.091088
60.210000 1782.782390 1809.772070 1830.054822 1832.969645 1862.051361 1885.710913
60.310000 1786.735138 1814.172624 1834.192991 1837.471041 1867.515467 1890.205931
60.410000 1789.484824 1818.887808 1838.523979 1842.077674 1871.554259 1896.006358
60.510000 1793.289816 1823.662140 1843.625052 1846.735336 1875.224919 1902.491410
60.610000 1798.757034 1828.755263 1848.832132 1851.186271 1878.779763 1907.305555
60.710000 1802.654222 1832.441564 1854.248399 1855.807936 1883.923531 1913.695592
60.810000 1807.346111 1836.678508 1859.197806 1860.347692 1887.861464 1918.063329
60.910000 1812.113769 1840.600151 1864.040635 1864.643297 1891.904162 1921.588557
61.010000 1817.320029 1844.163927 1868.611633 1869.131912 1895.200581 1925.697765
61.110000 1821.992407 1847.861127 1873.385978 1873.476107 1899.272104 1930.590844
61.210000 1825.056123 1851.372244 1877.670990 1877.937281 1903.095587 1934.823186
61.310000 1827.694418 1855.203754 1882.684358 1882.587551 1909.145030 1938.577239
61.410000 1833.087221 1859.045744 1887.103133 1886.839735 1913.016203 1941.062752
61.510000 1836.692430 1862.754384 1891.897678 1891.216809 1918.359061 1946.881898
61.610000 1838.643006 1866.520306 1896.292060 1895.488560 1922.929324 1951.891182
61.710000 1841.778769 1870.834377 1901.119082 1899.826508 1928.023183 1956.131153
61.810000 1847.066430 1874.912044 1905.526656 1904.124516 1931.508521 1959.226413
61.910000 1850.067861 1878.970675 1910.878145 1908.693234 1936.278485 1962.477617
62.010000 1853.300466 1884.198582 1916.128046 1913.185321 1942.415512 1965.761202
62.110000 1856.022703 1888.836677 1920.832224 1917.659689 1946.785086 1968.626918
62.210000 1859.561907 1894.553343 1924.731576 1922.155522 1951.497818 1972.283953
62.343333 1861.526971 1900.855589 1931.090858 1928.737474 1957.633359 1979.597841
62.476667 1866.744688 1906.611750 1939.332043 1935.537338 1963.134020 1983.440736
62.610000 1868.784284 1912.192559 1947.060987 1942.077938 1968.581982 1988.983284
62.710000 1871.855430 1916.088652 1952.450299 1946.831056 1973.179913 1992.763218
62.810000 1875.972779 1920.687117 1957.944166 1951.613783 1977.522240 1995.529110
62.910000 1879.208896 1925.227351 1962.695354 1956.275907 1981.715513 1998.897270
63.010000 1886.282592 1929.264430 1967.309188 1960.719993 1986.028285 2002.543449
63.110000 1890.089408 1935.690924 1972.251123 1965.274775 1990.550066 2005.370376
63.210000 1891.767075 1940.364517 1976.857980 1969.722494 1995.037252 2009.815413
63.310000 1896.932979 1944.444803 1981.822537 1974.301097 1999.228577 2012.942315
63.410000 1900.218441 1949.691388 1986.797503 1978.873269 2003.353433 2016.149577
63.510000 1902.894215 1954.247025 1991.794765 1983.459533 2007.960156 2019.253163
63.610000 1905.109089 1958.717202 1996.997216 1987.952829 2012.177480 2023.416868
63.710000 1907.971917 1965.284190 2002.326099 1992.564856 2016.484664 2026.871756
63.810000 1911.015592 1970.924841 2007.322859 1997.231013 2020.786381 2029.855708
63.910000 1914.305968 1977.402001 2011.613605 2001.783820 2024.814779 2033.329373
64.010000 1917.545557 1983.158290 2016.768533 2006.230243 2028.965400 2036.940353
64.110000 1920.375176 1988.627233 2021.568239 2010.648680 2033.362738 2041.093934
64.210000 1923.919567 1993.604352 2025.714050 2014.950810 2037.034490 2044.573491
64.310000 1926.481124 2000.139699 2029.291782 2019.189497 2040.303360 2047.871024
64.410000 1929.030935 2004.554625 2033.229778 2023.416831 2043.610854 2051.434574
64.510000 1933.331138 2009.518492 2036.963727 2027.555359 2047.376005 2054.587951
64.610000 1936.802065 2015.741437 2040.741396 2031.745346 2050.682410 2057.728451
64.710000 1941.548948 2022.974520 2044.509135 2036.182184 2053.918329 2060.863627
64.810000 1944.039826 2028.997300 2048.835798 2040.734571 2057.149039 2064.624706
64.910000 1949.465250 2036.549384 2053.365331 2045.606917 2061.270980 2070.048781
65.010000 1951.578873 2043.543409 2057.704245 2050.341667 2065.542282 2073.138369
65.110000 1954.313624 2049.817862 2061.544936 2054.521868 2069.413326 2077.046237
65.210000 1957.525973 2055.241727 2065.108487 2058.537331 2073.468262 2081.347632
65.310000 1962.244681 2059.090758 2068.504135 2062.241874 2076.999173 2084.631866
65.410000 1970.391895 2062.826969 2071.961436 2065.816979 2080.642232 2087.759436
65.510000 1973.842956 2066.263047 2075.391256 2069.351655 2084.518804 2092.317699
65.610000 1975.888994 2069.226189 2078.744754 2072.761148 2088.028634 2096.091607
65.735000 1983.588331 2073.266133 2083.440439 2077.415144 2092.883032 2100.961911
65.860000 1990.579804 2077.543713 2087.848857 2081.963065 2097.413218 2105.989948
65.985000 1997.224368 2081.376039 2092.616936 2086.490937 2102.110359 2110.990813
66.110000 2000.577603 2085.600669 2097.243932 2090.866476 2107.066489 2115.599549
66.235000 2005.320803 2089.767344 2101.866024 2095.473606 2111.434111 2119.919634
66.360000 2008.700214 2093.797797 2106.035950 2099.928141 2115.431354 2124.264572
66.485000 2014.803517 2097.766409 2110.125121 2104.119733 2119.749378 2128.522176
66.610000 2019.153035 2101.722665 2114.651154 2108.379419 2124.007297 2131.815729
66.735000 2023.120901 2105.912657 2118.781259 2112.536482 2127.974172 2136.559228
66.860000 2029.982802 2109.605654 2123.490050 2116.771624 2131.481849 2140.060585
66.960000 2034.602172 2113.195481 2126.599817 2120.205175 2134.275016 2142.572023
67.060000 2040.234079 2116.859163 2130.210615 2123.689096 2137.258139 2146.624896
67.160000 2046.430743 2120.407726 2133.926631 2127.357800 2141.022051 2149.431260
67.260000 2049.299490 2124.312285 2137.194333 2130.974347 2144.694496 2153.014666
67.360000 2057.967795 2127.954299 2140.225446 2134.436380 2147.883958 2156.572092
67.460000 2064.070289 2131.078328 2143.477554 2137.762071 2150.951174 2158.715154
67.580000 2068.160846 2134.372490 2146.688689 2141.473801 2154.718667 2163.518997
67.700000 2074.548072 2138.104597 2149.888131 2145.016656 2158.155196 2166.974008
67.820000 2079.293029 2141.884733 2153.040152 2148.623425 2161.815651 2171.396740
67.940000 2083.600119 2145.532924 2156.406089 2152.099861 2164.961623 2175.531375
68.060000 2089.817246 2149.476622 2159.464107 2155.554758 2168.188871 2178.397257
68.160000 2091.999491 2152.919627 2161.870011 2158.420327 2171.300698 2181.199935
68.260000 2096.132712 2155.753569 2164.676778 2161.292650 2174.085779 2184.783450
68.360000 2100.064551 2158.824418 2167.323996 2164.196309 2177.457858 2186.912438
68.460000 2103.216463 2161.709586 2169.900103 2167.152758 2180.847414 2190.141262
68.560000 2108.075743 2164.369302 2172.521371 2170.027860 2184.060490 2193.614631
68.660000 2111.361225 2166.702410 2175.205263 2172.928124 2187.598629 2196.930020
68.760000 2116.781519 2169.320736 2177.646785 2175.798444 2190.473296 2199.133065
68.860000 2120.020081 2171.744719 2180.536902 2178.627030 2193.228618 2201.436774
68.960000 2124.315643 2174.215996 2183.414827 2181.513466 2196.269161 2204.814348
69.060000 2128.289238 2176.598381 2186.143398 2184.367629 2198.866798 2207.793803
69.193333 2135.103150 2180.076011 2190.090439 2188.319005 2202.346177 2211.816995
69.326667 2141.195137 2183.422404 2194.161001 2192.266700 2205.775108 2215.440905
69.460000 2148.934930 2187.030499 2198.012978 2196.157795 2209.425321 2218.393987
69.560000 2153.508381 2189.423281 2200.940927 2199.013864 2211.945801 2220.544686
69.660000 2156.396869 2192.357136 2203.786364 2201.942623 2214.419463 2223.031647
69.760000 2161.869388 2195.226001 2206.777424 2204.972496 2217.220272 2225.923314
69.860000 2166.465486 2197.815839 2209.845413 2207.918178 2219.926526 2228.343006
69.980000 2171.946852 2200.698137 2213.202848 2211.370299 2222.788207 2231.268369
70.100000 2178.428930 2204.004946 2217.181329 2214.799219 2225.916468 2233.317793
70.220000 2184.861320 2207.669851 2220.499605 2218.360068 2228.781094 2235.960783
70.340000 2189.924177 2211.762346 2223.909953 2221.918471 2231.746851 2239.197262
70.460000 2198.431824 2215.626600 2227.722596 2225.320213 2234.705159 2242.368167
70.560000 2202.626366 2218.734748 2230.660714 2228.283556 2236.892614 2244.940742
70.660000 2206.668082 2222.292000 2233.522105 2231.182170 2239.588332 2247.297189
70.760000 2210.645644 2225.759340 2236.164479 2234.080198 2242.083265 2249.422441
70.860000 2214.183521 2229.610098 2239.319821 2237.216217 2244.707185 2251.792857
70.960000 2216.595105 2233.470999 2242.540322 2240.557759 2247.490221 2254.374065
71.060000 2220.872070 2237.703864 2245.441743 2243.997213 2250.563212 2257.305258
71.160000 2227.753549 2242.141458 2248.583335 2247.548432 2253.768023 2259.998454
71.260000 2234.378045 2246.343749 2251.725003 2250.967363 2257.026267 2263.528473
71.360000 2238.234497 2249.750385 2254.709329 2254.227986 2259.888126 2266.739940
71.460000 2242.100186 2252.760784 2257.693962 2257.439932 2262.830300 2270.098520
71.560000 2245.753973 2255.752491 2260.757564 2260.564805 2265.858437 2274.576783
71.660000 2249.943209 2258.684077 2263.803723 2263.704148 2269.286605 2277.777857
71.793333 2254.706162 2262.121922 2267.640738 2267.845474 2274.345914 2282.036872
71.926667 2259.407797 2265.862320 2271.421742 2271.974741 2279.212891 2287.119051
72.060000 2262.902158 2269.580585 2275.427324 2276.183733 2284.089923 2292.236916
72.160000 2265.804660 2272.173539 2278.346799 2279.222222 2287.474467 2295.700188
72.260000 2268.854287 2274.756860 2281.127700 2282.275777 2290.854426 2298.776641
72.360000 2272.010042 2277.268501 2283.897584 2285.156558 2293.923317 2302.468107
72.460000 2274.904213 2280.044667 2286.986549 2287.998455 2296.660443 2306.180816
72.560000 2277.234306 2282.751692 2289.865441 2290.876463 2299.237651 2309.567085
72.660000 2279.471238 2285.049707 2293.659643 2293.703038 2302.290299 2313.532442
72.760000 2281.860185 2287.495663 2296.340786 2296.457299 2304.990705 2315.769504
72.860000 2284.291386 2289.956181 2299.371320 2299.277188 2307.513193 2319.047464
72.960000 2286.412061 2292.582000 2302.626649 2302.168935 2310.301416 2322.946148
73.060000 2288.975141 2295.565053 2305.863035 2305.020807 2312.961371 2327.146271
73.160000 2291.806067 2297.870474 2308.541751 2307.873129 2315.963209 2329.473761
73.260000 2294.401818 2300.504115 2311.185287 2310.834457 2318.696683 2333.061965
73.360000 2297.061292 2303.498730 2314.228007 2313.803413 2321.922608 2338.309236
73.460000 2299.604728 2306.692113 2317.195062 2316.942430 2325.135308 2342.039603
73.560000 2301.773482 2310.227983 2320.299219 2320.120600 2328.470242 2346.828913
73.660000 2304.582997 2313.447373 2323.356197 2323.437363 2332.244513 2349.361532
73.760000 2307.060112 2317.016774 2326.206107 2326.712150 2335.642384 2352.883052
73.860000 2309.995511 2320.742188 2329.099574 2329.906914 2339.157997 2355.830780
73.960000 2312.462154 2324.025276 2331.984129 2333.070647 2342.369017 2358.522993
74.060000 2314.384273 2326.913102 2335.118836 2336.227432 2346.028872 2361.131802
74.160000 2317.069020 2330.282909 2338.073585 2339.367549 2349.937067 2363.237710
74.260000 2319.929785 2333.662267 2341.019612 2342.678837 2353.415914 2366.304152
74.360000 2323.478312 2336.707078 2344.167831 2345.987581 2358.238502 2369.128693
74.460000 2327.510060 2339.566845 2347.256284 2349.311025 2361.710332 2371.494039
74.560000 2331.224888 2342.472605 2350.856079 2352.545945 2364.953203 2374.234394
74.660000 2334.659874 2345.627924 2354.451152 2355.841189 2368.507489 2377.185987
74.760000 2337.714112 2348.942906 2357.968158 2359.137449 2371.581237 2378.980617
74.860000 2342.313523 2351.961187 2361.758764 2362.407996 2374.578647 2382.254603
74.960000 2347.517042 2354.832573 2365.303550 2365.515852 2377.112242 2384.588273
75.060000 2350.562807 2357.669382 2369.093101 2368.729540 2380.086057 2386.918047
75.160000 2353.128809 2361.042464 2372.625582 2371.903647 2382.509720 2388.902689
75.260000 2356.436832 2364.712280 2375.755404 2375.021940 2385.090976 2391.639190
75.360000 2359.873256 2368.270660 2379.066229 2378.226892 2387.606828 2394.521954
75.460000 2363.744986 2372.043137 2382.228452 2381.564284 2390.405563 2397.151686
75.560000 2366.541637 2375.896758 2385.818662 2384.918387 2392.966970 2399.844190
75.660000 2370.304636 2380.589870 2389.092429 2388.307142 2395.722762 2402.061207
75.760000 2373.763429 2384.453767 2392.660401 2391.659376 2398.719629 2405.162031
75.860000 2378.972942 2387.972270 2395.754899 2395.012168 2401.516313 2408.376396
75.960000 2383.069369 2392.124750 2398.863092 2398.187976 2404.515136 2410.924775
76.060000 2386.347109 2395.321351 2401.778571 2401.322128 2407.868434 2413.338917
76.110000 2387.489049 2396.914480 2403.311999 2402.898340 2409.421671 2414.743023
76.220000 2391.657920 2400.423532 2406.370457 2406.101995 2412.272888 2417.258402
76.330000 2396.986154 2404.096625 2409.684702 2409.432066 2415.294113 2419.985181
76.420000 2399.725434 2406.527821 2412.419456 2412.164911 2417.835687 2422.287159
76.510000 2403.868675 2409.635117 2415.551362 2415.060388 2420.442264 2424.636985
76.610000 2407.413398 2413.347876 2418.964821 2418.509133 2423.413296 2428.330586
76.710000 2411.504800 2417.431102 2422.303848 2422.128730 2426.817631 2431.732263
76.810000 2415.869334 2420.962864 2425.582017 2425.610909 2430.493593 2434.534211
76.910000 2419.937205 2424.383219 2428.925688 2428.982303 2433.785229 2437.749242
76.960000 2421.450617 2425.684278 2430.507928 2430.533836 2435.478999 2439.573756
77.060000 2424.119092 2428.328541 2433.189722 2433.325551 2438.143329 2442.524053
77.160000 2426.945449 2431.414143 2435.867978 2436.196154 2441.194456 2446.030860
77.260000 2429.660134 2434.240494 2438.746437 2439.020806 2444.051948 2448.763963
77.360000 2432.352506 2436.791139 2441.974566 2441.984750 2447.018573 2451.684401
77.435000 2434.242001 2439.135794 2444.399448 2444.384409 2449.375340 2454.448001
77.510000 2436.436335 2441.421009 2447.111713 2446.865940 2452.040889 2456.848241
77.635000 2440.091693 2445.844680 2451.293256 2451.204855 2456.441216 2461.434226
77.760000 2443.915195 2450.040094 2455.723262 2455.386129 2460.450970 2465.387848
77.860000 2446.402935 2452.978485 2458.885583 2458.495567 2463.600097 2468.898454
77.960000 2450.217882 2456.512520 2461.905428 2461.594145 2466.321436 2472.220200
78.060000 2453.148502 2459.442800 2464.661653 2464.461646 2469.148417 2476.410084
78.160000 2455.844837 2462.483221 2467.325867 2467.365535 2472.009612 2479.656219
78.260000 2458.672816 2465.339130 2470.003610 2470.215570 2475.112324 2482.997021
78.360000 2462.913660 2468.394960 2472.967331 2473.206800 2478.218940 2485.630629
78.460000 2465.507304 2470.536635 2475.435267 2475.980875 2481.420467 2489.025790
78.560000 2468.223263 2473.283084 2477.900791 2478.677471 2484.124567 2493.062919
78.660000 2471.302396 2475.970040 2480.651845 2481.450571 2487.151579 2495.523642
78.760000 2473.788170 2478.860211 2483.331085 2484.161619 2490.286139 2498.149304
78.860000 2476.364005 2481.347765 2485.949246 2486.840115 2493.047470 2500.662807
78.960000 2479.367759 2483.861628 2488.708096 2489.587224 2496.259333 2502.991802
79.060000 2482.498935 2486.503973 2491.486347 2492.479197 2499.451006 2505.363026
79.160000 2485.237895 2489.134388 2494.408806 2495.283204 2502.307776 2507.707649
79.260000 2488.104618 2491.737399 2497.287773 2498.046166 2505.125789 2509.879413
79.360000 2490.482741 2494.290507 2500.474379 2500.822790 2507.880527 2512.492300
79.460000 2493.073491 2497.114321 2503.314351 2503.716975 2510.745950 2515.023131
79.560000 2495.572285 2500.111165 2506.460403 2506.630988 2513.612448 2518.030339
79.660000 2497.750573 2502.950744 2509.543182 2509.609639 2516.186801 2521.144427
79.760000 2500.454198 2506.024361 2512.476040 2512.650239 2519.063577 2524.619124
79.860000 2503.275549 2509.356519 2516.019532 2515.900970 2522.015237 2527.569760
79.960000 2506.327283 2512.958317 2519.338094 2519.070261 2524.831610 2530.679880
80.060000 2509.677310 2516.030512 2522.509800 2522.141932 2527.746263 2534.010916
80.160000 2512.670036 2518.780782 2525.528961 2525.139437 2531.042023 2536.717353
80.260000 2515.868956 2522.041670 2528.564330 2528.211823 2533.817335 2539.964240
80.360000 2519.276094 2525.476907 2531.247686 2531.348093 2536.947633 2543.703548
80.460000 2522.410779 2528.946229 2534.333989 2534.659467 2540.395197 2547.968608
80.560000 2526.286925 2532.455406 2537.743047 2538.147054 2543.867051 2553.769888
80.660000 2529.863207 2535.772190 2541.312797 2541.948848 2548.024228 2558.160578
80.760000 2533.351191 2539.067501 2544.883551 2545.755928 2552.438789 2563.850785
80.860000 2536.333285 2542.322821 2548.783672 2549.769688 2556.650652 2569.036785
80.960000 2539.788458 2545.617895 2552.765229 2553.863619 2561.642115 2574.381106
81.060000 2543.113030 2549.013520 2556.272711 2557.635834 2566.036454 2579.956018
81.160000 2545.373681 2552.597980 2559.683397 2561.394340 2571.190986 2585.235118
81.260000 2548.104682 2555.992832 2563.195333 2565.160774 2575.367169 2591.493241
81.360000 2550.646549 2558.768004 2566.243829 2568.811933 2580.388942 2595.651435
81.460000 2553.481200 2562.161171 2569.758471 2572.484199 2584.830576 2600.789101
81.560000 2557.171999 2565.537602 2573.564308 2576.331262 2589.350364 2604.369292
81.660000 2559.805917 2568.704198 2577.406739 2579.908472 2593.456768 2607.463700
81.760000 2563.647819 2571.908327 2581.254605 2583.495946 2597.790130 2611.611660
81.860000 2566.231751 2575.057252 2585.336819 2587.342383 2601.309199 2615.783048
81.960000 2569.297128 2578.307768 2589.410805 2591.086023 2605.135704 2619.263135
82.060000 2572.932783 2581.426843 2593.175084 2594.945849 2609.122965 2622.576960
82.160000 2576.954499 2584.725295 2597.338405 2598.723141 2612.795205 2626.955287
82.260000 2580.254149 2588.566126 2601.526743 2602.421112 2616.441199 2631.277123
82.360000 2582.968613 2591.502385 2605.541269 2606.148905 2620.454922 2634.803867
82.460000 2585.272113 2594.815590 2609.636204 2609.733422 2623.702226 2638.204020
82.560000 2588.170823 2597.957994 2613.959746 2613.365274 2627.420614 2642.132956
82.660000 2591.892864 2601.407672 2617.511972 2617.135831 2630.965158 2646.020512
82.760000 2595.053050 2604.942619 2621.465670 2620.849545 2634.519969 2649.434752
82.860000 2598.693739 2608.779686 2625.158547 2624.537463 2638.745471 2653.229414
82.960000 2602.289335 2612.735424 2629.481037 2628.372396 2642.405379 2656.270503
83.060000 2605.406821 2616.943778 2633.498467 2631.971221 2645.598490 2658.882086
83.160000 2609.748001 2620.998686 2637.263606 2636.008151 2649.494802 2661.838441
83.260000 2612.891845 2625.078484 2641.753095 2639.983996 2653.499281 2664.864069
83.360000 2616.923941 2629.244699 2645.552813 2643.978390 2657.109032 2667.466408
83.460000 2620.722027 2634.244280 2649.572490 2648.206482 2661.517223 2670.343412
83.560000 2626.439952 2639.464367 2653.512717 2652.410194 2665.730770 2672.965411
83.660000 2631.372455 2644.482273 2657.207411 2656.542782 2669.260003 2675.635531
83.760000 2637.196185 2649.772919 2661.423754 2660.714998 2672.489320 2677.930270
83.860000 2642.252252 2654.559891 2665.834325 2664.803748 2675.690424 2680.057304
83.960000 2649.526963 2659.409923 2670.200421 2669.068188 2678.709698 2682.417342
84.060000 2656.359100 2664.635169 2674.667007 2673.380208 2681.689965 2684.832301
84.160000 2661.231859 2670.541300 2678.971687 2677.594486 2684.318190 2686.957918
84.260000 2667.137063 2676.423787 2683.439032 2681.955725 2686.887801 2689.216529
84.360000 2674.778350 2682.912327 2687.381691 2686.263159 2689.489507 2691.505877
84.460000 2682.550125 2688.120174 2690.544022 2689.985919 2691.971674 2693.294403
84.560000 2691.642796 2692.569177 2693.654884 2693.620032 2694.643871 2695.523276
