depth(m) lower_95(kyr) lower_68(kyr) median(kyr) mean(kyr) upper_68(kyr) upper_95(kyr)
0.020000 0.023235 0.164109 0.460515 0.510025 0.831070 1.335903
0.030000 0.145394 0.311552 0.614557 0.652708 0.977711 1.492596
0.040000 0.240369 0.442672 0.744602 0.792253 1.132359 1.637124
0.050000 0.351964 0.570875 0.886194 0.926144 1.275505 1.780065
0.060000 0.460950 0.707100 1.020101 1.061312 1.431638 1.909806
0.070000 0.553034 0.842866 1.148499 1.196734 1.573877 2.043780
0.080000 0.664333 0.972932 1.281228 1.329574 1.735695 2.136895
0.100000 0.905992 1.239233 1.526019 1.583577 1.990100 2.376590
0.120000 1.131481 1.479269 1.794443 1.833038 2.254808 2.620618
0.130000 1.250210 1.597046 1.926120 1.967962 2.379800 2.753037
0.140000 1.366218 1.734347 2.069563 2.105332 2.526369 2.869981
0.150000 1.471039 1.861549 2.208400 2.237834 2.666495 3.013108
0.170000 1.692759 2.077990 2.468797 2.486863 2.932586 3.221760
0.180000 1.841007 2.202464 2.588265 2.616248 3.053163 3.335628
0.200000 2.027612 2.448806 2.880441 2.867864 3.289639 3.557713
0.210000 2.172572 2.594375 3.027116 3.001953 3.416273 3.676773
0.220000 2.328290 2.739080 3.164164 3.140531 3.551177 3.800234
0.230000 2.428797 2.874182 3.304567 3.280083 3.696564 3.936073
0.240000 2.569598 3.011591 3.484940 3.425655 3.823440 4.104201
0.250000 2.716190 3.143811 3.641560 3.570329 3.954714 4.234778
0.260000 2.846573 3.290957 3.780956 3.722413 4.103934 4.357874
0.270000 2.992136 3.447314 3.928951 3.868509 4.231611 4.519171
0.280000 3.146835 3.593752 4.077122 4.015830 4.372717 4.624490
0.290000 3.313489 3.757362 4.217455 4.161286 4.509938 4.749009
0.300000 3.470743 3.902594 4.367793 4.300231 4.641729 4.873946
0.310000 3.628543 4.061762 4.503737 4.447534 4.781380 5.036264
0.320000 3.772746 4.231959 4.649109 4.589603 4.912856 5.178566
0.330000 3.911099 4.386167 4.798355 4.739272 5.052879 5.325391
0.340000 4.048972 4.537999 4.959758 4.895883 5.209397 5.505365
0.350000 4.200749 4.686218 5.106553 5.047447 5.358306 5.674118
0.360000 4.359136 4.844237 5.255932 5.211695 5.522363 5.907443
0.370000 4.565375 4.983557 5.402932 5.377648 5.706763 6.110622
0.380000 4.761254 5.208069 5.567795 5.546249 5.870355 6.288992
0.390000 4.959386 5.390716 5.727640 5.721670 6.057359 6.506777
0.400000 5.119041 5.590549 5.892324 5.901802 6.239892 6.691980
0.410000 5.324112 5.755791 6.056459 6.074567 6.420228 6.851995
0.420000 5.494211 5.918513 6.232503 6.252853 6.598053 7.039204
0.430000 5.693300 6.084476 6.400374 6.421495 6.785313 7.240906
0.440000 5.944971 6.243403 6.573041 6.595096 6.949487 7.390376
0.450000 6.094292 6.396121 6.748538 6.765398 7.123416 7.583976
0.460000 6.279426 6.566631 6.925727 6.940672 7.293761 7.738488
0.470000 6.446864 6.751871 7.107461 7.125028 7.482907 7.881006
0.480000 6.615533 6.954647 7.292345 7.308059 7.673263 8.092111
0.490000 6.805172 7.139798 7.467028 7.493265 7.857692 8.289214
0.500000 7.003048 7.333889 7.723118 7.718326 8.089637 8.556071
0.510000 7.204422 7.574749 7.962329 7.972417 8.357392 8.793382
0.520000 7.461895 7.809564 8.218269 8.225230 8.617003 9.064758
0.530000 7.698902 8.068817 8.471850 8.482484 8.901117 9.311905
0.540000 7.923200 8.329399 8.727239 8.729862 9.144202 9.581191
0.550000 8.199919 8.546118 9.008375 8.999923 9.399740 9.923359
0.560000 8.412327 8.844593 9.282329 9.287495 9.713472 10.247757
0.570000 8.682704 9.104145 9.565312 9.575473 10.036571 10.544032
0.580000 8.973457 9.381128 9.878384 9.885182 10.381429 10.927691
0.600000 9.884957 10.388933 10.910615 10.902341 11.425348 11.919975
0.610000 10.307856 10.732042 11.237350 11.245790 11.755784 12.190620
0.620000 10.645086 11.063604 11.555773 11.552677 12.049278 12.472955
0.630000 10.941861 11.376967 11.851719 11.855021 12.333278 12.778420
0.640000 11.273926 11.712378 12.197919 12.186992 12.649547 13.056473
0.650000 11.582593 12.046169 12.505385 12.503816 12.945611 13.375515
0.660000 11.860427 12.373164 12.855577 12.817285 13.250052 13.649602
0.670000 12.128587 12.680489 13.132452 13.115689 13.564783 13.978104
0.680000 12.399189 12.928407 13.387446 13.373548 13.834457 14.191722
0.700000 13.124277 13.550810 13.968340 13.952208 14.347348 14.748597
0.710000 13.365522 13.790470 14.200642 14.182784 14.552198 14.975257
0.720000 13.607434 14.013419 14.416520 14.403680 14.777801 15.185676
0.730000 13.840458 14.255240 14.621790 14.613449 14.980109 15.343721
0.740000 14.061389 14.460454 14.822940 14.811882 15.159089 15.537812
0.750000 14.261307 14.636685 15.012548 15.005704 15.363558 15.729453
0.760000 14.475161 14.847204 15.188611 15.196877 15.550939 15.909104
0.770000 14.682333 15.036645 15.395672 15.394686 15.752792 16.103530
0.780000 14.870183 15.241863 15.612473 15.603704 15.975615 16.314323
0.800000 15.290469 15.693690 16.021077 16.031094 16.399781 16.760457
0.810000 15.502295 15.886249 16.238959 16.239814 16.599990 16.948749
0.820000 15.670264 16.087651 16.436318 16.435127 16.797649 17.119672
0.830000 15.850025 16.261187 16.657133 16.629731 16.965438 17.321543
0.840000 16.084591 16.438247 16.849157 16.804287 17.123790 17.493306
0.850000 16.257503 16.587682 16.999024 16.966991 17.302270 17.633058
0.860000 16.452483 16.729089 17.139499 17.111137 17.458440 17.755367
0.870000 16.595742 16.885848 17.297982 17.265767 17.605724 17.913814
0.880000 16.695680 17.046969 17.456677 17.415939 17.755437 18.032796
0.900000 16.992005 17.350337 17.735672 17.711865 18.059370 18.301578
0.910000 17.123095 17.511883 17.879922 17.858720 18.208282 18.419352
0.920000 17.287773 17.691760 18.040892 18.014370 18.346276 18.525279
0.930000 17.469864 17.845724 18.224908 18.176872 18.492757 18.651926
0.940000 17.593856 18.005003 18.379066 18.317577 18.613519 18.762591
0.950000 17.747555 18.147837 18.528280 18.455874 18.731330 18.866447
0.960000 17.872462 18.306252 18.666675 18.592848 18.851647 18.969409
0.970000 18.017483 18.448857 18.792471 18.722157 18.964491 19.085757
0.980000 18.143558 18.616272 18.915230 18.850781 19.079804 19.192391
0.990000 18.250126 18.763152 19.040216 18.976808 19.188033 19.298580
1.000000 18.376792 18.908027 19.161056 19.097585 19.297886 19.408607
1.010000 18.533188 19.042438 19.271743 19.210772 19.399639 19.516356
1.020000 18.627153 19.161910 19.375983 19.322579 19.499810 19.607534
1.030000 18.762997 19.304265 19.484038 19.433388 19.603527 19.709765
1.040000 18.896800 19.423935 19.585412 19.542520 19.708237 19.812176
1.050000 19.016991 19.534821 19.690449 19.649733 19.802819 19.906944
1.060000 19.180795 19.650076 19.797392 19.756123 19.907008 20.007740
1.070000 19.320842 19.757051 19.892805 19.861822 20.007945 20.104002
1.080000 19.429491 19.857844 19.989231 19.963060 20.105132 20.196850
1.100000 19.651929 20.048722 20.172429 20.150054 20.278697 20.375135
1.110000 19.788868 20.151393 20.268108 20.251822 20.383015 20.475599
1.120000 19.937936 20.254556 20.371436 20.355326 20.481757 20.585709
1.130000 20.036601 20.352671 20.470057 20.456373 20.574276 20.680376
1.140000 20.155562 20.462235 20.574415 20.559928 20.676267 20.793863
1.150000 20.261765 20.557119 20.672187 20.661676 20.779577 20.892361
1.160000 20.394941 20.658857 20.772177 20.764502 20.885391 21.013870
1.170000 20.498506 20.754482 20.875771 20.868233 20.984193 21.126957
1.180000 20.614578 20.855472 20.978063 20.971426 21.092991 21.236252
1.190000 20.726203 20.956345 21.086637 21.078271 21.205623 21.356688
1.200000 20.836452 21.059448 21.182718 21.184675 21.313798 21.475263
1.210000 20.952703 21.154841 21.291685 21.290894 21.422498 21.587646
1.220000 21.074502 21.269075 21.402049 21.401082 21.542130 21.708405
1.230000 21.187882 21.376618 21.509459 21.511012 21.654631 21.825039
1.240000 21.301708 21.479911 21.615874 21.619951 21.774348 21.950010
1.250000 21.393376 21.586131 21.722268 21.732520 21.900781 22.079685
1.260000 21.510252 21.694960 21.838591 21.848017 22.011825 22.215090
1.270000 21.622725 21.807964 21.962347 21.969395 22.134409 22.349523
1.280000 21.732092 21.923715 22.093116 22.092452 22.270463 22.478054
1.290000 21.851271 22.042271 22.213787 22.215774 22.389685 22.606729
1.300000 21.954728 22.160078 22.345566 22.341746 22.533517 22.722085
1.310000 22.077194 22.277195 22.461852 22.463599 22.649765 22.845161
1.320000 22.205063 22.399108 22.591768 22.588721 22.780625 22.965293
1.330000 22.317338 22.519586 22.720927 22.711712 22.898626 23.079730
1.340000 22.441827 22.660465 22.854628 22.840734 23.023451 23.183328
1.350000 22.553544 22.791115 22.977374 22.969867 23.150890 23.323529
1.360000 22.679615 22.921805 23.106196 23.097256 23.283317 23.442931
1.370000 22.802755 23.047010 23.234276 23.224357 23.412564 23.562918
1.380000 22.961803 23.177931 23.362496 23.353493 23.539139 23.699713
1.390000 23.117529 23.316081 23.490597 23.485737 23.672222 23.822436
1.400000 23.262820 23.451261 23.616890 23.617161 23.803925 23.955962
1.410000 23.369256 23.589013 23.745582 23.747301 23.925464 24.085829
1.420000 23.511685 23.708409 23.872636 23.873932 24.047651 24.208544
1.430000 23.639950 23.834299 23.994481 23.995173 24.161874 24.337003
1.440000 23.784954 23.962731 24.121677 24.119850 24.284634 24.450743
1.450000 23.905734 24.087326 24.246530 24.248316 24.420239 24.588527
1.460000 24.030601 24.209258 24.376569 24.379229 24.548138 24.710536
1.470000 24.165297 24.346374 24.509003 24.506546 24.669460 24.855748
1.480000 24.318789 24.479952 24.636291 24.635870 24.789309 24.985797
1.490000 24.456059 24.611660 24.762747 24.763046 24.917504 25.120802
1.500000 24.573552 24.725887 24.877630 24.880364 25.024546 25.246757
1.510000 24.682040 24.839014 24.988181 24.992880 25.141377 25.363299
1.520000 24.804596 24.955907 25.098778 25.106257 25.258284 25.453856
1.530000 24.920037 25.061049 25.211843 25.216342 25.365568 25.553639
1.540000 25.017603 25.165442 25.319293 25.324985 25.476554 25.658148
1.550000 25.113404 25.273943 25.433469 25.435890 25.593834 25.784218
1.560000 25.215734 25.382583 25.543392 25.545564 25.699399 25.894035
1.570000 25.323444 25.499497 25.647791 25.654957 25.812853 25.993684
1.590000 25.518461 25.701936 25.849012 25.857186 26.019329 26.203184
1.600000 25.618887 25.806882 25.960697 25.965847 26.130729 26.313204
1.610000 25.706218 25.915836 26.071019 26.076189 26.244623 26.431503
1.620000 25.813671 26.017262 26.188031 26.187042 26.359928 26.533407
1.630000 25.917817 26.129078 26.312216 26.306102 26.479763 26.656092
1.640000 26.009481 26.245026 26.426377 26.420748 26.596817 26.768561
1.650000 26.133878 26.352850 26.548337 26.539677 26.723036 26.913488
1.660000 26.251422 26.470986 26.668175 26.657761 26.841425 27.045117
1.670000 26.351921 26.581247 26.782224 26.777969 26.968404 27.168106
1.680000 26.477651 26.695990 26.899986 26.894141 27.080540 27.275870
1.690000 26.622184 26.814281 27.018326 27.012045 27.203511 27.400536
1.700000 26.718127 26.936837 27.132672 27.125888 27.311092 27.493127
1.730000 26.969902 27.243604 27.434314 27.429888 27.608752 27.805109
1.740000 27.128720 27.355262 27.546274 27.541287 27.717848 27.915678
1.750000 27.232754 27.461612 27.650141 27.649301 27.827235 28.037294
1.770000 27.457509 27.678875 27.852018 27.856821 28.036490 28.253729
1.780000 27.593886 27.784012 27.959740 27.968184 28.147557 28.365432
1.790000 27.715220 27.887188 28.069476 28.078888 28.260616 28.471938
1.800000 27.810906 27.997804 28.181909 28.189835 28.382733 28.586525
1.810000 27.920472 28.102641 28.287800 28.298662 28.504382 28.707756
1.820000 28.027228 28.202631 28.397733 28.407947 28.615541 28.828060
1.830000 28.129868 28.301311 28.516762 28.518312 28.734682 28.938261
1.840000 28.234225 28.403036 28.628992 28.629240 28.858547 29.048640
1.850000 28.348623 28.507331 28.739317 28.738122 28.976120 29.145690
1.860000 28.446613 28.603270 28.841495 28.845902 29.087633 29.259052
1.870000 28.561102 28.701312 28.945716 28.953022 29.197569 29.374585
1.880000 28.646956 28.791720 29.055071 29.057186 29.306866 29.502698
1.900000 28.836524 28.965018 29.261723 29.253697 29.504215 29.711535
1.910000 28.933841 29.067583 29.374879 29.358166 29.621503 29.809751
1.920000 29.020393 29.152841 29.480996 29.462414 29.728476 29.929189
1.930000 29.115324 29.247993 29.587253 29.567030 29.839601 30.042104
1.940000 29.208403 29.351808 29.695666 29.672787 29.955344 30.134846
1.950000 29.308173 29.459226 29.807394 29.779545 30.062497 30.259255
1.960000 29.408737 29.565836 29.917611 29.885514 30.163725 30.384148
1.970000 29.504473 29.666720 30.022274 29.992136 30.275672 30.503743
1.980000 29.599626 29.767041 30.127933 30.097512 30.379664 30.619592
2.000000 29.772146 29.944684 30.336497 30.292231 30.580554 30.819693
2.010000 29.865340 30.054204 30.437778 30.397262 30.682053 30.926430
2.020000 29.957404 30.169904 30.554799 30.506763 30.794399 31.051035
2.030000 30.047152 30.277179 30.665523 30.614408 30.893694 31.143357
2.040000 30.148500 30.373303 30.770870 30.721100 31.010889 31.276864
2.060000 30.309336 30.555407 30.972288 30.919675 31.214399 31.513745
2.070000 30.401194 30.659863 31.088899 31.028270 31.335559 31.670171
2.080000 30.527682 30.767538 31.190220 31.137663 31.449764 31.789900
2.090000 30.605593 30.867598 31.295424 31.245819 31.557891 31.875589
2.110000 30.790792 31.055396 31.514744 31.449200 31.781504 32.114996
2.120000 30.878273 31.166548 31.611628 31.560959 31.888274 32.239987
2.130000 30.987061 31.283323 31.726771 31.673115 32.007248 32.373188
2.140000 31.084916 31.392999 31.830774 31.788798 32.129756 32.496781
2.150000 31.191018 31.498449 31.943285 31.901706 32.251494 32.637444
2.160000 31.306764 31.602766 32.060287 32.016416 32.386714 32.750986
2.170000 31.416813 31.723285 32.161676 32.133267 32.530218 32.893823
2.180000 31.533856 31.837196 32.277037 32.247018 32.651760 32.984678
2.200000 31.744814 32.041917 32.468514 32.458459 32.895773 33.190281
2.210000 31.840817 32.150270 32.575817 32.576864 33.021775 33.297509
2.220000 31.963942 32.256771 32.692585 32.700328 33.153051 33.427605
2.230000 32.130654 32.377477 32.806264 32.825330 33.282582 33.563777
2.240000 32.277255 32.499068 32.924786 32.950711 33.410442 33.700135
2.250000 32.381636 32.624918 33.051494 33.076402 33.535728 33.807868
2.260000 32.483114 32.747715 33.192281 33.203883 33.670431 33.954971
2.270000 32.607056 32.868427 33.311849 33.329328 33.804593 34.070602
2.280000 32.721206 32.983630 33.434531 33.449489 33.932729 34.192374
2.300000 32.945057 33.179709 33.713208 33.682658 34.170771 34.421514
2.310000 33.046118 33.305901 33.842355 33.806671 34.291730 34.511329
2.320000 33.177955 33.425853 33.973458 33.930692 34.414926 34.618342
2.330000 33.282070 33.542462 34.108352 34.059307 34.533942 34.724637
2.340000 33.425239 33.663167 34.246441 34.187184 34.652813 34.829546
2.350000 33.533154 33.788509 34.398198 34.315147 34.766316 34.928383
2.360000 33.643931 33.904583 34.518699 34.446091 34.880344 35.034959
2.370000 33.764201 34.043543 34.670146 34.577944 34.987656 35.135284
2.380000 33.898459 34.173774 34.810316 34.706475 35.090474 35.245572
2.390000 34.027145 34.337298 34.942595 34.835626 35.194819 35.351557
2.400000 34.137552 34.483054 35.081823 34.962066 35.305478 35.448198
2.410000 34.246497 34.664323 35.211788 35.090281 35.414411 35.565528
2.420000 34.397266 34.812351 35.337715 35.217759 35.524195 35.672855
2.430000 34.508360 34.945375 35.451374 35.338170 35.624445 35.783969
2.440000 34.607482 35.122954 35.570631 35.460192 35.744372 35.884033
2.450000 34.726693 35.286157 35.683910 35.581398 35.856391 35.991716
2.460000 34.816203 35.415362 35.797800 35.696107 35.964853 36.106281
2.480000 34.997805 35.646644 35.998187 35.902829 36.154678 36.288325
2.500000 35.217982 35.891552 36.208557 36.111063 36.332284 36.482384
2.510000 35.340951 36.040059 36.309802 36.221962 36.436472 36.577866
2.520000 35.448964 36.179361 36.420654 36.335957 36.552093 36.678749
2.530000 35.571246 36.287386 36.531520 36.448902 36.662733 36.778197
2.540000 35.685168 36.410443 36.631721 36.558992 36.774466 36.890455
2.550000 35.789931 36.535334 36.745585 36.673998 36.883723 37.002250
2.560000 35.896035 36.654748 36.856144 36.787648 36.990920 37.110152
2.570000 36.011059 36.775158 36.966894 36.903311 37.108071 37.226203
2.580000 36.124139 36.894912 37.079651 37.016085 37.213443 37.351704
2.590000 36.232937 37.006107 37.190293 37.126931 37.322244 37.470806
2.600000 36.359515 37.126084 37.300036 37.242721 37.435230 37.597496
2.610000 36.485241 37.233473 37.408927 37.359807 37.554609 37.718544
2.620000 36.590142 37.344347 37.516169 37.477176 37.674861 37.851092
2.630000 36.720116 37.462893 37.629336 37.592320 37.790918 37.996870
2.640000 36.851400 37.574163 37.740628 37.708089 37.900126 38.124699
2.650000 36.952759 37.684018 37.851735 37.826273 38.019608 38.241814
2.660000 37.169631 37.802149 37.969125 37.945106 38.128441 38.375418
2.670000 37.304050 37.913602 38.082846 38.063880 38.246019 38.486649
2.680000 37.503870 38.046477 38.204663 38.185469 38.363929 38.598678
2.690000 37.639026 38.155798 38.313499 38.300267 38.466850 38.718299
2.700000 37.818148 38.282505 38.428702 38.419124 38.586073 38.843659
2.710000 37.992684 38.393847 38.536886 38.531386 38.686065 38.951984
2.720000 38.117210 38.502280 38.652232 38.643901 38.793883 39.067597
2.730000 38.248694 38.610059 38.755130 38.754753 38.908227 39.186251
2.740000 38.386451 38.719117 38.863414 38.865700 39.014704 39.303845
2.750000 38.573053 38.831985 38.970416 38.976254 39.119150 39.410257
2.760000 38.701461 38.940351 39.074365 39.085499 39.229241 39.533193
2.770000 38.849421 39.047083 39.180134 39.196223 39.346762 39.655851
2.780000 38.963895 39.157223 39.284812 39.306287 39.459756 39.789761
2.800000 39.170942 39.352293 39.473825 39.507220 39.667149 40.023821
2.810000 39.268699 39.450002 39.577590 39.615753 39.785887 40.167048
2.820000 39.407481 39.551480 39.689581 39.730356 39.905003 40.308752
2.830000 39.513455 39.648334 39.799998 39.842013 40.030980 40.480120
2.840000 39.620748 39.756216 39.899740 39.955039 40.154920 40.622726
2.850000 39.725265 39.865126 40.010625 40.067095 40.265855 40.740664
2.860000 39.820626 39.963632 40.121778 40.180834 40.401160 40.879777
2.870000 39.941956 40.066251 40.230469 40.297858 40.549986 41.022457
2.880000 40.041237 40.163307 40.340128 40.413868 40.680651 41.149927
2.900000 40.217409 40.360359 40.554967 40.636505 40.962273 41.410286
2.910000 40.313693 40.465468 40.672398 40.753001 41.094154 41.522945
2.920000 40.433387 40.581738 40.803744 40.880557 41.237524 41.663190
2.930000 40.546306 40.703763 40.938550 41.015606 41.390360 41.805046
2.940000 40.652375 40.831717 41.072518 41.147302 41.544531 41.916694
2.950000 40.769630 40.953700 41.199747 41.283383 41.674739 42.065870
2.960000 40.901793 41.096616 41.354805 41.428847 41.825580 42.242650
2.970000 41.017014 41.234855 41.496097 41.570867 41.950854 42.390129
2.980000 41.125245 41.360668 41.670966 41.717049 42.083634 42.507676
3.000000 41.351712 41.623617 41.958202 41.986552 42.324162 42.796757
3.010000 41.486303 41.775014 42.114280 42.130848 42.459749 42.998120
3.020000 41.634405 41.925296 42.271416 42.275474 42.582510 43.094619
3.030000 41.743646 42.069464 42.420566 42.419444 42.711491 43.212404
3.040000 41.913926 42.251985 42.562396 42.566088 42.826506 43.344672
3.050000 42.055301 42.432857 42.706238 42.711306 42.959707 43.561700
3.060000 42.222530 42.578820 42.839866 42.854846 43.096894 43.751614
3.070000 42.355229 42.725253 42.967169 42.991095 43.237486 43.901535
3.080000 42.551419 42.863523 43.103253 43.130919 43.388918 43.986790
3.100000 42.875252 43.136432 43.348443 43.392347 43.643570 44.207467
3.110000 42.983937 43.267535 43.479862 43.530468 43.808956 44.335553
3.120000 43.130907 43.393552 43.602671 43.665407 43.957506 44.451664
3.130000 43.284926 43.515062 43.741903 43.806078 44.127062 44.585901
3.140000 43.461842 43.659896 43.875871 43.951796 44.290479 44.720480
3.150000 43.620107 43.804463 44.025381 44.098836 44.467220 44.844644
3.160000 43.752246 43.929300 44.176400 44.241301 44.610817 44.964539
3.170000 43.878295 44.048841 44.327461 44.385920 44.769905 45.132381
3.180000 44.005116 44.173285 44.470416 44.532635 44.918956 45.251684
3.200000 44.227608 44.419882 44.749277 44.802131 45.222033 45.515909
3.210000 44.345386 44.553090 44.907908 44.946139 45.373645 45.639145
3.220000 44.461046 44.682251 45.075975 45.091859 45.517038 45.789538
3.230000 44.593159 44.818880 45.253041 45.239214 45.657609 45.928669
3.240000 44.713974 44.950523 45.420447 45.387971 45.799811 46.073004
3.250000 44.831012 45.088485 45.580846 45.535687 45.939052 46.191826
3.260000 44.954901 45.216841 45.731282 45.681814 46.081788 46.323313
3.270000 45.091859 45.362646 45.915528 45.834072 46.227612 46.471577
3.280000 45.229775 45.516001 46.071543 45.990286 46.372839 46.613653
3.290000 45.365875 45.684079 46.221234 46.144716 46.524050 46.742672
3.300000 45.511254 45.852597 46.378105 46.300791 46.664483 46.877657
3.310000 45.644873 46.051759 46.536969 46.465444 46.817438 47.098064
3.320000 45.840167 46.242097 46.684383 46.640204 46.991099 47.282468
3.330000 46.006780 46.467650 46.855387 46.816527 47.148505 47.462425
3.340000 46.137621 46.656726 47.011007 46.983073 47.303663 47.631052
3.350000 46.296204 46.815158 47.169216 47.156268 47.493446 47.807597
3.360000 46.486133 47.004726 47.352670 47.335916 47.682396 47.974098
3.370000 46.652309 47.205470 47.542926 47.528479 47.881197 48.226451
3.380000 46.801755 47.387013 47.711752 47.706998 48.054815 48.404862
3.390000 46.944977 47.557836 47.893910 47.884584 48.236676 48.571286
3.400000 47.148370 47.734693 48.081986 48.056443 48.419464 48.737558
3.410000 47.284245 47.901992 48.246234 48.229109 48.588755 48.878768
3.420000 47.593425 48.075343 48.437290 48.402662 48.761513 49.016196
3.430000 47.738380 48.247197 48.611335 48.571001 48.916141 49.154546
3.440000 47.904428 48.391389 48.776063 48.728176 49.061532 49.299601
3.450000 48.062991 48.565916 48.942014 48.882118 49.206547 49.429282
3.460000 48.231020 48.709318 49.087842 49.034242 49.342440 49.589126
3.470000 48.393888 48.870336 49.224310 49.180092 49.481604 49.766393
3.480000 48.550014 49.024464 49.355045 49.314266 49.602578 49.887159
3.490000 48.670242 49.149633 49.486030 49.444085 49.723090 50.008118
3.500000 48.844771 49.311763 49.626880 49.583531 49.857946 50.176133
3.510000 48.993190 49.430630 49.761062 49.721599 49.992205 50.327562
3.520000 49.147693 49.558600 49.893869 49.857944 50.119380 50.450968
3.530000 49.271467 49.698306 50.013366 49.995046 50.268125 50.603186
3.540000 49.418926 49.840355 50.142233 50.130648 50.419151 50.769128
3.550000 49.548576 49.986220 50.266385 50.260651 50.553675 50.903606
3.560000 49.682300 50.121945 50.380682 50.386464 50.690066 51.041165
3.570000 49.826546 50.248707 50.500628 50.511565 50.816691 51.161422
3.580000 49.949457 50.375675 50.632346 50.643492 50.952993 51.293651
3.600000 50.154594 50.615939 50.896061 50.896846 51.196974 51.547790
3.610000 50.296247 50.738571 51.031256 51.032462 51.324327 51.698625
3.620000 50.465116 50.886422 51.187044 51.184985 51.468565 51.856430
3.630000 50.607570 51.042207 51.336917 51.336196 51.611029 51.987734
3.640000 50.770366 51.203832 51.489100 51.486056 51.776436 52.163501
3.650000 50.896388 51.337912 51.637025 51.625148 51.918607 52.321299
3.660000 51.058825 51.481989 51.767578 51.763507 52.050079 52.431795
3.670000 51.219270 51.615563 51.902827 51.901733 52.175667 52.560393
3.680000 51.357463 51.768671 52.045686 52.045000 52.318353 52.682414
3.700000 51.646940 52.062083 52.322977 52.322999 52.591740 52.952384
3.710000 51.812965 52.208513 52.466794 52.467631 52.734871 53.041300
3.720000 51.971264 52.349455 52.604262 52.612078 52.880226 53.191646
3.730000 52.159080 52.490547 52.756001 52.754647 53.019396 53.320721
3.740000 52.286896 52.633823 52.898494 52.892712 53.148148 53.445518
3.750000 52.465893 52.781170 53.047497 53.032428 53.267982 53.563068
3.760000 52.582493 52.910588 53.187061 53.168455 53.399185 53.695076
3.770000 52.784860 53.044627 53.319296 53.302700 53.522783 53.817594
3.780000 52.918412 53.181773 53.456821 53.435128 53.645873 53.914498
3.800000 53.179588 53.450139 53.689475 53.680151 53.874807 54.227090
3.810000 53.312870 53.579219 53.817644 53.807304 53.988859 54.450983
3.820000 53.413666 53.708718 53.932932 53.931118 54.099016 54.681210
3.830000 53.516336 53.839527 54.050143 54.052884 54.220649 54.829805
3.840000 53.628964 53.957832 54.164964 54.171773 54.335140 54.946841
3.850000 53.753393 54.090892 54.273348 54.295068 54.460084 55.103786
3.860000 53.857514 54.218186 54.391189 54.416690 54.579504 55.244327
3.870000 53.967582 54.339666 54.505908 54.537183 54.710384 55.348980
3.880000 54.093621 54.460671 54.620832 54.656620 54.834497 55.508870
3.900000 54.363042 54.661717 54.838732 54.888113 55.065459 55.882589
3.910000 54.496374 54.776606 54.965368 55.015248 55.218387 56.055644
3.920000 54.619358 54.888893 55.090771 55.146884 55.373490 56.166512
3.930000 54.769094 55.017541 55.216631 55.288761 55.548215 56.278214
3.940000 54.896719 55.138892 55.366114 55.440076 55.737165 56.422430
3.950000 55.017693 55.258718 55.512937 55.590150 55.903853 56.589266
3.960000 55.135912 55.394514 55.671291 55.747752 56.114624 56.744820
3.970000 55.274593 55.519490 55.803502 55.904899 56.329755 56.918038
3.980000 55.393202 55.668701 55.979952 56.069265 56.528809 57.088608
4.000000 55.602804 55.940598 56.350184 56.435742 57.015696 57.479904
4.010000 55.759381 56.090859 56.528716 56.613003 57.214288 57.628097
4.020000 55.896625 56.257479 56.732117 56.791406 57.373260 57.760267
4.030000 56.089603 56.419530 56.933312 56.965740 57.536903 57.881836
4.040000 56.288227 56.601041 57.131726 57.145721 57.702338 58.013084
4.050000 56.438722 56.773352 57.312035 57.311571 57.847700 58.128555
4.060000 56.627008 56.948635 57.482980 57.474593 57.972286 58.237292
4.070000 56.791786 57.104247 57.653865 57.625946 58.092369 58.355848
4.080000 56.922659 57.250379 57.803832 57.769237 58.215615 58.467341
4.100000 57.201494 57.558246 58.104747 58.028567 58.422972 58.664309
4.110000 57.338492 57.705297 58.236964 58.159859 58.528645 58.777945
4.120000 57.495800 57.860031 58.365259 58.290266 58.625950 58.920883
4.130000 57.639771 58.007159 58.501487 58.421470 58.730872 59.015559
4.140000 57.817264 58.170656 58.618416 58.552503 58.827328 59.184427
4.150000 58.004119 58.316749 58.746369 58.683898 58.941250 59.468341
4.160000 58.120633 58.488473 58.858450 58.811345 59.034049 59.695659
4.170000 58.256165 58.635107 58.962618 58.929263 59.136112 59.966110
4.180000 58.396329 58.768330 59.068848 59.044619 59.235637 60.037742
4.190000 58.546781 58.906997 59.179235 59.160736 59.335503 60.144737
4.210000 58.879833 59.147372 59.373858 59.370975 59.508965 60.384181
4.220000 59.007666 59.282533 59.474570 59.482859 59.602147 60.727419
4.230000 59.154064 59.401145 59.575884 59.592060 59.702596 60.904294
4.240000 59.268933 59.525997 59.676071 59.699921 59.801854 61.123166
4.250000 59.397670 59.631161 59.775089 59.805676 59.899375 61.294329
4.260000 59.542374 59.732321 59.877921 59.911779 59.997318 61.469245
4.270000 59.674673 59.841535 59.972601 60.017991 60.103594 61.688946
4.280000 59.777092 59.938524 60.073673 60.121345 60.195310 61.812192
4.290000 59.886569 60.050809 60.177494 60.225397 60.298636 61.993795
4.300000 60.000015 60.158525 60.277918 60.331599 60.406277 62.127388
4.310000 60.109241 60.263301 60.374743 60.433310 60.506145 62.239965
4.320000 60.228506 60.355194 60.474598 60.536950 60.610946 62.366910
4.330000 60.335227 60.461449 60.570924 60.642229 60.722601 62.513213
4.340000 60.433739 60.564065 60.677533 60.750114 60.844110 62.682729
4.350000 60.539533 60.669558 60.787204 60.858247 60.954450 62.774506
4.360000 60.647942 60.771299 60.895713 60.966419 61.071814 62.901728
4.370000 60.761278 60.873086 61.003973 61.078373 61.180693 63.035752
4.380000 60.869561 60.975450 61.111878 61.188053 61.295712 63.158762
4.400000 61.049366 61.167308 61.315014 61.390350 61.519617 63.350084
4.410000 61.158319 61.277348 61.421588 61.500000 61.632555 63.439325
4.420000 61.255927 61.383720 61.536814 61.610425 61.744773 63.592828
4.430000 61.371501 61.502323 61.650725 61.727182 61.855005 63.757449
4.440000 61.474603 61.612003 61.770059 61.842054 61.966987 63.856823
4.450000 61.578126 61.726341 61.888751 61.957138 62.077896 63.984215
4.460000 61.685314 61.836346 61.998673 62.069349 62.192343 64.084350
4.470000 61.795603 61.942905 62.121260 62.181553 62.299784 64.162660
4.480000 61.895421 62.060573 62.238001 62.297384 62.419917 64.264669
4.490000 62.019878 62.166491 62.350542 62.410315 62.538799 64.400978
4.500000 62.133203 62.277674 62.464130 62.521911 62.644989 64.472380
4.510000 62.229628 62.386049 62.582797 62.635792 62.758769 64.607734
4.520000 62.353843 62.507187 62.691540 62.751672 62.874948 64.673878
4.530000 62.469098 62.631623 62.807535 62.867173 62.983610 64.768129
4.540000 62.578083 62.739924 62.927967 62.984895 63.110830 64.890775
4.550000 62.703170 62.854417 63.041893 63.103809 63.229799 64.985682
4.560000 62.830028 62.976793 63.153560 63.222541 63.361719 65.105070
4.570000 62.933228 63.094826 63.274847 63.342151 63.483077 65.166081
4.580000 63.049854 63.217199 63.387384 63.462713 63.620313 65.258412
4.590000 63.159624 63.329912 63.508458 63.586350 63.762114 65.367118
4.600000 63.273899 63.440515 63.626393 63.705549 63.904120 65.459596
4.610000 63.393522 63.560400 63.744585 63.834133 64.049148 65.589963
4.620000 63.522344 63.681025 63.865850 63.960144 64.186738 65.709127
4.630000 63.631398 63.792736 63.986020 64.082081 64.335361 65.785712
4.640000 63.742659 63.903651 64.108644 64.206390 64.460314 65.884791
4.650000 63.864738 64.024413 64.240415 64.334710 64.586058 65.968483
4.660000 63.982637 64.139860 64.374796 64.464527 64.718773 66.086395
4.670000 64.096329 64.263722 64.513673 64.592260 64.863419 66.186757
4.680000 64.200395 64.380466 64.638755 64.718953 65.003027 66.280447
4.690000 64.308605 64.503423 64.770384 64.851648 65.151132 66.357463
4.700000 64.433362 64.631403 64.912226 64.988912 65.302385 66.429458
4.710000 64.576405 64.754572 65.072526 65.130315 65.455080 66.523677
4.720000 64.677754 64.904044 65.218577 65.272508 65.606378 66.608928
4.730000 64.806406 65.049916 65.372517 65.413963 65.730802 66.726907
4.740000 64.948142 65.178061 65.533875 65.563497 65.865785 66.812267
4.750000 65.063046 65.328213 65.695223 65.711671 66.011621 66.905673
4.760000 65.190003 65.503581 65.853626 65.859745 66.143335 67.000577
4.770000 65.300435 65.642863 65.997496 66.003755 66.282388 67.100615
4.780000 65.445325 65.786448 66.123822 66.141438 66.424804 67.220304
4.790000 65.628645 65.949484 66.256078 66.280651 66.569262 67.301639
4.800000 65.777861 66.096376 66.386921 66.416630 66.700045 67.474195
4.810000 65.890078 66.242153 66.522480 66.550227 66.826248 67.556704
4.830000 66.167283 66.495636 66.759968 66.791868 67.058402 67.778984
4.840000 66.284426 66.619180 66.895289 66.922270 67.193521 67.866826
4.850000 66.409227 66.759099 67.031612 67.053898 67.323114 67.972233
4.860000 66.541313 66.884370 67.164192 67.182286 67.448125 68.142797
4.870000 66.682187 67.021451 67.301084 67.318012 67.580888 68.244901
4.880000 66.817493 67.137729 67.428116 67.450493 67.730164 68.354643
4.890000 66.992281 67.261673 67.557908 67.583698 67.860824 68.473152
4.900000 67.138632 67.392991 67.701365 67.721980 68.011602 68.634322
4.910000 67.251989 67.524936 67.841734 67.861507 68.165068 68.767507
4.920000 67.390732 67.655644 67.973568 67.998239 68.297189 68.888662
4.930000 67.514440 67.788723 68.127096 68.143296 68.443295 69.011354
4.940000 67.651313 67.932697 68.292409 68.290885 68.590421 69.120329
4.950000 67.787383 68.073091 68.437208 68.435061 68.747782 69.219477
4.960000 67.916932 68.240559 68.588432 68.584971 68.892383 69.320495
4.970000 68.065544 68.381967 68.748119 68.734571 69.042741 69.456801
4.980000 68.183512 68.527841 68.898282 68.877404 69.173606 69.569011
5.000000 68.403959 68.810015 69.158214 69.138649 69.414405 69.775772
5.010000 68.539747 68.970040 69.302996 69.276555 69.545406 69.860579
5.020000 68.666131 69.130814 69.439006 69.413087 69.687893 69.978835
5.030000 68.776076 69.275197 69.564460 69.547923 69.816836 70.074484
5.040000 68.932142 69.420556 69.699173 69.681284 69.942442 70.213825
5.050000 69.062080 69.553204 69.829443 69.809058 70.060052 70.335561
5.060000 69.196283 69.684417 69.960969 69.935215 70.172817 70.511549
5.070000 69.323793 69.812236 70.079868 70.061382 70.299431 70.633460
5.080000 69.445750 69.953827 70.200409 70.188028 70.422306 70.747559
5.090000 69.591432 70.084620 70.324001 70.310423 70.529859 70.922571
5.100000 69.729542 70.207302 70.444902 70.435344 70.645698 71.041554
5.110000 69.879718 70.330383 70.565051 70.553828 70.762828 71.178759
5.120000 70.027322 70.446300 70.691387 70.676421 70.871047 71.332521
5.130000 70.188262 70.576884 70.812043 70.800477 70.992402 71.482875
5.140000 70.319473 70.702981 70.922769 70.927712 71.123809 71.613370
5.150000 70.489237 70.826248 71.044990 71.057192 71.242197 71.762258
5.160000 70.626049 70.956358 71.166000 71.188625 71.387794 71.942226
5.170000 70.759813 71.081211 71.283584 71.322586 71.523208 72.124366
5.180000 70.943611 71.206504 71.408455 71.460189 71.694239 72.261834
5.190000 71.103163 71.340748 71.539019 71.608579 71.860735 72.505446
5.200000 71.254745 71.477912 71.669556 71.754633 72.024606 72.745529
5.210000 71.405805 71.593320 71.807034 71.901730 72.228158 72.942259
5.220000 71.544311 71.714659 71.944025 72.049795 72.420730 73.095922
5.230000 71.659730 71.842321 72.087516 72.200543 72.619417 73.206833
5.240000 71.785153 71.959765 72.234427 72.347574 72.801730 73.320927
5.250000 71.904413 72.072288 72.397774 72.499710 72.997236 73.501815
5.260000 72.011092 72.188108 72.548608 72.655564 73.184730 73.670859
5.270000 72.135410 72.324649 72.712593 72.815439 73.348250 73.804137
5.280000 72.253025 72.460123 72.927562 72.985200 73.525983 74.043878
5.300000 72.481934 72.727290 73.300018 73.320023 73.868691 74.444936
5.310000 72.606458 72.874237 73.475758 73.490496 74.049445 74.575058
5.320000 72.754582 73.049446 73.653389 73.667164 74.235544 74.810138
5.330000 72.900973 73.216813 73.851985 73.849503 74.416884 74.983337
5.340000 73.057519 73.409302 74.049128 74.044376 74.614614 75.199694
5.350000 73.175904 73.608892 74.255327 74.247407 74.825195 75.395124
5.360000 73.354369 73.796532 74.483070 74.466077 75.075322 75.700811
5.370000 73.517434 73.997855 74.703908 74.687100 75.327196 75.955358
5.380000 73.660808 74.184630 74.933379 74.898877 75.521453 76.155293
5.400000 73.953367 74.687496 75.447004 75.364716 75.969112 76.637760
5.410000 74.127107 74.867196 75.642723 75.561936 76.157677 76.938819
5.420000 74.269858 75.065308 75.833131 75.749543 76.336602 77.072657
5.430000 74.417993 75.287234 76.016178 75.943942 76.546056 77.324774
5.440000 74.531737 75.449192 76.204316 76.130067 76.733548 77.503906
5.450000 74.682094 75.628855 76.357372 76.304629 76.971030 77.701171
5.460000 74.881890 75.800540 76.521151 76.477736 77.178960 77.893075
5.470000 75.078119 76.022022 76.664497 76.651907 77.356496 78.064633
5.480000 75.266461 76.238371 76.816748 76.825570 77.520839 78.249953
5.490000 75.433714 76.440104 76.962451 77.004266 77.734715 78.477558
5.500000 75.592362 76.620599 77.108124 77.185753 77.965514 78.649352
5.510000 75.822034 76.782979 77.255757 77.362614 78.184765 78.843996
5.520000 76.030993 76.931269 77.410512 77.545498 78.407928 79.011742
5.530000 76.204734 77.093364 77.565638 77.724916 78.640150 79.194219
5.540000 76.413791 77.247151 77.732360 77.903176 78.860520 79.390030
5.550000 76.638337 77.395873 77.922471 78.078892 79.072382 79.515789
5.560000 76.805197 77.532178 78.097664 78.255634 79.235482 79.690265
5.570000 76.981199 77.667399 78.319222 78.436166 79.426080 79.860513
5.580000 77.134389 77.806098 78.539863 78.625973 79.627996 80.043376
5.600000 77.630700 78.110624 79.013963 79.034047 80.001899 80.376165
5.610000 77.856343 78.266476 79.194989 79.217064 80.193348 80.591259
5.620000 78.016502 78.425323 79.419827 79.403875 80.349830 80.754102
5.630000 78.152874 78.593439 79.623863 79.596389 80.522614 80.926980
5.640000 78.363208 78.820108 79.829586 79.795894 80.689611 81.066855
5.650000 78.566157 79.066400 80.076521 80.005712 80.854226 81.262306
5.660000 78.702316 79.314434 80.305580 80.205858 81.046879 81.399229
5.670000 78.912995 79.527464 80.513547 80.403713 81.213515 81.529452
5.680000 79.107580 79.755240 80.703710 80.591937 81.373686 81.691943
5.690000 79.313092 79.961321 80.872005 80.770137 81.537580 81.881997
5.700000 79.492400 80.126833 81.049433 80.932853 81.688857 82.044415
5.710000 79.658556 80.302120 81.209318 81.102836 81.828025 82.191975
5.720000 79.893136 80.497141 81.372974 81.273535 81.959678 82.355350
5.730000 80.096846 80.694130 81.518252 81.438441 82.121006 82.532417
5.750000 80.580920 81.130100 81.838477 81.783132 82.373419 82.830444
5.760000 80.790218 81.356672 81.997460 81.955303 82.503820 82.988209
5.770000 80.990429 81.564668 82.178350 82.126080 82.633133 83.167679
5.780000 81.196141 81.757773 82.327654 82.289674 82.775973 83.323822
5.790000 81.365489 81.942850 82.507403 82.459463 82.900396 83.436900
5.800000 81.577567 82.137323 82.654649 82.617170 83.047640 83.589673
5.820000 82.011564 82.472675 82.954038 82.916740 83.311559 83.840390
5.830000 82.165744 82.629425 83.097737 83.070463 83.472129 83.986290
5.840000 82.345615 82.778079 83.233481 83.229613 83.693364 84.185876
5.850000 82.548179 82.925444 83.373571 83.383928 83.848454 84.355660
5.860000 82.718432 83.096770 83.526754 83.542421 84.011666 84.523351
5.870000 82.884931 83.263207 83.665831 83.702607 84.202073 84.677354
5.880000 83.040445 83.418823 83.824606 83.869019 84.373208 84.849196
5.890000 83.184694 83.589811 83.987501 84.037815 84.562662 85.030728
5.900000 83.329171 83.752044 84.165414 84.209782 84.716315 85.213175
5.910000 83.495631 83.904544 84.384603 84.394554 84.894450 85.397339
5.920000 83.674183 84.060907 84.578028 84.575920 85.085564 85.588105
5.930000 83.847331 84.226113 84.761203 84.761318 85.261117 85.785249
5.940000 84.039324 84.395784 84.937795 84.943750 85.449637 86.076683
5.950000 84.186167 84.555018 85.133987 85.143730 85.669398 86.303970
5.960000 84.352439 84.773866 85.354009 85.367234 85.902618 86.666898
5.970000 84.554345 85.038252 85.590004 85.596580 86.157143 86.926259
5.980000 84.740827 85.244687 85.792697 85.830107 86.393289 87.124539
6.000000 85.260234 85.690159 86.221042 86.388030 87.200039 88.259460
6.010000 85.464222 85.897095 86.428471 86.619947 87.471495 88.553180
6.020000 85.677479 86.103245 86.641136 86.843476 87.746257 88.805590
6.030000 85.856450 86.339664 86.866795 87.074710 88.034593 88.983522
6.040000 86.076440 86.554078 87.105608 87.308470 88.300363 89.227185
6.050000 86.277030 86.763359 87.338366 87.536829 88.499072 89.414671
6.060000 86.461613 86.968540 87.579510 87.768868 88.770863 89.635920
6.070000 86.690224 87.196779 87.813201 88.016773 89.037104 89.839269
6.090000 87.168276 87.680868 88.573936 88.604499 89.563822 90.203309
6.100000 87.368547 87.942820 88.834600 88.842036 89.797267 90.396293
6.110000 87.581990 88.175065 89.075218 89.067170 90.008006 90.542671
6.120000 87.790684 88.391431 89.306935 89.293672 90.213816 90.697455
6.130000 88.029419 88.603209 89.576461 89.520108 90.404028 90.928183
6.140000 88.251685 88.780155 89.823995 89.741580 90.592293 91.061974
6.150000 88.469537 88.999322 90.068693 89.963906 90.749261 91.364944
6.160000 88.641465 89.228330 90.300464 90.178503 90.923882 91.549051
6.170000 88.849742 89.460597 90.535747 90.393162 91.092427 91.721836
6.180000 89.017147 89.661529 90.771993 90.601312 91.253698 91.985116
6.190000 89.223078 89.842919 90.974980 90.799468 91.411678 92.178227
6.200000 89.421765 90.090800 91.160403 90.996679 91.567640 92.378750
6.210000 89.593651 90.336009 91.348515 91.195724 91.749796 92.534222
6.220000 89.757304 90.532520 91.520907 91.374828 91.912119 92.781938
6.230000 89.902459 90.688785 91.697684 91.556462 92.095494 92.914659
6.240000 90.083151 90.866064 91.855633 91.735124 92.288647 93.028375
6.250000 90.283691 91.137485 92.020098 91.915793 92.495036 93.145105
6.260000 90.505883 91.378027 92.173349 92.098828 92.703740 93.298810
6.270000 90.689699 91.617394 92.342933 92.277896 92.902075 93.445175
6.280000 90.953004 91.820357 92.507439 92.456013 93.128174 93.563966
6.290000 91.167412 92.055132 92.694365 92.646398 93.315385 93.766551
6.300000 91.371275 92.256032 92.854509 92.827577 93.496043 93.934268
6.310000 91.626285 92.467804 93.036772 93.015704 93.666054 94.099443
6.320000 91.834926 92.681270 93.229538 93.202591 93.842683 94.269901
6.330000 92.085101 92.854640 93.434028 93.395946 94.003259 94.449482
6.340000 92.312801 93.046816 93.618943 93.601310 94.192734 94.630642
6.350000 92.563515 93.277855 93.846638 93.821341 94.406381 94.857781
6.360000 92.807623 93.511230 94.073163 94.049451 94.620107 95.059315
6.370000 93.161584 93.744890 94.277265 94.278732 94.834679 95.373311
6.380000 93.394935 93.990078 94.502262 94.515676 95.049335 95.600303
6.400000 94.060270 94.556102 95.031380 95.065207 95.600695 96.137638
6.410000 94.330288 94.763751 95.235209 95.276986 95.827479 96.404504
6.420000 94.529928 94.936322 95.419371 95.462286 96.002696 96.599118
6.430000 94.758243 95.139810 95.615819 95.658499 96.197740 96.825184
6.440000 94.955205 95.322760 95.815751 95.846660 96.386493 96.969216
6.450000 95.127012 95.498156 96.010854 96.034110 96.553640 97.210126
6.460000 95.314200 95.642489 96.186080 96.209647 96.734815 97.421994
6.470000 95.467194 95.829989 96.381618 96.406216 96.915142 97.626167
6.480000 95.602256 96.026393 96.623275 96.619074 97.146762 97.812978
6.490000 95.764125 96.210109 96.851523 96.824794 97.375544 98.006497
6.500000 95.963668 96.417528 97.045799 97.033960 97.576585 98.255612
6.510000 96.154545 96.593082 97.262548 97.237166 97.788921 98.421653
6.520000 96.332198 96.767937 97.479084 97.434560 97.997501 98.601305
6.530000 96.463524 96.932112 97.676101 97.633079 98.213153 98.863480
6.540000 96.633331 97.152659 97.876048 97.841327 98.433756 99.039402
6.550000 96.789353 97.381581 98.085544 98.043775 98.661521 99.254201
6.560000 96.966798 97.561121 98.288700 98.241327 98.868208 99.404468
6.570000 97.167229 97.749897 98.513383 98.441415 99.073327 99.585544
6.580000 97.354423 97.915403 98.705431 98.629984 99.258980 99.734790
6.590000 97.536029 98.099470 98.906222 98.817932 99.417286 99.916504
6.600000 97.766748 98.300714 99.107971 98.999713 99.587315 100.105517
6.610000 97.932989 98.458961 99.300378 99.174256 99.750968 100.282163
6.620000 98.123008 98.630310 99.487869 99.355504 99.914417 100.451858
6.630000 98.355169 98.827298 99.667761 99.530729 100.071862 100.589952
6.640000 98.519703 99.025299 99.817224 99.712917 100.257449 100.726394
6.650000 98.725686 99.245396 99.975147 99.891735 100.427840 100.902932
6.660000 98.905952 99.428610 100.121881 100.061017 100.601539 101.063604
6.670000 99.073236 99.616069 100.293001 100.224474 100.746576 101.223841
6.680000 99.255964 99.784851 100.457679 100.400696 100.933397 101.386101
6.690000 99.406523 99.970473 100.661003 100.591397 101.113439 101.547924
6.700000 99.609463 100.150446 100.855162 100.788265 101.351823 101.782501
6.710000 99.780185 100.343049 101.053127 100.986100 101.556358 102.015785
6.720000 99.989344 100.531768 101.244195 101.187184 101.739426 102.189832
6.730000 100.165634 100.785215 101.472662 101.410929 101.967697 102.414565
6.740000 100.347984 100.977215 101.689130 101.622009 102.185037 102.667760
6.750000 100.510202 101.197910 101.889304 101.831839 102.404373 102.954515
6.760000 100.704008 101.437304 102.077325 102.037996 102.624628 103.154349
6.770000 100.908164 101.641915 102.269212 102.243432 102.821615 103.381525
6.780000 101.122894 101.877310 102.490994 102.460636 103.009765 103.585898
6.800000 101.606805 102.296671 102.906873 102.907866 103.518934 104.268621
6.810000 101.813094 102.467850 103.106822 103.108697 103.710794 104.549682
6.820000 101.958563 102.677096 103.318656 103.307539 103.912006 104.725733
6.830000 102.130095 102.847282 103.505996 103.500719 104.135918 104.962310
6.840000 102.411379 103.069572 103.723932 103.708414 104.314582 105.165160
6.850000 102.560369 103.297533 103.948486 103.919497 104.512371 105.387622
6.870000 103.042514 103.736363 104.412443 104.427360 105.107883 106.120676
6.880000 103.224582 103.935364 104.635131 104.652527 105.345406 106.291114
6.890000 103.475441 104.166916 104.839446 104.868516 105.613801 106.482353
6.900000 103.618922 104.375557 105.032141 105.075325 105.803972 106.691858
6.910000 103.818211 104.621425 105.243464 105.287622 106.033387 106.910505
6.920000 103.996997 104.814088 105.428490 105.496284 106.252018 107.146386
6.930000 104.296577 105.015846 105.642915 105.718756 106.494369 107.333345
6.940000 104.570629 105.220465 105.876998 105.951162 106.744099 107.659833
6.950000 104.780144 105.425946 106.054075 106.159684 106.961810 107.876413
6.960000 104.988978 105.613881 106.282677 106.376045 107.190542 108.074815
6.970000 105.202100 105.838544 106.493613 106.582727 107.448529 108.245981
6.980000 105.401340 106.039132 106.705755 106.798097 107.641127 108.536619
6.990000 105.643988 106.259020 106.935477 107.019214 107.888658 108.747625
7.000000 105.829218 106.456758 107.119855 107.234750 108.092738 108.977358
7.010000 106.009043 106.691701 107.368468 107.464555 108.348261 109.195067
7.020000 106.264297 106.913400 107.605305 107.691694 108.584775 109.351170
7.030000 106.442135 107.165778 107.827331 107.919403 108.829792 109.571180
7.040000 106.676657 107.403353 108.073366 108.155788 109.043797 109.835956
7.050000 106.980142 107.639839 108.294537 108.386329 109.246188 110.030678
7.060000 107.150439 107.864697 108.535153 108.616252 109.467801 110.280902
7.070000 107.396041 108.060705 108.751793 108.838738 109.687304 110.518975
7.080000 107.673384 108.299367 108.996356 109.078305 109.962167 110.673454
7.100000 108.173031 108.885969 109.662899 109.695412 110.503917 111.374308
7.110000 108.384935 109.082084 109.899030 109.936245 110.753290 111.573738
7.120000 108.687793 109.313646 110.145803 110.170193 110.997247 111.822977
7.130000 108.926629 109.552605 110.396467 110.408984 111.259590 111.987994
7.140000 109.185086 109.803022 110.674027 110.657441 111.489245 112.226598
7.150000 109.386111 110.010814 110.919149 110.896895 111.738680 112.494872
7.160000 109.597972 110.268652 111.169820 111.148236 111.989103 112.723825
7.170000 109.822046 110.538640 111.435437 111.407279 112.251689 112.974660
7.180000 110.043373 110.830072 111.729641 111.676867 112.503080 113.213652
7.200000 110.859813 111.816107 112.579051 112.551033 113.284177 113.800509
7.210000 111.147917 112.148937 112.887779 112.837429 113.556461 114.023926
7.220000 111.416363 112.426591 113.186880 113.109443 113.805978 114.266556
7.230000 111.816371 112.735636 113.468912 113.382437 114.021500 114.511487
7.240000 112.146062 113.025804 113.689341 113.641455 114.268728 114.768917
7.250000 112.449569 113.284895 113.984133 113.907846 114.509780 115.056647
7.260000 112.772677 113.544135 114.242319 114.173156 114.762451 115.331370
7.270000 113.141883 113.843296 114.467961 114.432067 115.055255 115.559245
7.280000 113.408080 114.092499 114.731615 114.692450 115.284294 115.856765
7.290000 113.680871 114.347787 114.992664 114.957909 115.575751 116.095926
7.300000 113.900336 114.646770 115.244231 115.214447 115.821220 116.376645
7.310000 114.111139 114.892838 115.480980 115.480278 116.120512 116.651481
7.320000 114.393958 115.114073 115.741509 115.726965 116.371186 116.926539
7.330000 114.620691 115.359804 115.984784 115.981329 116.630933 117.240261
7.360000 115.908890 116.547972 117.316092 117.316867 118.091175 118.744372
7.370000 116.103772 116.798791 117.600294 117.574274 118.346040 118.991081
7.380000 116.333572 117.053236 117.840561 117.822659 118.617944 119.192273
7.400000 116.986916 117.744347 118.623759 118.561801 119.326647 119.880377
7.410000 117.218476 117.983565 118.911641 118.839986 119.608568 120.176369
7.420000 117.409033 118.193993 119.189426 119.089438 119.887079 120.453747
7.430000 117.581772 118.376573 119.408677 119.310262 120.115064 120.712304
7.460000 118.061675 119.032286 120.078913 119.940871 120.737876 121.370667
7.470000 118.203557 119.208578 120.245105 120.124042 120.978413 121.556370
7.480000 118.375862 119.422156 120.424644 120.309026 121.147747 121.700112
7.490000 118.622280 119.604814 120.656437 120.521822 121.354027 121.932217
7.540000 120.705385 121.498612 122.086711 122.071985 122.687178 123.170199
7.550000 120.949893 121.686113 122.278977 122.273331 122.894320 123.329103
7.560000 121.104831 121.864177 122.452708 122.448477 123.059936 123.513421
7.570000 121.337260 122.040341 122.616214 122.611109 123.194531 123.660078
7.580000 121.540932 122.226394 122.777799 122.761447 123.347822 123.791414
7.590000 121.741584 122.402153 122.929424 122.913654 123.481020 123.927959
7.620000 122.228885 122.787544 123.350930 123.316987 123.849955 124.251446
7.640000 122.523073 123.030467 123.603398 123.587226 124.122626 124.500305
7.650000 122.679144 123.197627 123.740617 123.728206 124.261858 124.619333
7.660000 122.864215 123.339536 123.881602 123.875362 124.408546 124.770344
7.670000 123.044503 123.516932 124.040819 124.028812 124.554391 124.923526
7.680000 123.192549 123.666087 124.198129 124.178215 124.687763 125.057506
7.690000 123.390732 123.833529 124.354026 124.334260 124.823121 125.196756
7.710000 123.618970 124.183872 124.660557 124.645991 125.100847 125.518211
7.720000 123.742262 124.365103 124.840075 124.811483 125.260088 125.691201
7.730000 123.911310 124.534196 125.010563 124.980236 125.399361 125.855624
7.740000 124.094858 124.740399 125.212044 125.169778 125.605100 126.014573
7.760000 124.595826 125.173419 125.602767 125.585745 126.004983 126.390318
7.770000 124.834478 125.397144 125.801486 125.791784 126.193560 126.562278
7.780000 125.055805 125.584285 125.983706 125.977309 126.383579 126.752963
7.790000 125.313075 125.768080 126.167145 126.154139 126.550909 126.922400
7.800000 125.472197 125.924089 126.330732 126.318394 126.709570 127.060697
7.810000 125.639430 126.090997 126.509106 126.483321 126.865806 127.252419
7.820000 125.817062 126.261184 126.666125 126.646890 127.028685 127.391402
7.830000 125.991833 126.419671 126.841876 126.813107 127.178450 127.536592
7.840000 126.175907 126.594205 127.009778 126.980358 127.345351 127.692364
7.850000 126.398679 126.784346 127.181937 127.154690 127.533583 127.847550
7.860000 126.584336 126.962458 127.353459 127.342689 127.716139 128.048919
7.870000 126.770354 127.165231 127.569190 127.555256 127.925665 128.282378
7.880000 126.984679 127.376146 127.795262 127.781269 128.167274 128.545113
7.890000 127.228520 127.611487 128.026439 128.018001 128.409297 128.799359
7.900000 127.444387 127.852867 128.249687 128.245543 128.649208 129.008879
7.910000 127.677123 128.085728 128.466464 128.468471 128.866700 129.202101
7.920000 127.856499 128.298575 128.702840 128.700171 129.106417 129.499325
7.930000 128.082553 128.554543 128.968086 128.960257 129.370548 129.809734
7.940000 128.483047 128.865188 129.261097 129.272794 129.683636 130.132714
7.950000 128.779725 129.201816 129.601053 129.621748 130.056291 130.487765
7.960000 129.116656 129.486825 129.891484 129.919401 130.357711 130.773846
7.970000 129.388950 129.778344 130.220532 130.228748 130.683441 131.122259
7.980000 129.694916 130.100204 130.553860 130.571697 131.051014 131.570861
8.000000 130.761800 131.224118 131.779392 131.759730 132.248524 132.793136
8.010000 131.031285 131.568720 132.093110 132.078184 132.553912 133.081036
8.020000 131.430884 131.940127 132.419628 132.400000 132.858934 133.344901
8.030000 131.698041 132.223385 132.699840 132.688621 133.152389 133.613989
8.040000 132.019511 132.481524 132.957751 132.949610 133.396877 133.843456
8.050000 132.302863 132.737467 133.213991 133.211225 133.670669 134.045792
8.060000 132.577967 133.026198 133.486182 133.491362 133.929469 134.430610
8.070000 132.849172 133.313009 133.760795 133.759930 134.202556 134.697386
8.080000 133.110676 133.547097 133.995077 133.997902 134.467337 134.923783
8.090000 133.327960 133.773866 134.210815 134.214134 134.689434 135.097272
8.100000 133.566837 133.988340 134.420809 134.429392 134.882377 135.298342
8.110000 133.795766 134.207487 134.637591 134.649595 135.116825 135.480059
8.120000 134.015947 134.427242 134.903993 134.891923 135.354998 135.696356
8.140000 134.597813 134.951619 135.443299 135.433494 135.851124 136.312156
8.150000 134.793751 135.187194 135.698590 135.668461 136.085064 136.503950
8.160000 134.978152 135.452349 135.903842 135.876401 136.271995 136.689441
8.170000 135.163384 135.649346 136.088806 136.072184 136.476959 136.861530
8.180000 135.331592 135.839564 136.271452 136.254541 136.648529 137.062503
8.190000 135.521582 136.014003 136.447631 136.431386 136.817198 137.249632
8.200000 135.678799 136.204828 136.612345 136.606390 136.986646 137.496290
8.210000 135.904570 136.368454 136.797391 136.778146 137.168159 137.635425
8.220000 136.059897 136.529516 136.965339 136.949694 137.342543 137.824210
8.230000 136.227418 136.715073 137.119308 137.115917 137.495307 137.982556
8.240000 136.415779 136.875571 137.284918 137.284383 137.670907 138.204192
8.250000 136.603245 137.060223 137.458583 137.462926 137.853734 138.346825
8.260000 136.785068 137.226416 137.631848 137.635517 138.014288 138.582992
8.270000 136.946904 137.416515 137.801796 137.811543 138.199899 138.715600
8.280000 137.095096 137.607148 137.994053 137.988914 138.379297 138.908632
8.290000 137.238991 137.779507 138.177735 138.170042 138.561046 139.024288
8.300000 137.390588 137.965135 138.372960 138.352266 138.746946 139.145720
8.310000 137.545683 138.142332 138.561628 138.530581 138.916922 139.287691
8.320000 137.705125 138.297366 138.750671 138.704951 139.088327 139.454210
8.330000 137.821058 138.490600 138.925642 138.868718 139.224761 139.584562
8.340000 137.975186 138.664363 139.085433 139.024736 139.371933 139.746588
8.350000 138.189763 138.839548 139.250941 139.182698 139.510798 139.906149
8.360000 138.319147 139.013496 139.400493 139.332874 139.640671 140.046557
8.370000 138.467131 139.186478 139.531679 139.478866 139.778614 140.169700
8.380000 138.648936 139.315861 139.663255 139.615818 139.910003 140.298595
8.400000 138.988063 139.608757 139.901057 139.875776 140.137814 140.585159
8.410000 139.166901 139.766755 140.021970 140.011166 140.270840 140.741357
8.420000 139.300418 139.912161 140.149752 140.149843 140.425914 140.912226
8.430000 139.467256 140.051129 140.276915 140.284519 140.586389 141.022874
8.440000 139.606905 140.184183 140.395055 140.420358 140.735950 141.151495
8.450000 139.793913 140.302043 140.528768 140.568327 140.895731 141.358309
8.460000 139.981185 140.430093 140.668544 140.724594 141.076213 141.530586
8.470000 140.132840 140.557723 140.828177 140.883978 141.250815 141.764551
8.480000 140.276933 140.702833 141.003315 141.046168 141.422009 141.943315
8.500000 140.596188 140.947623 141.325224 141.392698 141.842730 142.527264
8.600000 141.597749 142.107492 142.909517 143.225748 144.340291 146.440074
8.700000 142.573890 143.342111 144.817671 145.150360 147.001441 149.865196
8.800000 143.737392 144.819471 146.780321 147.081948 149.341427 152.445394
8.900000 144.922086 146.314596 148.795858 149.019418 151.574502 155.590433
9.000000 146.194059 148.149815 150.701984 151.087997 154.030587 158.989267
9.100000 147.556091 149.985241 152.598661 153.081799 156.243875 161.104331
9.200000 148.862403 151.557847 154.560504 155.106571 158.915633 163.429398
9.300000 150.522052 153.218231 156.427801 157.102984 161.499856 165.143852
9.400000 152.202567 155.040943 158.584319 159.094538 163.711852 166.981252
9.500000 154.246133 157.119182 160.791926 161.176895 165.683514 168.553828
9.600000 156.501715 159.490831 163.172528 163.296492 167.737410 169.910009
9.700000 158.601300 161.960728 165.571330 165.621377 169.611812 171.433916
9.800000 161.420463 164.620512 168.183297 167.962736 171.227328 173.561201
9.900000 163.832918 167.294844 170.684967 170.316171 173.020775 176.459719
10.000000 166.587592 170.150610 172.522284 172.520685 174.811728 178.385170
10.100000 169.747760 172.471672 174.253601 174.508139 176.695287 180.648858
10.200000 172.246583 173.961033 175.833339 176.222869 178.731511 182.796699
10.300000 173.693239 175.358446 177.484911 178.051099 181.093992 184.728378
10.400000 175.084212 176.812972 179.723727 180.044442 183.443051 186.629625
10.500000 176.522542 178.486243 182.042145 182.101921 185.678511 188.067276
10.600000 178.026978 180.915122 184.600839 184.339928 187.729328 189.376041
10.700000 180.047889 183.980816 187.209366 186.779899 189.553108 190.781096
10.800000 183.615130 187.147046 189.639454 189.182454 191.170422 192.236917
10.900000 187.955989 190.160305 191.687019 191.461176 192.774047 193.694953
11.000000 190.715969 192.149401 193.221796 193.161714 194.157600 195.226704
11.100000 192.502453 193.505174 194.482597 194.460266 195.411674 196.324646
11.200000 193.844507 194.638512 195.582607 195.584786 196.527984 197.411822
11.300000 194.925649 195.743261 196.642756 196.640837 197.556907 198.486945
11.400000 196.020950 196.805484 197.658330 197.671902 198.539583 199.478136
11.500000 197.174623 197.964892 198.777197 198.821421 199.695333 200.512549
