depth(m) lower_95(kyr) lower_68(kyr) median(kyr) mean(kyr) upper_68(kyr) upper_95(kyr)
2.875000 95.740990 96.660501 97.556233 97.649717 98.658528 99.866552
2.885000 96.035777 96.942165 97.827944 97.917125 98.916280 100.083617
2.895000 96.298721 97.246793 98.128616 98.190160 99.194892 100.318153
2.905000 96.571682 97.566575 98.391850 98.472150 99.454254 100.584059
2.915000 96.885993 97.887214 98.675354 98.749828 99.753164 100.830913
2.925000 97.255390 98.176065 98.944887 99.024772 100.007487 101.042862
2.935000 97.594635 98.471401 99.241382 99.301519 100.253407 101.228952
2.945000 97.859466 98.746719 99.504161 99.576715 100.521156 101.525267
2.955000 98.114822 99.039687 99.792602 99.860271 100.803025 101.699111
2.965000 98.506054 99.329098 100.061370 100.149522 101.046943 101.941604
2.975000 98.742041 99.633739 100.386711 100.449134 101.309620 102.230851
2.985000 99.131895 99.905995 100.672845 100.739725 101.604952 102.535823
2.995000 99.468819 100.208114 100.993325 101.048936 101.953270 102.753640
3.005000 99.668359 100.512767 101.351016 101.350188 102.222609 103.018666
3.015000 99.990011 100.823908 101.682671 101.666233 102.558727 103.342656
3.025000 100.298933 101.124616 101.999086 101.974778 102.825954 103.558415
3.035000 100.670345 101.420904 102.312843 102.289410 103.153876 103.804970
3.045000 100.930166 101.730634 102.617563 102.607483 103.473825 104.087220
3.055000 101.175460 102.051633 102.930007 102.918419 103.780514 104.475245
3.065000 101.457053 102.358445 103.293855 103.243482 104.088945 104.759665
3.075000 101.728696 102.745203 103.611507 103.584524 104.418324 105.080132
3.085000 102.116812 103.064917 103.945241 103.906511 104.709245 105.410372
3.095000 102.459122 103.363258 104.291914 104.229519 105.056322 105.775620
3.105000 102.769603 103.737652 104.662493 104.569175 105.386115 106.039016
3.115000 102.988995 104.036025 105.000569 104.903756 105.704156 106.457167
3.125000 103.234822 104.413997 105.335744 105.243908 106.031662 106.892013
3.135000 103.544789 104.719497 105.694748 105.582316 106.336532 107.156498
3.145000 103.820266 105.081100 106.019371 105.924423 106.664692 107.588307
3.155000 104.106367 105.421281 106.344777 106.255438 107.032183 107.949633
3.165000 104.451180 105.807823 106.649513 106.593595 107.431146 108.341575
3.175000 104.855156 106.142566 106.933710 106.935985 107.838540 108.743845
3.185000 105.260438 106.470813 107.239285 107.285453 108.210851 109.346542
3.195000 105.630453 106.783120 107.553485 107.643886 108.577361 109.772361
3.205000 106.052266 107.115336 107.898924 108.007046 108.977961 110.359109
3.215000 106.557832 107.477685 108.252110 108.384367 109.420640 110.840051
3.225000 106.867211 107.804389 108.624593 108.765169 109.822419 111.279397
3.235000 107.166699 108.168948 109.035516 109.172810 110.261798 111.751798
3.245000 107.614336 108.522274 109.491438 109.601414 110.772060 112.162839
3.255000 107.997619 108.946614 109.904177 110.040069 111.230164 112.475688
3.265000 108.514440 109.362984 110.370715 110.491976 111.710296 112.764930
3.275000 108.956410 109.813025 110.915504 110.959537 112.147735 113.067784
3.285000 109.307206 110.301829 111.410638 111.402363 112.504462 113.359214
3.295000 109.845847 110.844971 111.912020 111.850557 112.842935 113.667624
3.305000 110.297619 111.323909 112.404807 112.283572 113.161897 113.857963
3.315000 110.849800 111.818637 112.781269 112.693963 113.492881 114.118753
3.325000 111.541645 112.306627 113.181355 113.096038 113.833645 114.401937
3.335000 112.060387 112.844647 113.579176 113.519123 114.213896 114.727082
3.345000 112.578103 113.342419 113.956624 113.936681 114.568934 115.068772
3.355000 113.127363 113.781297 114.336201 114.340806 114.918074 115.417626
3.365000 113.691341 114.202286 114.713831 114.711024 115.223894 115.758693
3.375000 114.106532 114.572900 115.099524 115.094179 115.609756 116.066244
3.385000 114.510944 114.951302 115.475188 115.489745 116.030101 116.522944
3.395000 114.872786 115.312073 115.850260 115.865941 116.406915 116.992419
3.405000 115.202134 115.697008 116.253224 116.254932 116.803657 117.399109
3.415000 115.627442 116.110556 116.662406 116.670588 117.236688 117.821886
3.425000 116.038571 116.478430 117.068450 117.071417 117.641881 118.160735
3.435000 116.268529 116.810574 117.450067 117.419017 117.999151 118.508501
3.445000 116.610083 117.149719 117.812310 117.759443 118.335767 118.769619
3.455000 116.937214 117.534129 118.135203 118.093913 118.636646 119.052243
3.465000 117.310296 117.912865 118.464058 118.434917 118.966852 119.333969
3.475000 117.651578 118.274326 118.802733 118.768681 119.276959 119.629353
3.485000 118.068788 118.607848 119.123413 119.093043 119.564144 119.948446
3.495000 118.436678 118.995673 119.472681 119.439108 119.876378 120.236608
3.505000 118.751309 119.327275 119.782086 119.752915 120.176601 120.552184
3.515000 119.141153 119.657588 120.072634 120.047029 120.449261 120.792587
3.525000 119.453341 119.923334 120.338889 120.318589 120.704356 121.046443
3.535000 119.773539 120.191612 120.602555 120.578072 120.945066 121.257833
3.545000 120.045660 120.461565 120.853139 120.834663 121.205551 121.544553
3.555000 120.326332 120.731032 121.088254 121.076062 121.424748 121.775332
3.565000 120.590951 120.966890 121.317489 121.305445 121.650690 121.972232
3.575000 120.790969 121.202769 121.537178 121.524876 121.849018 122.204190
3.585000 120.995607 121.420268 121.742181 121.736474 122.057747 122.400450
3.595000 121.220477 121.635110 121.967719 121.952908 122.264779 122.655199
3.605000 121.407502 121.858720 122.179757 122.168870 122.477763 122.841787
3.615000 121.631431 122.071780 122.391104 122.374971 122.665684 123.115691
3.625000 121.871053 122.284336 122.583638 122.578289 122.857077 123.280235
3.635000 122.081247 122.490880 122.785377 122.780408 123.047990 123.488147
3.645000 122.305884 122.694054 122.980781 122.982417 123.247322 123.698236
3.655000 122.515179 122.920713 123.176980 123.185543 123.442153 123.896707
3.665000 122.700564 123.130525 123.382663 123.389462 123.636129 124.132405
3.675000 122.913915 123.334195 123.587006 123.589423 123.835083 124.359750
3.685000 123.135375 123.532420 123.773996 123.786574 124.040845 124.544530
3.695000 123.336883 123.730944 123.959652 123.981000 124.229490 124.773923
3.705000 123.522745 123.929659 124.154795 124.174852 124.424391 124.943639
3.715000 123.714330 124.114076 124.351237 124.371679 124.620731 125.163007
3.725000 123.867143 124.303529 124.542553 124.565478 124.818329 125.362361
3.735000 124.072671 124.517964 124.736377 124.765860 125.022907 125.609184
3.745000 124.342054 124.712644 124.937591 124.964861 125.207911 125.813510
3.755000 124.506047 124.907498 125.138739 125.171372 125.426142 126.042683
3.765000 124.733750 125.100777 125.346024 125.375608 125.648498 126.258909
3.775000 124.928076 125.286031 125.547825 125.587136 125.879767 126.471972
3.785000 125.143147 125.492484 125.758777 125.809894 126.124500 126.710619
3.795000 125.399530 125.709187 125.979261 126.044845 126.399185 127.001674
3.805000 125.632661 125.924729 126.212167 126.285566 126.690981 127.260936
3.815000 125.847976 126.125263 126.448908 126.524508 126.964967 127.543533
3.825000 126.071885 126.347163 126.661575 126.741957 127.196975 127.689978
3.835000 126.255383 126.551344 126.877576 126.966489 127.448108 127.965727
3.845000 126.451371 126.773314 127.106713 127.198556 127.692489 128.256831
3.855000 126.645043 126.983631 127.339165 127.432221 127.946803 128.552711
3.865000 126.907956 127.196078 127.591725 127.686756 128.220824 128.821461
3.875000 127.144021 127.446313 127.885119 127.964825 128.525707 129.180917
3.885000 127.379300 127.712222 128.204450 128.274759 128.855529 129.624401
3.895000 127.620293 128.020002 128.538180 128.612640 129.195318 129.942607
3.905000 127.960880 128.344306 128.961552 129.020004 129.686444 130.477891
3.915000 128.251397 128.733288 129.419980 129.474948 130.217911 131.138527
3.925000 128.635063 129.218845 129.935330 129.993690 130.778263 131.624881
3.935000 129.181990 129.805381 130.588700 130.606274 131.411698 132.283622
3.945000 129.647689 130.331930 131.230753 131.209728 132.058674 132.810484
3.955000 130.274579 130.929946 131.798471 131.786929 132.593833 133.315642
3.965000 130.825996 131.514413 132.330298 132.335418 133.143156 133.765347
3.975000 131.391389 132.159756 132.910621 132.898610 133.644987 134.252483
3.985000 131.911927 132.755948 133.521272 133.440517 134.105547 134.648762
3.995000 132.626672 133.365693 134.062193 134.010144 134.641389 135.112259
4.005000 133.216411 134.015085 134.589156 134.565822 135.151404 135.654374
4.015000 133.893565 134.486288 135.101573 135.068802 135.605189 136.123182
4.025000 134.309731 134.981095 135.558528 135.503194 136.000194 136.486554
4.035000 134.780778 135.399728 135.899055 135.865133 136.330055 136.786489
4.045000 135.203354 135.744234 136.196028 136.186553 136.613776 137.119330
4.055000 135.491445 136.038384 136.469739 136.464150 136.891952 137.368294
4.065000 135.901249 136.296571 136.709079 136.722973 137.140785 137.665116
4.075000 136.190764 136.563833 136.954951 136.972352 137.376158 137.904412
4.085000 136.404834 136.801730 137.185194 137.201009 137.610831 138.128951
4.095000 136.651757 137.019291 137.414738 137.428267 137.840004 138.363734
4.105000 136.867862 137.258222 137.626124 137.657081 138.058736 138.582965
4.115000 137.108884 137.496308 137.864420 137.888569 138.289134 138.822937
4.125000 137.329848 137.700424 138.081166 138.113897 138.517308 138.981001
4.135000 137.599651 137.932493 138.304513 138.343058 138.745241 139.225544
4.145000 137.828449 138.149915 138.528410 138.566336 138.991975 139.449204
4.155000 138.062004 138.371697 138.748292 138.788901 139.219020 139.709678
4.165000 138.249143 138.603197 138.977688 139.010212 139.436574 139.940461
4.175000 138.462039 138.811715 139.198579 139.227062 139.651676 140.178572
4.185000 138.710885 139.039193 139.428075 139.457826 139.893610 140.395648
4.195000 138.948149 139.264244 139.660880 139.692191 140.140323 140.632466
4.205000 139.162882 139.474083 139.898717 139.937166 140.396636 140.916159
4.215000 139.399715 139.697053 140.143048 140.183560 140.665491 141.203134
4.225000 139.621842 139.925992 140.385041 140.434028 140.941590 141.542623
4.235000 139.832650 140.165778 140.658493 140.689332 141.198183 141.769099
4.245000 140.068904 140.424238 140.923186 140.949005 141.458425 142.101210
4.255000 140.302232 140.651104 141.198121 141.221462 141.767869 142.399297
4.265000 140.501059 140.925683 141.488070 141.507057 142.054042 142.677713
4.275000 140.768667 141.196752 141.791303 141.800673 142.354716 143.109587
4.285000 141.044077 141.450061 142.072273 142.091927 142.674527 143.412931
4.295000 141.255528 141.713189 142.347179 142.366475 142.984598 143.719279
4.305000 141.486296 141.966612 142.590457 142.634314 143.293651 144.023753
4.315000 141.748570 142.244713 142.850412 142.909904 143.582432 144.381560
4.325000 141.993325 142.499529 143.106489 143.189803 143.881731 144.705410
4.335000 142.219915 142.788013 143.368400 143.468554 144.245836 145.023821
4.345000 142.469037 143.085543 143.618889 143.752787 144.581089 145.326502
4.355000 142.723407 143.334796 143.877311 144.026633 144.936437 145.637038
4.365000 142.979635 143.589131 144.099292 144.293055 145.203136 145.944871
4.375000 143.269375 143.856854 144.356479 144.571006 145.497304 146.225451
4.385000 143.546494 144.089769 144.604479 144.835448 145.775648 146.578484
4.395000 143.844268 144.340681 144.855351 145.093686 146.069181 146.854238
4.405000 144.152194 144.593133 145.146424 145.360513 146.374030 147.176622
4.415000 144.384574 144.831040 145.395229 145.632278 146.649462 147.427245
4.425000 144.646223 145.068375 145.682428 145.909586 146.922723 147.739726
4.435000 144.875978 145.305046 145.963152 146.187768 147.227492 148.068624
4.445000 145.163758 145.566925 146.276831 146.496754 147.569025 148.430355
4.455000 145.398373 145.861232 146.578221 146.802261 147.885506 148.816371
4.465000 145.642971 146.095101 146.914776 147.103971 148.182363 149.253257
4.475000 145.889451 146.347558 147.258191 147.420564 148.494450 149.700672
4.485000 146.138284 146.614633 147.584765 147.746170 148.849564 150.148815
4.495000 146.414162 146.910135 147.960929 148.079481 149.166875 150.580728
4.505000 146.651454 147.231711 148.329817 148.413160 149.530361 151.032623
4.515000 146.862642 147.547786 148.688968 148.776321 149.872911 151.568213
4.525000 147.171142 147.889143 149.079759 149.135882 150.254603 151.877959
4.535000 147.500749 148.235013 149.467595 149.509871 150.676838 152.210555
4.545000 147.776445 148.622555 149.778347 149.878823 151.122563 152.786070
4.555000 148.097601 148.971320 150.196182 150.256593 151.516586 153.076796
4.565000 148.414444 149.326825 150.563211 150.632109 151.959943 153.365147
4.575000 148.701564 149.709917 150.887528 151.018232 152.445386 153.859179
4.585000 148.948962 150.139193 151.263278 151.380593 152.777331 154.203236
4.595000 149.325355 150.524540 151.637994 151.741966 153.113268 154.508868
4.605000 149.613179 150.943952 151.990602 152.119760 153.441597 154.693243
4.615000 150.041522 151.321285 152.349423 152.476065 153.787620 154.991609
4.625000 150.441170 151.695033 152.718277 152.837707 154.112909 155.247605
4.635000 150.928739 152.086191 153.086743 153.191838 154.406416 155.596133
4.645000 151.377985 152.452982 153.481454 153.545736 154.675122 155.870595
4.655000 151.914113 152.783394 153.920036 153.906216 155.033999 156.148329
4.665000 152.261691 153.184161 154.265047 154.257408 155.341370 156.430199
4.675000 152.622201 153.534823 154.660945 154.620380 155.685852 156.662249
4.685000 152.976225 153.926493 154.995465 154.970074 156.007352 157.024983
4.695000 153.385169 154.317185 155.334109 155.323829 156.295421 157.232408
4.705000 153.884970 154.680900 155.681073 155.655407 156.616755 157.511019
4.715000 154.268663 155.084348 155.984878 155.982959 156.910528 157.724967
4.725000 154.663772 155.447598 156.253467 156.292291 157.213957 157.974184
4.735000 155.048346 155.780049 156.559809 156.605254 157.538746 158.223685
4.745000 155.388159 156.110738 156.832700 156.901645 157.789816 158.454282
4.755000 155.718608 156.453220 157.143615 157.196642 158.067561 158.704138
4.765000 155.952246 156.750996 157.455027 157.486849 158.343274 158.959403
4.775000 156.260726 157.033650 157.760355 157.779916 158.608507 159.241090
4.785000 156.586250 157.335144 158.047819 158.074588 158.905658 159.570039
4.795000 156.867843 157.597673 158.323386 158.362636 159.185175 159.886676
4.805000 157.200033 157.901570 158.615477 158.677502 159.487241 160.218904
4.815000 157.531093 158.194942 158.943429 159.000657 159.848601 160.529960
4.825000 157.930028 158.553483 159.291264 159.339846 160.179385 160.965275
4.835000 158.244593 158.896681 159.671369 159.693691 160.529312 161.321181
4.845000 158.574805 159.252036 160.065733 160.065384 160.882406 161.722816
4.855000 158.972949 159.605972 160.420028 160.429717 161.247347 162.024321
4.865000 159.255346 159.993726 160.789875 160.806382 161.684986 162.388997
4.875000 159.592324 160.391378 161.162165 161.186299 162.044235 162.810967
4.885000 159.940997 160.743332 161.541353 161.560259 162.390073 163.323516
4.895000 160.331652 161.096800 161.924763 161.946178 162.755998 163.664099
4.905000 160.700429 161.444290 162.288526 162.293611 163.132702 163.965099
4.915000 161.196526 161.806141 162.660775 162.649660 163.491195 164.236617
4.925000 161.515889 162.162465 162.957240 162.971151 163.816684 164.495979
4.935000 161.843042 162.453575 163.282038 163.284730 164.137149 164.737130
4.945000 162.096230 162.768323 163.622403 163.592040 164.461397 164.946388
4.955000 162.336665 163.052642 163.942239 163.886557 164.739243 165.164822
4.965000 162.670042 163.337892 164.206616 164.182697 165.054085 165.426256
4.975000 163.043317 163.710917 164.504719 164.488388 165.338799 165.697479
4.985000 163.298614 164.032334 164.799706 164.778304 165.586624 165.941857
4.995000 163.603547 164.310563 165.085669 165.058507 165.828570 166.191423
5.005000 163.868842 164.641299 165.374499 165.345753 166.082055 166.444247
5.015000 164.107838 164.928717 165.650022 165.611310 166.311007 166.705289
5.025000 164.411790 165.250171 165.933178 165.887794 166.574124 166.940576
5.035000 164.620896 165.538394 166.218316 166.163871 166.811319 167.226592
5.045000 164.842786 165.818296 166.502482 166.421770 167.027377 167.471711
5.055000 165.124763 166.093667 166.768346 166.685965 167.282263 167.735168
5.065000 165.355166 166.361053 167.035443 166.944036 167.527438 167.958716
5.075000 165.697422 166.643790 167.311282 167.217085 167.786626 168.202901
5.085000 166.066049 166.938320 167.582803 167.491760 168.032010 168.449137
5.095000 166.289764 167.218876 167.853879 167.764545 168.295511 168.719162
5.105000 166.582520 167.497783 168.111747 168.037328 168.565507 168.963916
5.115000 167.033811 167.797743 168.359124 168.307814 168.826483 169.198149
5.125000 167.396607 168.094501 168.638186 168.582318 169.089836 169.491226
5.135000 167.601235 168.339102 168.889745 168.841931 169.328363 169.772174
5.145000 167.923943 168.628045 169.157099 169.117088 169.627302 170.031048
5.155000 168.281781 168.940596 169.440721 169.403612 169.874024 170.348165
5.165000 168.593199 169.232117 169.711516 169.691988 170.154840 170.618388
5.175000 168.935278 169.507069 170.005268 169.979259 170.418891 170.920460
5.185000 169.266633 169.819423 170.286836 170.287927 170.752233 171.338180
5.195000 169.538284 170.121635 170.603060 170.607959 171.085343 171.769134
5.205000 169.850373 170.442579 170.909364 170.946926 171.468472 172.165924
5.215000 170.202277 170.751585 171.236874 171.294971 171.868866 172.659905
5.225000 170.508443 171.060462 171.554591 171.650359 172.297411 173.041658
5.235000 170.893660 171.373394 171.907447 172.013699 172.737805 173.542131
5.245000 171.252050 171.687380 172.255852 172.369735 173.138674 173.921240
5.255000 171.491481 171.961202 172.653827 172.730386 173.525108 174.310003
5.265000 171.781198 172.246985 173.066198 173.080029 173.919542 174.663844
5.275000 172.060234 172.514530 173.432128 173.420104 174.277472 175.006293
5.285000 172.324973 172.835811 173.772044 173.765220 174.659697 175.442051
5.295000 172.578092 173.154030 174.174106 174.127865 175.027925 175.764491
5.305000 172.894885 173.518337 174.556713 174.497223 175.344926 176.110365
5.315000 173.155369 173.899852 174.938901 174.857664 175.695606 176.400103
5.325000 173.483749 174.308171 175.285324 175.214672 176.027302 176.767936
5.335000 173.758010 174.689412 175.642991 175.573379 176.347100 177.116595
5.345000 174.084610 175.119991 176.017846 175.951798 176.690898 177.535193
5.355000 174.470570 175.555721 176.361067 176.312448 177.034021 177.927959
5.365000 174.815581 175.962067 176.688107 176.667916 177.371153 178.285748
5.375000 175.098072 176.297415 177.008942 177.000549 177.723166 178.639787
5.385000 175.526525 176.599373 177.330803 177.326079 178.076600 178.982153
5.395000 175.842020 176.908380 177.627513 177.645806 178.404217 179.278587
5.405000 176.366919 177.272011 177.906856 177.958030 178.731680 179.736727
5.415000 176.746177 177.569644 178.217541 178.275222 179.032681 180.001230
5.425000 177.034842 177.883555 178.500222 178.564036 179.331177 180.275802
5.435000 177.384317 178.158308 178.775340 178.860765 179.642131 180.565550
5.445000 177.749921 178.423275 179.072217 179.155596 179.955942 180.863415
5.455000 178.108090 178.692463 179.352247 179.452310 180.260427 181.153483
5.465000 178.422857 179.005529 179.613171 179.747302 180.540997 181.530512
5.475000 178.744961 179.271363 179.911310 180.054845 180.875624 181.997719
5.485000 179.036827 179.552379 180.239601 180.368115 181.219340 182.391223
5.495000 179.317290 179.849850 180.580092 180.694568 181.530999 182.723628
5.505000 179.588860 180.191915 180.911524 181.018216 181.904894 183.095701
5.515000 179.857000 180.491431 181.260158 181.356785 182.313852 183.451852
5.525000 180.128507 180.769713 181.628893 181.694440 182.663778 183.813470
5.535000 180.512861 181.086414 181.990119 182.038614 183.044227 184.176209
5.545000 180.814515 181.399480 182.348945 182.387829 183.383384 184.487137
5.555000 181.024649 181.754846 182.700854 182.758307 183.773527 184.839441
5.565000 181.323788 182.092892 183.068905 183.127946 184.145082 185.146207
5.575000 181.623223 182.419995 183.476368 183.506119 184.558505 185.494194
5.585000 181.948535 182.807780 183.887814 183.900103 184.957882 185.825299
5.595000 182.300773 183.209685 184.298565 184.293929 185.359081 186.086260
5.605000 182.590526 183.615403 184.749104 184.686168 185.779606 186.457251
5.615000 182.933315 184.031475 185.112389 185.068636 186.146010 186.763414
5.625000 183.287002 184.418814 185.560171 185.452747 186.466551 187.133176
5.635000 183.709367 184.822783 185.987681 185.829682 186.775239 187.466625
5.645000 184.108629 185.200087 186.369176 186.212331 187.085448 187.806516
5.655000 184.435034 185.636400 186.742590 186.587723 187.412296 188.116292
5.665000 184.931582 186.070630 187.119911 186.953060 187.743239 188.379031
5.675000 185.372301 186.494350 187.462293 187.326969 188.063313 188.718703
5.685000 185.848834 186.924163 187.766926 187.680595 188.400287 189.014940
5.695000 186.281314 187.283586 188.094094 188.026986 188.724125 189.356116
5.705000 186.747734 187.685848 188.445003 188.368664 189.026551 189.721978
5.715000 187.182419 188.122681 188.759036 188.730524 189.378798 190.092836
5.725000 187.548589 188.453609 189.087749 189.087081 189.724173 190.527227
5.735000 188.075376 188.839769 189.468994 189.476776 190.080751 190.878084
5.745000 188.648133 189.277562 189.885493 189.899979 190.531542 191.279204
5.755000 189.051407 189.747387 190.355936 190.368650 190.991456 191.837522
5.765000 189.608663 190.236182 190.850176 190.872036 191.529210 192.315889
5.775000 190.103774 190.712829 191.336865 191.360795 192.016703 192.773155
5.785000 190.525518 191.155109 191.797469 191.831970 192.495894 193.396370
5.795000 191.021412 191.618074 192.301859 192.336041 193.083771 193.892110
5.805000 191.408359 192.063805 192.759606 192.808552 193.567280 194.406736
5.815000 191.772432 192.458369 193.135431 193.213405 194.033652 194.888583
5.825000 192.188694 192.842980 193.539437 193.617636 194.427688 195.348858
5.835000 192.544417 193.238141 193.945178 194.011833 194.815236 195.775371
5.845000 193.020308 193.598462 194.345681 194.408887 195.185325 196.172444
5.855000 193.355299 193.979128 194.770842 194.797683 195.593985 196.523684
5.865000 193.774337 194.343347 195.123269 195.178925 196.010681 196.961478
5.875000 194.071079 194.754156 195.511688 195.552563 196.408799 197.297825
5.885000 194.434373 195.106220 195.866324 195.921054 196.750721 197.642025
5.895000 194.821360 195.480190 196.226875 196.282679 197.072305 197.924464
5.905000 195.233171 195.852391 196.606752 196.660178 197.428509 198.299687
5.915000 195.596864 196.245016 196.964509 197.037254 197.831605 198.642511
5.925000 195.958233 196.623998 197.382134 197.432179 198.250029 199.206063
5.935000 196.372118 197.040626 197.744052 197.818861 198.614550 199.798505
5.945000 196.680041 197.382400 198.103208 198.213606 199.002656 200.238932
5.955000 197.048223 197.764426 198.488779 198.625543 199.460774 200.842992
5.965000 197.548528 198.193384 198.893937 199.052214 199.945880 201.309870
5.975000 198.018458 198.588369 199.298585 199.492475 200.446637 201.883683
5.985000 198.376437 199.037456 199.771563 199.949083 200.934872 202.345148
5.995000 198.749179 199.447545 200.260898 200.420202 201.399927 203.031011
6.005000 199.150137 199.887171 200.762534 200.916685 201.909064 203.577710
6.015000 199.558506 200.337106 201.244461 201.415823 202.500991 204.335089
6.025000 199.932125 200.785888 201.745943 201.946776 203.091021 205.074999
6.035000 200.374057 201.287261 202.340788 202.521807 203.804942 205.878571
6.045000 200.745929 201.800489 202.994809 203.157124 204.482372 206.591971
6.055000 201.247508 202.387335 203.655022 203.812169 205.243443 207.347146
6.065000 201.731797 202.961662 204.309963 204.454257 205.974213 208.062828
6.075000 202.312850 203.541977 204.996721 205.109814 206.702014 208.687496
6.085000 202.932725 204.236988 205.731393 205.817327 207.491221 209.140251
6.095000 203.290664 204.864209 206.426752 206.468541 208.099501 209.650066
6.105000 203.854905 205.585249 207.173510 207.106571 208.638523 210.005560
6.115000 204.374753 206.330223 207.840879 207.748766 209.216476 210.374816
6.125000 205.098409 206.978650 208.446853 208.354432 209.758125 210.661595
6.135000 206.087294 207.648367 209.071530 208.964388 210.311010 211.066009
6.145000 206.720811 208.470318 209.700797 209.561551 210.746281 211.392389
6.155000 207.320108 209.079289 210.304761 210.121242 211.182409 211.737145
6.165000 208.083976 209.731508 210.777342 210.638070 211.615415 212.063538
6.175000 208.755410 210.246534 211.232700 211.088376 211.970587 212.410680
6.185000 209.396562 210.720872 211.645933 211.503020 212.295690 212.774431
6.195000 209.938717 211.128242 212.015745 211.876135 212.616289 213.076265
6.205000 210.252706 211.483721 212.370850 212.226927 212.948775 213.462256
6.215000 210.738982 211.866054 212.707234 212.572739 213.238371 213.785278
6.225000 211.072286 212.181966 213.020694 212.887396 213.541942 214.041862
6.235000 211.403747 212.485221 213.319717 213.206579 213.847892 214.413490
6.245000 211.783216 212.806346 213.624153 213.520554 214.151158 214.741245
6.255000 212.104032 213.157088 213.931532 213.841799 214.493139 215.138190
6.265000 212.555403 213.479514 214.245044 214.162948 214.811648 215.377948
6.275000 212.946786 213.863925 214.553753 214.488765 215.141775 215.697640
6.285000 213.274781 214.211239 214.871026 214.819418 215.478773 216.071013
6.295000 213.567233 214.559690 215.198180 215.169614 215.810296 216.373397
6.305000 214.011380 214.910688 215.560336 215.537716 216.196178 216.736689
6.315000 214.485990 215.303378 215.942657 215.924421 216.559598 217.118164
6.325000 214.938465 215.703827 216.368191 216.328109 216.954189 217.498086
6.335000 215.422183 216.093659 216.814639 216.760962 217.413409 217.908790
6.345000 215.957627 216.630791 217.303388 217.258023 217.846551 218.451128
6.355000 216.437663 217.080345 217.733133 217.690187 218.286021 218.864776
6.365000 216.909089 217.531541 218.148383 218.133761 218.736860 219.327011
6.375000 217.451124 218.049456 218.611879 218.632320 219.250934 219.786771
6.385000 217.993404 218.529701 219.106128 219.130931 219.727641 220.432224
6.395000 218.436906 218.992817 219.589563 219.620363 220.227559 221.013763
6.405000 218.799980 219.491227 220.074113 220.114731 220.774276 221.575166
6.415000 219.347937 219.923566 220.576112 220.632300 221.359661 222.126101
6.425000 219.734359 220.354133 221.035335 221.121311 221.941424 222.811077
6.435000 220.143343 220.775954 221.512857 221.595692 222.468899 223.309011
6.445000 220.537856 221.211501 221.960992 222.041559 222.971109 223.748572
6.455000 220.949400 221.618145 222.430028 222.493618 223.442716 224.201939
6.465000 221.300136 222.038757 222.876740 222.942709 223.925209 224.739754
6.475000 221.716040 222.454095 223.342554 223.391468 224.352181 225.140434
6.485000 222.189759 222.877932 223.849603 223.848027 224.749280 225.520416
6.495000 222.574349 223.342073 224.327333 224.288787 225.200590 225.925671
6.505000 222.977013 223.760300 224.784477 224.732273 225.619054 226.326260
6.515000 223.464424 224.222912 225.221163 225.170525 226.063309 226.743256
6.525000 223.744455 224.740947 225.705631 225.621083 226.490496 227.138471
6.535000 224.188089 225.189951 226.165694 226.074880 226.910489 227.537196
6.545000 224.526551 225.690046 226.589070 226.502116 227.289381 228.026613
6.555000 225.036020 226.138527 226.970941 226.909518 227.660676 228.389503
6.565000 225.477867 226.549098 227.371228 227.299121 228.008854 228.816302
6.575000 225.844447 226.929974 227.723235 227.671574 228.352051 229.270218
6.585000 226.217513 227.314333 228.098817 228.035604 228.740642 229.601538
6.595000 226.696970 227.633327 228.411872 228.368269 229.069027 230.012363
6.605000 227.079890 227.977005 228.715009 228.686106 229.366884 230.338404
6.615000 227.458688 228.271444 229.024850 228.997807 229.671364 230.634124
6.625000 227.649123 228.584764 229.338982 229.314884 230.001145 230.957005
6.635000 227.959000 228.922174 229.637565 229.631979 230.306330 231.231751
6.645000 228.299366 229.246363 229.953649 229.950123 230.668468 231.539012
6.655000 228.754926 229.540306 230.260033 230.274205 231.006012 231.816375
6.665000 229.071586 229.886878 230.580341 230.600269 231.401046 232.082715
6.675000 229.369499 230.205728 230.901003 230.917303 231.756160 232.342378
6.685000 229.714422 230.521876 231.201627 231.237259 232.083893 232.613520
6.695000 230.022910 230.811398 231.500212 231.535018 232.360522 232.852402
6.705000 230.364170 231.135604 231.809766 231.840053 232.667072 233.106353
6.715000 230.740116 231.484338 232.105823 232.148817 232.952944 233.358528
6.725000 231.002117 231.789410 232.392656 232.438668 233.220744 233.615946
6.735000 231.495330 232.096659 232.690646 232.734333 233.448628 233.849392
6.745000 231.810629 232.422456 233.017103 233.026593 233.712212 234.082800
6.755000 232.194431 232.717113 233.325966 233.312398 233.961212 234.294793
6.765000 232.507071 233.029241 233.651131 233.614663 234.233894 234.565162
6.775000 232.814917 233.310848 233.958588 233.909816 234.490721 234.844900
6.785000 233.186446 233.615013 234.267145 234.211141 234.743393 235.128517
6.795000 233.499887 233.964204 234.565292 234.510672 235.019743 235.449276
6.805000 233.836522 234.346789 234.881097 234.853885 235.352512 235.800615
6.815000 234.185706 234.665876 235.191365 235.182704 235.664956 236.109094
6.825000 234.534593 235.033861 235.528055 235.531032 236.001684 236.515593
6.835000 234.876025 235.381670 235.892072 235.892800 236.386343 236.943355
6.845000 235.297218 235.800724 236.291257 236.327378 236.858215 237.536228
6.855000 235.752229 236.199212 236.733255 236.785652 237.359353 238.228186
6.865000 236.112624 236.576673 237.157784 237.233835 237.887472 238.799990
6.875000 236.397775 236.948936 237.598182 237.685023 238.431783 239.378045
6.885000 236.720798 237.287834 238.058950 238.142301 238.976278 239.981798
6.895000 237.060824 237.623234 238.526744 238.595381 239.552169 240.507607
6.905000 237.347544 238.018297 239.023462 239.069597 240.100931 241.075073
6.915000 237.683860 238.417108 239.462980 239.503096 240.573455 241.463856
6.925000 238.048654 238.910943 239.936221 239.940950 241.039430 241.853393
6.935000 238.418099 239.398144 240.428628 240.392437 241.460601 242.242790
6.945000 238.950345 239.913815 240.842057 240.857022 241.875674 242.594933
6.955000 239.449865 240.469454 241.329026 241.330961 242.243328 242.891601
6.965000 240.173261 240.955419 241.816820 241.804557 242.691040 243.330683
6.975000 240.656699 241.424352 242.197850 242.209381 243.015773 243.625386
6.985000 241.174449 241.752625 242.542291 242.537890 243.306152 243.879170
6.995000 241.502471 242.109765 242.872296 242.861092 243.610766 244.235766
7.005000 241.825991 242.423621 243.190197 243.176668 243.904453 244.526187
7.015000 242.108065 242.822946 243.546944 243.524449 244.221015 244.860208
7.025000 242.543734 243.196932 243.908620 243.882750 244.542703 245.152042
7.035000 242.874047 243.559664 244.267078 244.230703 244.880393 245.495062
7.045000 243.279022 243.987095 244.649128 244.619510 245.255577 245.835867
7.055000 243.698538 244.398243 245.003628 245.007105 245.630841 246.161052
7.065000 244.164665 244.831733 245.425702 245.413604 246.008377 246.581305
7.075000 244.571948 245.232689 245.833667 245.817433 246.420952 246.982784
7.085000 245.034044 245.565170 246.206193 246.190526 246.811365 247.298614
7.095000 245.349358 245.917040 246.549816 246.549031 247.169548 247.708621
7.105000 245.678640 246.280304 246.955701 246.925791 247.548171 248.154173
7.115000 246.025277 246.671474 247.335312 247.315880 247.922006 248.612173
7.125000 246.430946 247.073649 247.680565 247.688693 248.312746 248.956889
7.135000 246.759224 247.417398 248.034342 248.047328 248.668134 249.298975
7.145000 247.055675 247.770959 248.376866 248.403757 249.042721 249.750770
7.155000 247.469686 248.138475 248.714622 248.752252 249.419515 250.086061
7.175000 248.145745 248.726542 249.378445 249.424321 250.128515 250.879572
7.185000 248.479663 249.030992 249.715941 249.762492 250.458552 251.255123
7.195000 248.800235 249.386791 250.066116 250.132379 250.875967 251.821371
7.205000 249.090954 249.736800 250.449650 250.499251 251.265984 252.243891
7.215000 249.417855 250.062009 250.805447 250.841647 251.602267 252.611278
7.225000 249.770589 250.368848 251.142915 251.169657 251.910526 253.049466
7.235000 250.027714 250.729777 251.453863 251.507104 252.264261 253.412863
7.245000 250.343977 251.093413 251.784655 251.852716 252.593736 253.760734
7.255000 250.691381 251.408726 252.120960 252.206165 253.024051 254.087466
7.265000 251.048623 251.722652 252.475240 252.549020 253.368780 254.369438
7.275000 251.358129 252.052064 252.806912 252.898537 253.735214 254.847090
7.285000 251.724892 252.410306 253.144905 253.259101 254.147940 255.269279
7.295000 252.056698 252.765280 253.486946 253.604045 254.531954 255.510404
7.305000 252.395047 253.115417 253.861098 253.977923 254.939177 255.887139
7.315000 252.697415 253.439263 254.235386 254.325631 255.294505 256.342349
7.325000 253.045209 253.710599 254.547878 254.643414 255.637489 256.664436
7.335000 253.233024 254.000140 254.833612 254.952187 255.977332 256.988290
7.345000 253.612681 254.322151 255.178009 255.274724 256.285162 257.310551
7.355000 253.913753 254.614077 255.527553 255.599480 256.618091 257.574227
7.365000 254.277778 254.914171 255.879036 255.919617 256.947052 257.865760
7.375000 254.565823 255.245471 256.227208 256.235129 257.266526 258.091901
7.385000 254.813114 255.552939 256.583710 256.558438 257.563599 258.354227
7.395000 255.085256 255.852519 256.930503 256.876332 257.860893 258.669759
7.405000 255.396733 256.164522 257.276020 257.209245 258.176709 258.937670
7.415000 255.559690 256.456974 257.625518 257.537986 258.507851 259.197926
7.425000 255.876951 256.774732 257.972010 257.859892 258.819216 259.517505
7.435000 256.169769 257.120292 258.290024 258.184645 259.118795 259.828461
7.445000 256.492249 257.418816 258.656017 258.514921 259.426673 260.078648
7.455000 256.784472 257.741338 258.995448 258.836763 259.743700 260.419229
7.465000 257.140243 258.053856 259.328326 259.169867 260.058591 260.753735
7.475000 257.501598 258.379540 259.680293 259.497378 260.352442 260.996577
7.485000 257.758465 258.685284 259.999173 259.814589 260.680671 261.393430
7.495000 258.071381 259.066411 260.328046 260.145032 261.036679 261.854857
7.505000 258.333365 259.394197 260.638731 260.471248 261.388421 262.205241
7.515000 258.599195 259.746608 260.939914 260.804377 261.744212 262.510296
7.525000 258.868541 260.035813 261.266002 261.140301 262.102613 262.976996
7.535000 259.185874 260.367445 261.570588 261.478507 262.503955 263.359158
7.545000 259.475185 260.752396 261.899724 261.815540 262.844551 263.678274
7.555000 259.778760 261.141701 262.246127 262.156908 263.214031 264.052465
7.565000 260.095066 261.471771 262.605875 262.514774 263.640704 264.431878
7.575000 260.329001 261.832215 262.935351 262.855866 263.988562 264.763477
7.585000 260.671425 262.177547 263.240750 263.219322 264.382558 265.126699
7.595000 260.980249 262.490132 263.605159 263.574757 264.768532 265.555335
7.605000 261.400081 262.786675 263.970211 263.925986 265.157691 265.873806
7.615000 261.791616 263.075294 264.295666 264.262953 265.511614 266.218472
7.625000 262.221336 263.382609 264.625965 264.592420 265.822308 266.609013
7.635000 262.548190 263.673095 264.967403 264.906857 266.120944 266.975057
7.645000 262.831273 263.961565 265.292916 265.219293 266.413071 267.324807
7.655000 263.240789 264.263100 265.722269 265.553985 266.745349 267.619852
7.665000 263.625647 264.546365 266.079380 265.873381 267.053197 267.848014
7.675000 263.886493 264.855705 266.428759 266.168147 267.311355 268.145785
7.685000 264.330259 265.127268 266.695758 266.457348 267.603192 268.441592
7.695000 264.618118 265.444351 266.988590 266.743790 267.851890 268.736573
7.705000 264.936065 265.724102 267.272440 267.018938 268.096012 268.980260
7.715000 265.129459 266.000021 267.564511 267.299561 268.344695 269.322893
7.725000 265.449151 266.265525 267.812256 267.569013 268.568593 269.601045
7.735000 265.671087 266.526324 268.065436 267.834754 268.820179 269.863718
7.745000 266.004741 266.819387 268.320859 268.095590 269.057260 270.082318
7.755000 266.289560 267.096805 268.558548 268.352367 269.303616 270.346375
7.765000 266.597484 267.383736 268.776388 268.612094 269.537238 270.606056
7.775000 266.910253 267.707867 268.994168 268.869562 269.802198 270.866291
7.785000 267.162031 268.016164 269.213506 269.128073 270.059527 271.140736
7.795000 267.414827 268.275234 269.415985 269.376213 270.314054 271.384015
7.805000 267.775806 268.593902 269.630332 269.630525 270.550864 271.602182
7.815000 268.116517 268.956993 269.857690 269.890957 270.848348 271.793655
7.825000 268.368587 269.256855 270.098060 270.146816 271.104477 272.005100
7.835000 268.636296 269.540499 270.318818 270.395401 271.355939 272.248908
7.845000 268.963793 269.857991 270.561285 270.655816 271.589997 272.450244
7.855000 269.319329 270.165215 270.799865 270.921060 271.886009 272.665450
7.865000 269.628709 270.425163 271.062172 271.184874 272.189708 272.889390
7.875000 269.918485 270.716310 271.337906 271.453795 272.454681 273.120302
7.885000 270.229590 270.974017 271.602052 271.718421 272.705886 273.356207
7.895000 270.586698 271.231117 271.860963 271.979732 272.948447 273.596217
7.905000 270.892931 271.489907 272.141862 272.256991 273.199177 273.847742
7.915000 271.226862 271.758575 272.457571 272.553634 273.481449 274.155721
7.925000 271.535128 272.074772 272.782549 272.848164 273.699897 274.419500
7.935000 271.830339 272.384610 273.079444 273.141522 273.955253 274.699504
7.945000 272.070974 272.670988 273.383712 273.421915 274.220046 275.011478
7.955000 272.316144 272.932132 273.675444 273.714252 274.505187 275.257562
7.965000 272.562812 273.222934 273.982136 274.010904 274.786016 275.552237
7.975000 272.831966 273.506952 274.276547 274.312113 275.092026 275.962231
7.985000 273.074442 273.850245 274.632668 274.622976 275.371064 276.272069
7.995000 273.423938 274.133721 274.959538 274.948771 275.708695 276.548587
8.005000 273.788605 274.499987 275.281354 275.285686 276.074196 276.856600
8.015000 274.108322 274.787405 275.615549 275.604520 276.396227 277.158562
8.025000 274.404393 275.115093 275.922555 275.914112 276.709887 277.492107
8.035000 274.715384 275.434815 276.238855 276.242979 277.029377 277.787585
8.045000 275.049485 275.812425 276.561537 276.589010 277.397573 278.092006
8.055000 275.388538 276.179195 276.883344 276.934646 277.742635 278.433050
8.065000 275.739027 276.499728 277.268425 277.288195 278.065629 278.849451
8.075000 276.107147 276.874315 277.627805 277.628625 278.379018 279.119926
8.085000 276.438100 277.294603 278.021801 278.009924 278.720955 279.446109
8.095000 276.910462 277.697993 278.438919 278.408178 279.109474 279.774504
8.105000 277.384993 278.186538 278.854416 278.820449 279.499442 280.068369
8.115000 277.933733 278.665361 279.308867 279.283844 279.914960 280.507891
8.125000 278.464048 279.110060 279.768097 279.749994 280.365978 281.014312
8.135000 278.998266 279.671053 280.285889 280.289315 280.928986 281.398917
8.145000 279.510503 280.181364 280.784142 280.758548 281.385794 281.829547
8.155000 279.988095 280.545054 281.192888 281.148252 281.744581 282.150214
8.165000 280.427847 280.946814 281.561460 281.520674 282.060773 282.424443
8.175000 280.769139 281.299871 281.909799 281.839590 282.320033 282.703913
8.185000 281.093741 281.640242 282.215349 282.134505 282.561136 282.949670
8.195000 281.384342 281.930109 282.459096 282.395742 282.800552 283.170652
8.205000 281.705181 282.199158 282.695048 282.639389 283.005916 283.353020
8.215000 281.949018 282.463918 282.922803 282.872906 283.234902 283.568264
8.225000 282.231974 282.729825 283.140374 283.104132 283.448327 283.826055
8.235000 282.503221 282.990972 283.344733 283.326785 283.659783 284.047791
8.245000 282.727896 283.222388 283.542419 283.539659 283.875119 284.306259
8.255000 282.934200 283.434215 283.747620 283.746256 284.070885 284.487935
8.265000 283.157212 283.632282 283.945872 283.948989 284.262555 284.669087
8.275000 283.391827 283.837504 284.134859 284.150982 284.462423 284.957419
8.285000 283.592379 284.025770 284.335481 284.353094 284.661822 285.159621
8.295000 283.816655 284.225402 284.525176 284.552169 284.861508 285.408553
8.305000 284.009914 284.431174 284.726600 284.754891 285.078111 285.601491
8.315000 284.260807 284.626035 284.931938 284.963409 285.289505 285.846105
8.325000 284.493475 284.824810 285.147809 285.176758 285.510373 286.108787
8.335000 284.742023 285.043347 285.360743 285.390256 285.723779 286.320903
8.345000 284.955500 285.247822 285.564494 285.601928 285.934349 286.527087
8.355000 285.161792 285.457697 285.774548 285.822202 286.180268 286.778961
8.365000 285.366144 285.669416 286.002843 286.045572 286.418670 286.985391
8.375000 285.543112 285.888088 286.237646 286.268368 286.645996 287.236844
8.385000 285.770104 286.115903 286.457093 286.499887 286.885422 287.511372
8.395000 286.003619 286.361059 286.712396 286.746300 287.151887 287.750572
8.405000 286.234771 286.588495 286.976941 287.004123 287.418399 287.946568
8.415000 286.480054 286.846925 287.255516 287.275019 287.708616 288.173345
8.425000 286.724003 287.133652 287.537219 287.547938 287.958419 288.418973
8.435000 286.979580 287.384146 287.807147 287.808754 288.217783 288.701858
8.445000 287.222790 287.621743 288.084494 288.079387 288.508976 288.976565
8.455000 287.488253 287.906759 288.341967 288.347114 288.779905 289.249723
8.465000 287.799572 288.200900 288.616372 288.626401 289.050181 289.495474
8.475000 288.107186 288.507446 288.910821 288.908553 289.310724 289.787475
8.485000 288.419990 288.801790 289.198354 289.200693 289.595595 290.004241
8.495000 288.721327 289.096585 289.483089 289.487763 289.883248 290.276975
8.505000 289.012613 289.371223 289.751693 289.761496 290.165280 290.515836
8.515000 289.270610 289.606352 289.986147 290.005662 290.418785 290.740615
8.525000 289.525893 289.871421 290.247830 290.258083 290.661352 290.980464
8.535000 289.759603 290.093660 290.497308 290.491281 290.885384 291.214551
8.545000 290.014105 290.341362 290.729337 290.724146 291.118098 291.490439
8.555000 290.195779 290.544485 290.969886 290.950516 291.333986 291.720649
8.575000 290.573388 290.922805 291.388453 291.351691 291.732713 292.095681
8.585000 290.779302 291.131058 291.597253 291.562978 291.956794 292.319070
8.595000 290.981818 291.330859 291.799443 291.767535 292.158959 292.507360
8.605000 291.181660 291.546213 292.004922 291.981668 292.344931 292.704208
8.615000 291.382737 291.771740 292.239468 292.196025 292.556573 292.958425
8.625000 291.567137 292.003161 292.461810 292.407223 292.758189 293.218269
8.635000 291.800205 292.210705 292.671610 292.620020 292.949865 293.472846
8.645000 291.977401 292.444332 292.873507 292.833457 293.150890 293.689997
8.655000 292.190373 292.647423 293.063725 293.037971 293.345465 293.921950
8.665000 292.412356 292.881085 293.260171 293.248314 293.566056 294.219619
8.675000 292.593237 293.114602 293.455650 293.466740 293.795424 294.423069
8.685000 292.809027 293.344933 293.663494 293.691316 294.046191 294.712792
8.695000 293.017796 293.565333 293.871529 293.913432 294.295025 294.927787
8.705000 293.242078 293.759958 294.082148 294.139083 294.536339 295.199017
8.715000 293.478815 293.958919 294.316772 294.369503 294.802949 295.431980
8.725000 293.691549 294.184770 294.530236 294.604026 295.072387 295.667647
8.735000 293.919235 294.384792 294.765395 294.837679 295.327380 295.986318
8.745000 294.137144 294.596652 295.010953 295.070951 295.561937 296.174680
8.755000 294.307132 294.795494 295.270249 295.314634 295.846468 296.569566
8.765000 294.531987 294.992839 295.524763 295.559677 296.096039 296.865321
8.775000 294.760442 295.221097 295.770511 295.790650 296.335902 297.047255
8.785000 294.994514 295.419943 296.017055 296.031241 296.587150 297.289998
8.795000 295.199748 295.636585 296.298770 296.281472 296.818234 297.491277
8.805000 295.422216 295.889833 296.573273 296.530655 297.079196 297.806348
8.815000 295.615273 296.100829 296.805484 296.775365 297.325896 298.083551
8.825000 295.849282 296.343416 297.040055 297.015981 297.581756 298.362417
8.835000 296.075008 296.564307 297.283565 297.266403 297.827689 298.711045
8.845000 296.302025 296.824803 297.537726 297.516396 298.090128 298.950019
8.855000 296.476523 297.101651 297.776720 297.773086 298.412046 299.253742
8.865000 296.667643 297.351406 298.012493 298.040441 298.759621 299.618862
8.875000 296.860215 297.590894 298.280495 298.322450 299.070151 299.923957
