depth(m) lower_95(kyr) lower_68(kyr) median(kyr) mean(kyr) upper_68(kyr) upper_95(kyr)
12.650000 295.580216 299.427383 302.773545 302.731672 306.108005 308.986214
12.740000 298.152623 302.178229 305.249276 305.162965 308.297017 311.137263
12.850000 301.227343 305.194755 308.243569 308.037607 310.979781 314.162757
12.930000 304.314180 307.663731 310.612947 310.509369 313.478190 316.198940
13.040000 308.507934 311.475453 314.375983 314.264117 317.138016 319.070567
13.140000 311.702571 314.865066 317.614630 317.418864 320.102626 321.575522
13.240000 315.667699 318.393082 321.032791 320.699338 322.879746 324.165837
13.340000 319.019457 321.598204 323.631701 323.475623 325.257942 326.764312
13.450000 322.356422 324.752285 326.545861 326.429059 328.102037 329.559169
13.540000 324.437718 326.877547 328.780216 328.534215 330.215602 331.384285
13.640000 327.494092 329.643086 331.138996 330.975490 332.296576 333.447202
13.740000 331.370267 332.869696 333.932576 333.911024 335.053390 336.173623
13.840000 334.714329 335.866030 337.055773 337.063602 338.245382 339.490835
13.940000 337.247608 338.341280 339.571593 339.550756 340.783305 341.961377
14.040000 339.011120 340.316010 341.512854 341.508024 342.719709 344.042439
14.170000 341.239346 342.471451 343.738945 343.707422 344.906804 346.269001
14.260000 342.906355 344.056821 345.259650 345.277895 346.451029 347.880884
14.350000 344.434265 345.633023 346.837201 346.871159 348.159653 349.493902
14.430000 345.764178 347.041393 348.269366 348.294297 349.630070 350.919757
14.550000 347.518642 349.049202 350.345263 350.363491 351.716988 353.011773
14.600000 348.418774 349.964420 351.355381 351.316018 352.714734 353.936675
14.700000 350.568625 351.987922 353.263514 353.251600 354.562229 355.850980
14.770000 352.075703 353.459624 354.711156 354.689292 355.926474 357.184652
14.800000 352.704499 354.091710 355.356451 355.355534 356.571350 358.077548
14.850000 353.796256 355.182951 356.443220 356.433816 357.679683 359.308179
14.900000 354.881773 356.194117 357.418700 357.469694 358.720507 360.528249
14.950000 355.942242 357.162350 358.455093 358.485051 359.751450 361.706082
15.000000 356.996098 358.257456 359.461231 359.535378 360.786065 362.791517
15.050000 358.179839 359.319541 360.506694 360.618885 361.878716 363.946615
15.100000 359.161520 360.347037 361.594737 361.705093 362.970090 365.056163
15.140000 360.027087 361.137509 362.441701 362.590951 363.938902 366.013702
15.200000 361.193647 362.507627 363.857077 364.016779 365.586754 367.649059
15.250000 362.370063 363.674955 365.065384 365.342901 367.052111 369.579136
15.300000 363.515940 364.851701 366.486850 366.722396 368.627726 371.396423
15.350000 364.553577 366.142216 367.999002 368.171860 370.257505 373.034790
15.400000 365.831622 367.471150 369.659469 369.815848 372.177239 375.173831
15.500000 368.669715 370.783596 373.691165 373.928142 376.950338 380.894088
15.550000 370.418995 372.760469 375.794667 376.092618 379.397862 383.172467
15.600000 371.947500 374.730110 377.795665 377.991014 381.354414 385.088178
15.670000 375.151366 377.614335 380.960043 381.082228 384.301473 388.445508
15.700000 376.320496 378.949423 382.091853 382.254952 385.499408 389.379132
15.750000 378.373460 381.007577 384.595839 384.639632 388.250982 391.629730
15.780000 379.529241 382.460422 385.810645 385.971527 389.598045 392.837468
15.850000 383.968449 386.928949 390.233513 390.082009 393.200068 395.534568
15.900000 385.965657 389.134528 392.363970 392.142175 395.078781 397.094083
15.930000 387.212852 390.294449 393.490875 393.166218 395.964509 397.862970
16.000000 389.909701 392.955394 395.874162 395.449939 397.744880 399.296643
16.080000 393.503561 396.277177 398.292626 398.139918 400.050484 401.565539
16.140000 395.739634 398.209639 400.004044 399.879316 401.569680 403.580975
16.240000 398.942564 400.981410 402.652354 402.735698 404.501261 406.862713
16.345000 401.569496 403.670662 405.663058 405.740827 407.742619 410.288854
16.450000 403.791883 406.568494 408.768466 408.758038 410.964257 413.313640
16.540000 406.569571 409.417846 411.604560 411.526769 413.675487 415.726340
16.640000 411.160513 413.396798 415.502254 415.508864 417.558781 419.993360
16.740000 415.469387 417.515032 419.850133 419.704666 421.830009 423.375813
16.840000 420.382315 422.646534 424.190717 423.994874 425.414768 426.465053
16.930000 424.553635 426.054925 427.217734 427.190735 428.282614 429.902308
17.030000 428.041577 429.269349 430.885019 431.655192 434.358063 439.165241
17.136667 430.770493 432.382103 435.170409 435.778632 439.356395 443.204172
17.243333 433.246342 436.011274 439.584662 439.743584 443.398332 447.343632
17.350000 436.109906 439.732257 443.503067 443.398259 447.136247 450.032148
17.450000 439.279815 442.849803 446.167913 446.047193 449.328277 452.192973
17.550000 442.045026 445.572302 448.542266 448.501006 451.312168 454.595728
17.650000 444.871838 447.892726 450.800619 450.737896 453.530730 456.642004
17.750000 446.991335 450.094628 452.871328 452.875870 455.672547 458.676501
17.850000 449.109208 452.137926 455.071145 454.998247 457.848420 460.875319
17.920000 450.541654 453.507747 456.506632 456.521460 459.473883 462.350238
18.050000 453.303632 456.173360 459.303494 459.247829 462.275340 464.746592
18.150000 455.326082 458.368667 461.464050 461.456260 464.566700 466.926760
18.225000 457.471837 460.228430 463.072997 463.115499 466.197785 468.792210
18.300000 459.354304 462.069762 464.738323 464.799807 467.720781 470.569803
18.410000 461.978569 464.731229 467.377000 467.363219 470.180367 472.614136
18.450000 462.913587 465.742654 468.403506 468.359138 471.065865 473.489568
18.550000 465.296487 468.183623 470.904203 470.759090 473.271527 475.364016
18.650000 468.233113 470.725282 473.300630 473.166999 475.466528 477.228722
18.750000 471.361331 473.414966 475.789400 475.633896 477.720848 479.241045
18.850000 474.182114 476.549630 478.266930 478.199162 479.939762 481.383745
18.950000 477.630778 479.310385 480.819417 480.779790 482.249163 483.670684
19.050000 480.027517 481.526580 482.994379 483.044547 484.613912 486.248429
19.150000 482.111903 483.522848 485.117967 485.245743 486.976804 489.065101
19.250000 484.048704 485.447197 487.160026 487.358248 489.374312 491.542998
19.375000 486.226413 487.666806 489.728250 489.889986 492.169568 494.273655
19.500000 488.157937 489.836572 492.281507 492.353229 494.821539 496.922035
19.575000 489.505764 491.382813 493.916607 493.921253 496.394936 498.461086
19.650000 491.125697 493.115185 495.552194 495.557101 498.002362 499.897543
19.730000 492.669911 494.839577 497.342930 497.273620 499.558406 501.636835
19.850000 495.512692 497.555949 500.039212 499.907314 502.104232 503.865708
19.900000 496.844063 498.840012 501.320660 501.159179 503.385087 505.082946
19.950000 498.102916 500.168231 502.682660 502.434833 504.524727 506.121042
20.050000 501.058315 503.125872 505.139567 505.055912 506.860817 508.920845
20.150000 503.989129 505.899376 507.679084 507.712420 509.420231 511.858763
20.250000 506.354436 508.159231 509.821831 510.043300 511.987848 514.690397
20.350000 508.325481 510.287585 512.188261 512.378216 514.523479 517.134012
20.450000 510.545794 512.420902 514.571219 514.646953 516.940163 519.410625
20.550000 512.686402 514.679434 516.772071 516.953887 519.241027 521.780001
20.650000 515.001099 516.833105 518.936780 519.130537 521.333234 523.757876
20.750000 517.381580 519.029248 521.154304 521.293681 523.532440 525.902933
20.840000 519.167442 521.038110 523.187481 523.236731 525.397957 528.097230
20.900000 520.763569 522.431159 524.629950 524.679336 526.852709 529.577088
21.030000 523.490841 525.459306 527.610376 527.791062 530.073683 532.857713
21.100000 524.990678 527.262564 529.596770 529.796207 532.430663 535.458571
21.220000 528.129207 530.610451 533.748144 534.458950 538.577492 543.791763
21.340000 530.720062 533.291008 537.419153 537.980299 542.685657 547.484001
21.450000 533.072275 535.640409 540.732043 541.143781 546.728329 550.650985
21.550000 535.171600 538.253076 543.963565 543.893192 549.226762 552.980250
21.650000 537.922393 541.357128 546.587649 546.597955 551.503697 555.433002
21.750000 540.566530 544.257767 549.474377 549.293351 553.951913 557.717506
21.850000 543.313270 548.113753 552.544766 552.457471 556.969307 560.312163
21.950000 546.198956 551.586789 555.933826 555.742502 560.012474 563.677152
22.050000 551.908737 556.665933 560.594029 560.268659 563.744999 566.783189
22.150000 558.909408 562.430177 565.481916 565.343762 568.322793 570.623158
22.250000 563.889855 567.305156 569.733055 569.561880 572.054368 573.544901
22.350000 568.877533 570.962447 572.964029 572.830499 574.723920 576.138909
22.420000 571.247428 573.311773 574.953086 574.859750 576.441463 577.721518
22.550000 575.747430 577.118431 578.339442 578.274152 579.410401 580.469346
22.600000 577.301353 578.683232 579.778138 579.764486 580.838200 581.985021
22.640000 578.831187 580.012695 581.010032 581.103252 582.276468 583.560870
22.700000 580.534844 581.527307 582.800119 582.939706 584.290898 586.293465
22.750000 581.595082 582.634335 584.040529 584.226431 585.771538 587.671382
22.790000 582.477156 583.534021 585.075676 585.253465 586.896743 589.170122
22.850000 583.569671 584.761860 586.538878 586.710447 588.592638 591.087232
22.900000 584.513044 585.814519 587.707114 587.913003 589.817553 592.815255
23.000000 586.428933 587.962585 589.942505 590.146130 592.113942 595.085291
23.100000 588.410551 590.137764 592.135861 592.355375 594.672024 597.634955
23.175000 590.106097 591.790430 593.824400 594.106941 596.454773 599.658694
23.250000 591.739475 593.374853 595.640225 595.899927 598.467300 601.482555
23.300000 592.831430 594.554569 596.868508 597.115374 599.825423 602.803273
23.350000 594.045361 595.909096 598.180528 598.419105 601.204406 604.038972
23.400000 595.302951 597.286864 599.677976 599.829823 602.528186 605.082373
23.450000 596.666694 598.603353 601.282572 601.316027 603.978569 606.230669
23.500000 598.273483 600.302331 602.906812 602.895650 605.350443 607.489052
23.550000 599.764788 602.131212 604.556320 604.468564 606.733066 608.669239
23.600000 601.301590 604.083682 606.347128 606.236771 608.448536 610.496601
23.650000 603.526116 605.997112 608.076536 607.995166 610.034981 611.902786
23.700000 605.922784 607.932225 609.783272 609.775999 611.760572 613.405670
23.750000 607.402286 609.517800 611.313656 611.309674 613.203297 614.816044
23.850000 610.347021 612.569254 614.342961 614.215389 615.930159 617.216809
23.920000 612.378317 614.965971 616.642540 616.373329 617.831542 618.751502
24.050000 618.801916 619.622724 620.428298 620.401172 621.158047 621.919601
24.150000 621.404220 622.090976 622.734521 622.760666 623.450973 624.316507
24.220000 622.998498 623.698082 624.549003 624.589330 625.448408 626.568378
24.350000 625.248528 626.261650 627.522438 627.625375 629.013571 630.518235
24.400000 626.204375 627.183328 628.630163 628.752919 630.306775 631.899245
24.475000 627.499249 628.611364 630.208922 630.341671 632.090650 633.926134
24.550000 628.734434 630.011621 631.746426 631.861361 633.820111 635.443098
24.650000 630.450045 631.780403 633.651312 633.770904 635.750388 637.637884
24.750000 632.116721 633.557904 635.553061 635.597610 637.672507 639.434780
24.850000 633.764083 635.305008 637.446836 637.424286 639.475354 641.123282
24.950000 635.359684 637.165574 639.446572 639.367605 641.476503 643.281475
25.050000 637.172379 639.104706 641.572288 641.394136 643.590531 645.187572
25.150000 639.086196 641.029338 643.615354 643.400644 645.554616 646.897385
25.250000 640.899879 643.363312 645.885545 645.549596 647.477641 648.841442
25.320000 642.513612 645.086460 647.502845 647.129220 648.998052 650.206142
25.350000 643.093906 645.769911 648.191682 647.784662 649.610439 650.734687
25.420000 644.624979 647.418860 649.618925 649.231806 650.918223 652.045155
25.550000 647.572068 650.602286 652.156066 651.839490 653.143401 654.168116
25.640000 649.509669 652.801297 653.905337 653.673264 654.730011 655.579142
25.650000 649.870825 653.024599 654.131285 653.893372 654.943717 655.756771
25.730000 651.943866 654.704926 655.716350 655.579863 656.576438 657.523798
25.750000 652.693926 655.142426 656.115287 656.013768 657.026883 658.058455
25.840000 654.591930 656.747593 657.805353 657.775808 658.832512 660.492063
25.870000 655.333120 657.404269 658.441882 658.450864 659.526641 661.315174
25.940000 657.330981 658.837193 659.971655 660.043646 661.271688 663.398450
25.950000 657.555810 659.094340 660.245649 660.315811 661.633324 663.623646
26.040000 659.857660 661.367786 662.938187 663.255883 665.143779 668.081446
26.140000 662.368090 664.076239 666.438614 666.498429 668.878955 671.553195
26.180000 663.179753 665.234226 667.850774 667.824845 670.286953 672.892328
26.250000 665.158571 667.401476 670.267006 670.102937 672.604386 674.907164
26.350000 668.404766 671.060900 673.458855 673.378066 675.697630 677.872056
26.450000 672.034171 674.466065 676.656887 676.626234 678.781763 680.747259
26.500000 673.970612 676.148446 678.272126 678.193168 680.274148 682.064086
26.550000 675.722867 677.836674 679.724678 679.743243 681.744841 683.414769
26.600000 677.403155 679.426138 681.363517 681.343350 683.314860 684.919294
26.640000 678.918038 680.764319 682.830260 682.744372 684.697502 686.525525
26.700000 681.014796 683.064020 685.005297 685.014582 686.807154 688.987334
26.740000 682.603187 684.831906 686.653625 686.640791 688.393873 690.945891
26.800000 686.022388 687.553739 688.998915 689.414139 691.207231 695.326949
26.830000 686.988212 688.481438 690.021742 690.405006 692.239256 696.263217
26.840000 687.299066 688.738387 690.296277 690.716838 692.654250 696.724791
26.900000 688.872775 690.554880 692.544566 693.220624 696.266060 700.218044
27.000000 691.596999 694.243042 698.574961 698.314630 702.017242 704.660748
27.100000 695.430450 700.351212 703.164986 702.803313 705.380373 706.888323
27.200000 701.537418 704.080694 706.331937 706.007105 707.873380 709.245642
27.300000 704.684232 707.028648 708.658476 708.521754 710.019979 711.244144
27.400000 707.594066 709.254302 710.693953 710.577628 711.852031 713.019105
27.500000 710.113212 711.448131 712.721606 712.602025 713.692005 714.784882
27.600000 712.503340 713.641027 714.772627 714.777601 715.908868 717.193625
27.700000 714.517472 715.602318 716.837852 716.794481 717.930625 719.171015
27.800000 716.150000 717.458127 718.636875 718.642612 719.823535 721.228088
27.900000 718.063055 719.252115 720.508544 720.529030 721.730684 723.280029
28.000000 720.055189 721.255824 722.534254 722.609490 723.906006 725.797133
28.100000 722.349668 723.618985 725.034040 725.130289 726.492367 728.897938
28.140000 723.480568 724.697267 726.244423 726.405978 727.982456 730.393723
28.200000 725.188702 726.542573 728.363844 728.654577 731.007634 733.109028
28.240000 726.189286 727.843836 729.912771 730.059674 732.427210 734.253224
28.300000 727.900154 730.134872 732.539567 732.309666 734.399799 735.707919
28.340000 728.998113 731.668394 733.943662 733.650576 735.580925 736.613925
28.400000 731.153167 734.126878 735.728723 735.485430 736.982318 738.175184
28.410000 731.305588 734.399935 735.989343 735.723656 737.179518 738.387938
28.530000 733.286350 736.568388 738.071957 737.896207 739.325949 740.637188
28.650000 735.870790 738.535403 740.058995 739.955998 741.501505 742.928726
28.770000 738.460323 740.597830 742.042721 741.974537 743.426493 744.965281
28.850000 739.973995 742.073576 743.475453 743.390405 744.825434 746.477021
28.950000 741.977415 743.905769 745.199640 745.212123 746.617970 748.129369
29.050000 744.020094 745.575131 746.914751 746.926698 748.284683 749.890674
29.120000 745.133779 746.756449 748.077228 748.102776 749.468969 751.071203
29.250000 747.114063 748.739486 750.083992 750.124594 751.637139 753.363846
29.350000 748.823024 750.211684 751.730235 751.762531 753.336783 754.933549
29.460000 750.339476 751.969333 753.616165 753.573487 755.221575 756.645647
29.550000 751.768110 753.552572 755.146944 755.158412 756.872631 758.518271
29.650000 753.608874 755.223555 756.987110 756.998621 758.790262 760.670068
29.750000 755.203592 756.877759 758.825470 758.881644 760.750335 763.090727
29.850000 757.030050 758.662452 760.814525 760.890916 763.096181 765.396808
29.940000 758.546386 760.582151 762.999643 763.095278 765.780191 768.555219
30.050000 761.329329 763.643409 766.465252 766.531142 769.523256 772.322381
30.160000 764.616077 767.488127 770.676622 770.684789 773.773228 776.407259
30.240000 767.392671 770.564617 773.971765 773.700832 776.603701 779.278096
30.310000 769.549650 773.333790 776.327394 776.076160 778.658771 781.337344
30.430000 774.455316 777.641462 779.990133 779.842386 782.084558 784.017667
30.550000 778.650186 781.425962 783.450669 783.281194 785.237749 786.554006
30.650000 782.347123 784.572112 786.408860 786.207134 787.811916 789.107440
30.740000 785.875131 787.465394 789.055218 788.973274 790.379764 791.963676
30.850000 789.977207 791.242444 792.667995 792.711556 794.170585 795.578071
30.950000 792.311493 793.500587 795.006659 795.131118 796.720623 798.580563
31.050000 794.164378 795.555808 797.048528 797.254393 798.974411 801.147539
31.150000 795.720214 797.335645 799.025366 799.159966 801.007235 803.268148
31.250000 797.490641 799.133909 800.915733 801.068074 802.994892 805.339231
31.350000 799.235521 800.984476 803.001092 803.062332 805.158135 807.297162
31.450000 801.309212 803.057020 805.205846 805.227696 807.364802 809.306994
31.520000 802.687779 804.724380 806.952722 806.979665 809.131013 811.356189
31.620000 805.824835 807.847141 810.030977 809.992305 812.161396 814.324142
31.740000 809.654828 811.965320 813.880450 813.988687 816.049074 818.541805
31.840000 812.531186 814.603742 816.663433 816.774332 818.962660 821.613593
31.930000 815.245568 816.950827 819.058974 819.270380 821.640621 824.571750
32.040000 817.244793 819.197612 821.822922 821.956080 824.473025 828.063180
32.150000 819.136459 821.445102 824.491936 824.488627 827.189989 830.513362
32.250000 820.936787 823.497024 826.604441 826.693145 829.600844 832.873893
32.350000 823.261121 825.771034 828.815321 828.928490 831.946399 835.346628
32.450000 825.244926 828.127769 830.891512 831.107343 834.353337 837.993122
32.550000 827.514208 830.217245 833.126732 833.237288 836.360736 839.631259
32.650000 829.443536 832.371179 835.221056 835.399210 838.449639 841.517153
32.750000 831.791182 834.775054 837.716924 837.613194 840.592090 843.104513
32.850000 834.144460 837.357840 839.978566 839.960323 842.832974 845.179399
32.950000 837.097267 839.713703 842.353927 842.337589 844.957016 847.090453
33.050000 839.489506 842.029240 844.553127 844.567115 847.161469 849.344732
33.150000 841.950332 844.401025 846.812962 846.768988 849.208058 851.470202
33.250000 844.147953 846.901725 849.021685 849.015347 851.128898 853.627920
33.340000 846.340422 849.102203 851.050938 851.052315 853.132180 855.140884
33.430000 848.688019 851.359942 853.066899 853.128311 855.224667 856.951017
33.550000 852.002050 854.191829 855.963316 856.010495 858.124983 859.619554
33.650000 854.661108 856.554043 858.511033 858.457746 860.391292 861.761471
33.750000 856.915280 858.912200 861.045504 860.822903 862.669952 863.693191
33.850000 859.552843 861.633000 863.220152 863.053233 864.463541 865.542984
33.950000 863.468778 864.802672 865.760018 865.723457 866.657487 867.536292
34.050000 866.420284 867.262346 868.114137 868.187944 869.158997 870.223464
34.150000 868.313498 869.258359 870.259196 870.340496 871.469097 872.821263
34.250000 870.227743 871.235283 872.290088 872.395760 873.615477 874.875954
34.350000 871.899591 872.939789 874.155233 874.203191 875.419254 876.929215
34.450000 873.669853 874.704987 875.965017 876.007770 877.275228 878.606722
34.550000 875.534053 876.593193 877.827894 877.915405 879.211005 880.839802
34.670000 877.876272 879.034233 880.264979 880.448423 881.900244 883.871765
34.700000 878.468065 879.695786 880.967385 881.153846 882.705789 884.651405
34.750000 879.502572 880.777182 882.145810 882.320673 883.983441 885.836198
34.800000 880.595381 881.866580 883.462023 883.574683 885.328394 887.308532
34.850000 881.734147 882.972566 884.704551 884.842305 886.699357 889.024440
34.900000 882.741061 884.176528 886.009683 886.161314 888.127257 890.390344
34.930000 883.563552 884.863146 886.810527 886.974250 889.058009 891.182732
35.030000 885.855630 887.410978 889.752032 889.831086 892.289408 894.131710
35.050000 886.271802 887.928720 890.339531 890.392745 892.809790 894.698971
35.100000 887.541155 889.418950 892.029425 891.918934 894.316037 896.179698
35.150000 889.005559 890.966812 893.639663 893.440074 895.870227 897.413468
35.200000 890.277727 892.428201 895.436964 895.102686 897.492323 899.333814
35.250000 891.871606 894.104708 897.069463 896.745738 899.126223 900.843608
35.300000 893.186719 895.633888 898.584598 898.340131 900.699665 902.601348
35.350000 894.685931 897.539758 900.379813 900.047848 902.256915 904.320319
35.360000 894.943395 897.906188 900.699686 900.349576 902.547347 904.664679
35.450000 899.423432 901.676102 903.841445 903.825340 905.959455 908.454442
35.500000 901.394361 903.306391 905.452042 905.441598 907.578086 909.806943
35.550000 902.920289 904.961810 907.111674 907.064197 909.025098 911.178677
35.600000 904.536342 906.486890 908.647561 908.556326 910.608289 912.346661
35.650000 905.750852 908.032975 910.146060 909.958942 911.797713 913.425795
35.730000 908.229980 910.312457 912.332170 912.101287 913.823697 914.979649
35.750000 908.770236 910.935692 912.904706 912.651057 914.292067 915.475113
35.800000 910.716567 912.574765 914.206456 913.998531 915.384189 916.625732
35.850000 912.277600 914.058209 915.467997 915.338293 916.570362 917.810541
35.880000 912.989912 914.897043 916.146321 916.061110 917.256969 918.399049
36.000000 916.481964 917.540320 918.779837 918.808600 920.078229 921.178638
36.050000 917.422810 918.698327 919.881223 919.954077 921.272933 922.520212
36.100000 918.455253 919.734562 921.060448 921.108516 922.487736 923.875140
36.150000 919.549835 920.953154 922.372432 922.373829 923.768948 925.749613
36.200000 920.943605 922.121737 923.622282 923.693354 925.167860 927.235135
36.250000 922.018858 923.331523 924.931303 925.042479 926.777397 928.535010
36.300000 923.214189 924.583490 926.334112 926.412390 928.389254 929.966947
36.350000 924.458321 925.867730 927.834088 927.815830 929.799048 931.256134
36.410000 925.916851 927.488938 929.666617 929.575504 931.623593 933.070732
36.430000 926.454142 928.048263 930.235723 930.102315 932.133858 933.577483
36.500000 928.131290 929.971243 931.888627 931.847151 933.810061 935.151617
36.550000 929.524529 931.399258 933.158178 933.136825 935.082848 936.536496
36.600000 930.746925 932.633608 934.431486 934.426804 936.362624 937.872333
36.650000 932.262579 933.871187 935.780737 935.733313 937.506899 939.280909
36.700000 933.395426 935.139530 937.132013 937.042198 938.795183 940.444214
36.750000 934.553530 936.365417 938.430721 938.335330 940.073135 941.836020
36.800000 935.910736 937.725551 939.992530 939.765510 941.650791 943.422504
36.850000 937.113372 938.859089 941.184220 941.027769 943.074127 944.430544
36.920000 939.050872 940.879574 943.101906 942.916536 944.842624 946.079822
37.000000 941.434117 943.268410 945.236182 945.024088 946.698639 947.896873
37.050000 943.030681 944.833626 946.446387 946.300470 947.769216 948.841056
37.100000 944.705560 946.327659 947.760899 947.621192 948.869359 949.884244
37.150000 946.419326 947.726696 948.940134 948.852911 949.988344 950.859183
37.230000 948.638852 949.710848 950.609012 950.605606 951.594538 952.357363
37.250000 949.288640 950.210424 951.026173 951.065992 952.020596 952.747032
37.300000 950.558360 951.282388 952.097807 952.114109 952.981942 953.731176
37.360000 951.649483 952.401875 953.257109 953.222537 954.042748 954.715364
37.410000 952.467512 953.337117 954.158007 954.117983 954.899694 955.546154
37.450000 953.181300 954.054136 954.847088 954.808229 955.566680 956.182183
37.500000 954.082974 954.906947 955.683338 955.630707 956.325736 956.890554
37.550000 955.024023 955.812823 956.476842 956.432841 957.023561 957.564311
37.600000 956.086746 956.711630 957.306272 957.264884 957.804487 958.292705
37.650000 957.253435 957.732751 958.222620 958.216290 958.705130 959.173349
37.750000 959.220305 959.722245 960.244142 960.307656 960.915191 961.759227
37.850000 960.952043 961.618451 962.342868 962.510754 963.559445 964.715460
37.950000 962.530944 963.340117 964.325870 964.558259 965.932221 967.314653
38.020000 963.708852 964.630915 965.887454 966.133842 967.704486 969.440236
38.150000 965.895324 967.120350 968.946245 969.287269 971.081074 975.878915
38.250000 967.496122 969.020128 971.180119 971.738419 973.874467 982.226980
38.330000 969.079578 970.647303 973.283484 973.998866 976.832736 984.663372
38.430000 970.877291 972.906905 976.314198 977.060698 981.045008 988.107051
38.550000 973.193373 975.738537 980.911782 980.811705 985.301227 991.286960
38.650000 975.048231 978.548787 983.989326 983.802085 988.379388 994.035252
38.750000 977.681989 981.769547 986.703269 986.626825 991.067434 996.291197
38.860000 981.584564 985.667142 989.606230 989.784917 994.113998 998.780931
38.950000 984.502653 988.072461 992.271443 992.289338 996.398652 1000.924988
39.050000 988.133423 991.183508 994.972849 995.164552 998.985686 1003.299776
39.150000 991.291810 994.534104 998.180237 998.166332 1001.665942 1005.603679
39.250000 994.037362 998.071110 1001.415630 1001.382271 1004.715364 1008.116492
39.350000 997.164163 1001.549710 1004.483220 1004.413542 1007.692291 1010.566383
39.460000 1000.613685 1004.315746 1007.583309 1007.373687 1010.480930 1012.863688
39.570000 1004.152685 1007.611704 1010.464151 1010.280714 1013.045694 1015.000678
39.650000 1006.350937 1010.040147 1012.674808 1012.551022 1015.090400 1017.219644
39.750000 1010.535773 1013.368743 1015.505056 1015.531666 1017.822304 1020.616048
39.830000 1013.008009 1015.571093 1017.609179 1017.724134 1019.970124 1022.393565
39.920000 1015.519942 1017.747027 1019.858782 1019.947741 1022.458853 1024.233488
40.050000 1018.364715 1020.758840 1022.995974 1022.964924 1025.194195 1026.726667
40.150000 1020.932533 1023.240893 1025.530113 1025.320272 1027.266928 1028.559839
40.250000 1024.019872 1025.950084 1027.964947 1027.716823 1029.309726 1030.497529
40.350000 1026.981310 1028.787811 1030.208873 1030.068014 1031.321711 1032.497759
40.450000 1030.227783 1031.422762 1032.576944 1032.710488 1034.101789 1035.571891
40.550000 1032.329958 1033.428831 1034.889243 1035.052694 1036.598521 1038.680946
40.630000 1033.849189 1035.038762 1036.672273 1036.809533 1038.547704 1040.707073
40.750000 1035.995903 1037.415681 1039.359377 1039.414769 1041.344409 1043.531333
40.850000 1037.823544 1039.613020 1041.734653 1041.736258 1043.774024 1046.056279
40.950000 1040.198644 1042.016761 1044.460650 1044.453780 1046.740393 1049.650840
41.010000 1041.306488 1043.568765 1046.038629 1046.058902 1048.496193 1051.223576
41.150000 1044.254469 1046.953168 1049.918231 1049.712607 1052.380338 1054.451636
41.250000 1046.075421 1049.578934 1052.702475 1052.285550 1054.808346 1056.512987
41.330000 1048.004038 1051.902719 1054.681954 1054.273724 1056.629315 1058.429446
41.420000 1050.666607 1054.286153 1056.800507 1056.507910 1058.709752 1060.345879
41.550000 1054.837227 1057.836688 1060.500064 1060.095265 1062.148696 1063.706796
41.650000 1061.076093 1063.059488 1064.606184 1064.517530 1066.047942 1067.481171
41.750000 1064.482278 1065.880478 1067.170393 1067.250749 1068.695030 1070.222163
41.850000 1066.394607 1068.028789 1069.429569 1069.474747 1071.039651 1072.709847
41.950000 1068.553285 1069.912212 1071.503806 1071.519969 1073.134636 1074.448396
42.050000 1070.304830 1071.944573 1073.515856 1073.483577 1075.018015 1076.186689
42.150000 1072.398445 1074.090371 1075.498396 1075.438844 1076.805917 1077.987559
42.250000 1075.047395 1076.424919 1077.593723 1077.559190 1078.750922 1079.961803
42.350000 1077.058522 1078.391173 1079.644318 1079.630444 1080.862124 1082.259669
42.450000 1079.282712 1080.442151 1081.701311 1081.790274 1083.197339 1084.672708
42.520000 1080.736895 1081.797138 1083.270485 1083.350387 1084.775140 1086.793536
42.650000 1082.814884 1084.198234 1085.844874 1085.938579 1087.598862 1089.625568
42.750000 1084.623046 1086.066457 1087.916959 1088.003220 1089.941250 1092.180419
42.830000 1086.152224 1087.649994 1089.516933 1089.716195 1091.783002 1094.141395
42.920000 1088.007206 1089.466425 1091.496722 1091.629111 1093.814943 1096.163320
43.050000 1090.375517 1092.120498 1094.113154 1094.300470 1096.654972 1098.753151
43.150000 1092.279776 1094.346701 1096.390821 1096.470056 1098.679296 1100.922523
43.250000 1094.615316 1096.639201 1098.756494 1098.756559 1100.852083 1102.973311
43.350000 1097.499745 1099.392216 1101.242454 1101.261722 1103.268161 1104.778711
43.450000 1100.500082 1102.089015 1103.898745 1103.840887 1105.547999 1106.939946
43.550000 1103.218502 1104.771314 1106.241301 1106.234531 1107.730981 1109.120821
43.650000 1105.634428 1107.064165 1108.484519 1108.423785 1109.773735 1111.235645
43.750000 1107.672072 1109.308387 1110.685941 1110.645889 1112.007798 1113.373031
43.850000 1110.007299 1111.613601 1113.086885 1113.087956 1114.615959 1116.129189
43.950000 1112.363358 1113.682979 1115.139684 1115.227618 1116.765536 1118.155357
44.010000 1113.522823 1114.957478 1116.384010 1116.450731 1117.919227 1119.444849
44.150000 1116.105965 1117.440762 1118.874522 1118.874339 1120.173249 1121.733334
44.200000 1117.154555 1118.451667 1119.853403 1119.851823 1121.165704 1122.660145
44.250000 1118.043313 1119.419660 1120.789253 1120.810694 1122.056506 1123.784695
44.300000 1119.189948 1120.370809 1121.782407 1121.778815 1122.926978 1124.671605
44.330000 1119.753063 1120.964218 1122.365808 1122.364109 1123.529174 1125.326323
44.380000 1120.618060 1121.957361 1123.266196 1123.287249 1124.387305 1126.687927
44.420000 1121.421583 1122.683693 1124.007476 1124.020293 1125.103991 1127.434192
44.530000 1123.253574 1124.688689 1125.855479 1125.955913 1127.037231 1130.266994
44.550000 1123.590771 1125.039626 1126.218391 1126.347049 1127.444584 1130.784845
44.600000 1124.655561 1126.040829 1127.227493 1127.359840 1128.425735 1132.329728
44.650000 1125.765649 1127.073100 1128.324608 1128.436246 1129.567048 1133.642892
44.700000 1126.678335 1128.092693 1129.444620 1129.548094 1130.816162 1134.634553
44.750000 1127.598276 1129.084705 1130.458989 1130.610216 1132.053638 1135.377648
44.800000 1128.563108 1130.049230 1131.574079 1131.683813 1133.169743 1136.375848
44.850000 1129.639856 1131.160854 1132.623665 1132.794945 1134.363335 1137.169522
44.910000 1130.955775 1132.475351 1134.020760 1134.158654 1135.864069 1138.268382
44.950000 1131.989057 1133.340119 1135.002983 1135.116976 1136.862310 1139.253255
45.020000 1133.535786 1135.116271 1136.726494 1136.836279 1138.554812 1140.686281
45.050000 1134.122676 1135.801578 1137.424470 1137.539335 1139.301008 1141.407494
45.100000 1135.091557 1136.893902 1138.547012 1138.641637 1140.389424 1142.466008
45.150000 1136.121350 1137.963536 1139.502865 1139.681198 1141.565382 1143.521688
45.230000 1137.724301 1139.459018 1141.021857 1141.230139 1143.222995 1145.195364
45.300000 1139.058540 1140.689927 1142.352991 1142.569593 1144.579439 1146.679302
45.410000 1141.090774 1142.587153 1144.426523 1144.574213 1146.713413 1148.698043
45.510000 1142.662498 1144.261652 1146.245645 1146.403538 1148.572126 1150.846615
45.600000 1144.195032 1145.820391 1147.903721 1148.053437 1150.281653 1152.615862
45.700000 1145.724386 1147.621636 1149.903784 1149.854516 1151.939128 1154.237358
45.800000 1147.402526 1149.410008 1151.666559 1151.670615 1153.959333 1156.233217
45.910000 1149.273174 1151.387291 1153.555382 1153.688463 1156.082691 1158.174114
46.000000 1151.006806 1153.046971 1155.314093 1155.394078 1157.795081 1159.997154
46.100000 1152.816916 1154.945252 1157.280847 1157.330676 1159.688832 1162.180200
46.200000 1155.084795 1156.868966 1159.221653 1159.274337 1161.646365 1164.063485
46.300000 1156.850137 1158.647421 1161.152435 1161.181266 1163.671262 1166.020572
46.350000 1157.903032 1159.604268 1162.302594 1162.200684 1164.708130 1166.982826
46.410000 1159.100923 1160.758191 1163.524804 1163.429178 1165.941901 1168.155079
46.450000 1159.892263 1161.519245 1164.393006 1164.279638 1166.795875 1169.117449
46.510000 1161.037888 1162.742703 1165.692332 1165.547568 1168.061725 1169.984281
46.550000 1161.840368 1163.614232 1166.673278 1166.433016 1169.031908 1170.804230
46.600000 1162.815784 1164.586720 1167.901736 1167.546625 1170.144840 1171.920352
46.650000 1163.759046 1165.722680 1169.254868 1168.771310 1171.373418 1173.025882
46.730000 1165.220677 1167.345271 1171.443540 1170.765449 1173.343560 1175.129939
46.750000 1165.660639 1167.782258 1171.952131 1171.242951 1173.793564 1175.664136
46.800000 1166.887444 1169.028960 1173.098673 1172.428552 1174.952851 1176.726970
46.870000 1168.367751 1170.542498 1174.789608 1174.079671 1176.747567 1178.332448
46.910000 1169.250976 1171.300711 1175.579248 1174.966972 1177.693384 1179.366821
46.950000 1170.225143 1172.163054 1176.503816 1175.870410 1178.558079 1180.209952
47.000000 1171.273845 1173.378786 1177.600113 1176.974086 1179.720576 1181.029795
47.030000 1171.923017 1174.056336 1178.288697 1177.618244 1180.314989 1181.532505
47.100000 1173.158882 1175.724336 1179.743377 1179.052929 1181.633593 1182.872301
47.150000 1174.299824 1177.023320 1180.640379 1180.063199 1182.463670 1183.711194
47.250000 1176.343438 1179.791279 1182.482532 1182.004852 1184.076680 1185.348243
47.350000 1178.461150 1181.977951 1184.310697 1183.859429 1185.611680 1186.825466
47.450000 1180.611675 1184.282482 1186.083731 1185.736086 1187.211200 1188.268184
47.550000 1184.197494 1186.722786 1187.926846 1187.734861 1188.922190 1189.872791
47.560000 1184.456045 1186.952383 1188.186751 1187.969811 1189.138420 1190.074022
47.650000 1188.038185 1189.292128 1190.353504 1190.327617 1191.410583 1192.766897
47.750000 1190.605213 1191.883577 1193.081709 1193.141709 1194.438223 1196.100638
47.850000 1193.441659 1194.715945 1196.214022 1196.415940 1198.179645 1200.402315
47.950000 1195.416744 1197.086557 1199.011452 1199.108395 1201.221551 1203.273074
48.050000 1197.194762 1199.420735 1201.535734 1201.479138 1203.661775 1205.305594
48.150000 1199.146309 1201.597535 1203.900035 1203.684156 1205.841589 1207.348381
48.250000 1201.436901 1203.690734 1205.985144 1205.767594 1207.675666 1209.232240
48.350000 1203.451253 1205.898827 1208.061573 1207.844179 1209.724920 1211.086794
48.450000 1205.556583 1207.961754 1210.273395 1210.023706 1211.918627 1213.339340
48.530000 1207.126549 1209.947057 1212.258838 1212.011605 1213.893313 1215.684104
48.550000 1207.562265 1210.417188 1212.796772 1212.529538 1214.443139 1216.236753
48.650000 1210.251727 1213.268786 1215.477583 1215.341059 1217.349390 1219.641048
48.750000 1212.606873 1215.454078 1217.878656 1217.698071 1219.906033 1221.886974
48.850000 1215.167060 1217.996756 1220.508823 1220.196108 1222.333148 1224.059075
48.950000 1217.884344 1220.813297 1223.018086 1222.800564 1224.845367 1226.540505
49.060000 1221.572197 1223.922821 1225.899024 1225.802179 1227.649937 1229.516956
49.150000 1224.217622 1226.245274 1228.016889 1228.000972 1229.800842 1231.398592
49.250000 1226.664798 1228.287846 1230.111570 1230.036082 1231.717341 1233.260806
49.350000 1228.472040 1230.168699 1231.992839 1231.886588 1233.574470 1234.850053
49.450000 1230.398747 1232.063072 1233.795454 1233.673283 1235.297902 1236.534305
49.550000 1232.210977 1233.860115 1235.449763 1235.387708 1236.975900 1238.061220
49.660000 1234.242933 1235.799219 1237.342695 1237.251458 1238.739372 1239.808130
49.750000 1236.105003 1237.542528 1238.953263 1238.850827 1240.160221 1241.063804
49.850000 1238.403651 1239.742942 1240.926278 1240.812442 1241.900574 1242.706502
49.950000 1240.720899 1241.964603 1242.856589 1242.834146 1243.734767 1244.727593
50.050000 1243.178730 1244.036952 1244.963725 1245.132337 1246.177375 1247.836242
50.150000 1245.113743 1246.239619 1247.588338 1247.910692 1249.542243 1252.946602
50.275000 1247.193019 1248.785860 1250.887688 1251.206526 1253.561519 1257.179266
50.400000 1249.471452 1251.807039 1254.387299 1254.619924 1257.465908 1260.861719
50.525000 1252.444701 1255.198595 1257.858051 1257.944179 1260.818433 1263.695687
50.650000 1255.970967 1258.544961 1261.350467 1261.288277 1264.050093 1266.364006
50.750000 1258.677240 1261.318959 1263.704637 1263.680376 1266.075788 1268.060726
50.850000 1261.630787 1264.309532 1266.324600 1266.280027 1268.322228 1270.138629
50.930000 1264.547145 1266.634181 1268.446060 1268.481173 1270.376415 1272.260342
51.040000 1267.887494 1269.551059 1271.135303 1271.243319 1273.064475 1274.931257
51.140000 1270.134426 1271.737743 1273.531720 1273.631315 1275.568407 1277.519424
51.240000 1272.490035 1274.127892 1275.973348 1276.004427 1277.891697 1279.648554
51.340000 1274.575176 1276.763062 1278.637036 1278.478641 1280.148327 1281.522697
51.440000 1277.373404 1279.590144 1281.121579 1280.992730 1282.433115 1283.714047
51.510000 1279.267315 1281.481284 1282.934770 1282.883524 1284.327420 1286.034911
51.650000 1283.722456 1285.279907 1286.863681 1287.080821 1288.932893 1291.490094
51.750000 1285.580479 1287.296434 1289.231951 1289.436828 1291.613130 1293.997651
51.850000 1287.496930 1289.259627 1291.574866 1291.595740 1293.868373 1296.194596
51.950000 1289.119193 1291.172034 1293.630764 1293.652205 1296.114904 1298.309376
52.060000 1291.197428 1293.258189 1295.798972 1295.783939 1298.364138 1300.525035
52.150000 1292.716482 1295.123302 1297.633427 1297.588718 1300.048776 1302.349211
52.250000 1294.716849 1297.170826 1299.575545 1299.553983 1301.948634 1303.952005
52.350000 1296.851231 1299.584480 1301.874736 1301.746649 1303.929393 1305.958257
52.450000 1299.820916 1302.226969 1304.323249 1304.151869 1306.013473 1307.608551
52.550000 1302.628556 1304.922981 1306.811596 1306.615346 1308.303309 1309.602289
52.650000 1306.130058 1307.993076 1309.322508 1309.293175 1310.679307 1311.829645
52.750000 1308.674240 1310.269602 1311.463790 1311.466721 1312.747237 1313.839785
52.850000 1311.262870 1312.396618 1313.603358 1313.538658 1314.626087 1315.710798
52.950000 1313.525370 1314.690410 1315.630435 1315.583476 1316.518561 1317.382583
53.020000 1314.931571 1316.151056 1317.111454 1317.075443 1318.027613 1318.836234
53.060000 1315.815727 1317.112996 1318.114788 1318.047397 1318.981720 1319.871279
53.150000 1318.823088 1319.847677 1320.978484 1321.334793 1322.877826 1325.789565
53.250000 1320.868207 1322.081385 1323.690211 1324.112081 1326.342987 1329.014244
53.350000 1322.825895 1324.379355 1326.369440 1326.732968 1329.319397 1331.908319
53.450000 1324.681151 1326.893101 1329.219264 1329.389382 1332.120011 1334.470500
53.550000 1326.963954 1329.196662 1331.810845 1331.897861 1334.660129 1336.685503
53.650000 1329.065780 1331.843212 1334.325459 1334.291922 1336.911340 1338.931689
53.750000 1331.736186 1334.317179 1336.760082 1336.620371 1339.022582 1340.600577
53.850000 1334.261079 1337.004130 1339.075802 1338.923451 1340.909817 1342.425282
53.950000 1337.066445 1339.655053 1341.352452 1341.209671 1342.878253 1344.063294
54.000000 1338.661534 1340.992900 1342.632642 1342.451231 1343.950183 1345.039576
54.050000 1339.930153 1342.296517 1343.745689 1343.557448 1344.911532 1345.874644
54.130000 1342.696055 1344.402523 1345.532882 1345.403083 1346.483513 1347.193069
54.150000 1343.177112 1344.848422 1346.020961 1345.882884 1346.971016 1347.674603
54.200000 1345.017023 1346.354519 1347.324228 1347.307846 1348.316185 1349.341405
54.250000 1346.250323 1347.447638 1348.375736 1348.372931 1349.343836 1350.376727
54.280000 1347.174132 1348.203468 1349.075892 1349.109163 1350.043232 1351.146291
54.350000 1348.792224 1349.624901 1350.505261 1350.570871 1351.538511 1352.465226
54.400000 1349.862061 1350.620663 1351.639647 1351.641817 1352.632690 1353.632170
54.450000 1350.591053 1351.550226 1352.652437 1352.611778 1353.676143 1354.631749
54.500000 1351.581517 1352.433523 1353.589878 1353.569858 1354.609104 1355.699909
54.520000 1351.952915 1352.853899 1353.973147 1353.965865 1355.033420 1355.943937
54.600000 1353.280932 1354.378372 1355.461435 1355.423716 1356.502385 1357.348532
54.650000 1354.166926 1355.331354 1356.412533 1356.358079 1357.370336 1358.189477
54.700000 1355.309057 1356.353892 1357.410965 1357.334159 1358.264782 1359.204481
54.750000 1356.126813 1357.279685 1358.249179 1358.212531 1359.177472 1360.020663
54.800000 1356.928881 1358.158556 1359.109192 1359.084884 1360.045423 1360.992426
54.850000 1357.818708 1359.024892 1359.947165 1359.928028 1360.862604 1361.784277
54.930000 1359.443102 1360.465827 1361.366276 1361.400704 1362.360741 1363.456881
54.950000 1359.866316 1360.801068 1361.728528 1361.779446 1362.728488 1363.854832
55.000000 1361.065325 1361.799149 1362.716854 1362.790625 1363.797936 1364.952644
55.100000 1362.599835 1363.484449 1364.512408 1364.628570 1365.840868 1367.111524
55.150000 1363.382774 1364.326364 1365.379656 1365.534312 1366.905563 1368.170409
55.200000 1364.196660 1365.162079 1366.389078 1366.516170 1367.974919 1369.253727
55.250000 1365.193315 1366.037658 1367.433312 1367.579722 1369.160713 1370.545691
55.300000 1366.044537 1367.083217 1368.611747 1368.690190 1370.335417 1371.509011
55.330000 1366.639399 1367.662503 1369.319469 1369.342440 1370.944111 1372.130912
55.400000 1367.920745 1369.148516 1370.822358 1370.768292 1372.285396 1373.605350
55.450000 1368.896124 1370.208623 1371.892478 1371.807424 1373.288808 1374.536334
55.500000 1369.744034 1371.212642 1372.839432 1372.793912 1374.275749 1375.541959
55.550000 1370.615055 1372.225805 1373.779622 1373.740279 1375.185028 1376.466644
55.600000 1371.563545 1373.230686 1374.755431 1374.682328 1376.100776 1377.434092
55.640000 1372.314767 1374.032861 1375.449423 1375.386067 1376.824437 1378.170402
55.755000 1374.115325 1375.837231 1377.223232 1377.203419 1378.600204 1380.067753
55.870000 1375.862390 1377.637361 1378.976840 1378.971870 1380.340971 1381.797837
55.985000 1377.999862 1379.475406 1380.766468 1380.754041 1382.140140 1383.309894
56.100000 1379.904562 1381.274052 1382.564338 1382.520602 1383.783883 1384.942017
56.200000 1381.440208 1382.862468 1384.051300 1384.057124 1385.296528 1386.450539
56.300000 1383.537789 1384.577943 1385.660523 1385.691240 1386.836894 1387.902875
56.400000 1385.079294 1386.086917 1387.216488 1387.202854 1388.261301 1389.286073
56.500000 1386.457420 1387.529051 1388.647116 1388.626591 1389.696580 1390.759829
56.600000 1387.748265 1388.910742 1390.037591 1389.979734 1391.060710 1391.931133
56.700000 1389.243258 1390.279095 1391.365164 1391.328185 1392.347937 1393.267144
56.800000 1390.683330 1391.632322 1392.698915 1392.657991 1393.638007 1394.560830
56.900000 1392.070707 1393.084344 1394.036895 1394.011448 1394.886910 1395.852621
57.000000 1393.443648 1394.417743 1395.328941 1395.315851 1396.186508 1397.177315
57.120000 1395.038367 1395.899522 1396.847872 1396.825043 1397.738272 1398.570568
57.200000 1396.128000 1396.960244 1397.870171 1397.877944 1398.829146 1399.599552
57.300000 1397.477197 1398.298790 1399.166657 1399.180423 1400.084544 1400.840043
57.400000 1398.732512 1399.693395 1400.519467 1400.509631 1401.400193 1402.238999
57.500000 1399.995467 1400.969297 1401.789034 1401.812822 1402.677801 1403.383299
57.560000 1400.876655 1401.786824 1402.694868 1402.664959 1403.509341 1404.268776
57.600000 1401.488392 1402.414437 1403.286423 1403.268670 1404.113389 1404.893552
57.650000 1402.248451 1403.151140 1404.010998 1403.995281 1404.837347 1405.692201
57.700000 1403.061742 1403.937120 1404.820167 1404.792215 1405.605796 1406.426500
57.750000 1404.020547 1404.828800 1405.637718 1405.668167 1406.509374 1407.335207
57.800000 1404.954932 1405.725735 1406.589138 1406.612237 1407.473047 1408.443356
57.850000 1406.017193 1406.889377 1407.771603 1407.850481 1408.790844 1409.993726
57.900000 1407.239694 1408.083142 1409.094489 1409.196414 1410.291316 1411.712781
57.950000 1408.320481 1409.274757 1410.386376 1410.478706 1411.684693 1413.084628
58.050000 1410.100655 1411.477214 1412.803666 1412.848330 1414.256080 1415.649683
58.100000 1411.143211 1412.541882 1414.031154 1414.022850 1415.459788 1416.921054
58.150000 1412.277390 1413.718031 1415.162360 1415.169597 1416.561497 1418.124408
58.200000 1413.362078 1414.723367 1416.206130 1416.217559 1417.643971 1419.076288
58.250000 1414.316376 1415.802722 1417.260634 1417.253503 1418.721187 1420.308118
58.300000 1415.485021 1416.794515 1418.374101 1418.355931 1419.925733 1421.357349
58.350000 1416.454266 1417.787561 1419.483017 1419.444531 1420.983480 1422.452319
58.400000 1417.510397 1418.985644 1420.509836 1420.528157 1422.080090 1423.480799
58.450000 1418.639836 1420.093134 1421.667237 1421.649605 1423.210026 1424.501426
58.500000 1419.601347 1421.246599 1422.828536 1422.772605 1424.268131 1425.479101
58.550000 1420.959395 1422.507923 1424.124581 1424.003351 1425.415622 1426.705112
58.600000 1422.311300 1423.798499 1425.321562 1425.221144 1426.609759 1427.708671
58.650000 1423.525664 1425.026546 1426.510945 1426.392186 1427.662314 1429.143515
58.700000 1424.789892 1426.380568 1427.695852 1427.648560 1428.916092 1430.412239
58.750000 1426.041642 1427.622847 1428.926149 1428.922671 1430.203830 1431.357344
58.850000 1429.315229 1430.538858 1431.931713 1431.912005 1433.236420 1434.658045
58.900000 1430.742389 1432.112928 1433.377600 1433.435456 1434.748473 1436.430299
58.950000 1431.903125 1433.419730 1434.614490 1434.660411 1435.943138 1437.478662
58.980000 1432.561074 1434.065481 1435.252976 1435.332257 1436.711560 1438.228432
59.100000 1434.765010 1436.025755 1437.446419 1437.474999 1439.008458 1440.288310
59.200000 1436.221008 1437.647679 1439.071828 1439.114917 1440.671997 1441.933490
59.300000 1437.730794 1439.237490 1440.765640 1440.745394 1442.306202 1443.571913
59.400000 1439.216618 1440.776651 1442.351671 1442.326568 1443.841981 1445.034852
59.500000 1440.900027 1442.479183 1443.955606 1443.904577 1445.392880 1446.439050
59.600000 1442.615403 1444.203013 1445.715540 1445.588780 1446.931470 1447.886310
59.700000 1445.102924 1446.373479 1447.503369 1447.416058 1448.403527 1449.236837
59.800000 1448.048640 1448.930372 1449.647955 1449.608465 1450.298144 1451.109040
59.900000 1450.424165 1451.203305 1452.028876 1452.054546 1452.859236 1454.043157
60.000000 1452.520395 1453.503119 1454.756161 1454.995078 1456.441153 1458.842768
60.100000 1454.114318 1455.670678 1457.567207 1457.739561 1459.840051 1462.109270
60.200000 1455.796512 1458.000287 1460.402117 1460.394334 1462.764729 1464.900214
60.300000 1458.166854 1460.336975 1462.758885 1462.648945 1464.888812 1466.914362
60.400000 1460.229788 1462.610981 1464.939774 1464.888498 1467.077528 1469.325674
60.500000 1462.963957 1465.344292 1467.594391 1467.569892 1469.743756 1471.961233
60.600000 1467.235193 1469.445378 1471.455532 1471.513203 1473.635312 1475.866202
60.700000 1471.434913 1473.119193 1475.034515 1475.035395 1476.932037 1478.661519
60.800000 1473.669233 1475.449609 1477.454681 1477.340208 1479.194665 1480.752072
60.900000 1475.631208 1477.481121 1479.367217 1479.316623 1481.155367 1482.728501
61.000000 1477.690678 1479.380496 1481.244313 1481.170129 1482.872956 1484.346477
61.100000 1479.387949 1481.299551 1483.035429 1482.937237 1484.671374 1485.800475
61.200000 1481.396437 1483.110908 1484.796918 1484.681185 1486.238467 1487.301732
61.300000 1483.337259 1485.141371 1486.613161 1486.479788 1487.812440 1488.773660
61.400000 1485.833152 1487.363645 1488.582640 1488.454802 1489.545136 1490.367970
61.500000 1488.786104 1489.894244 1490.833673 1490.828976 1491.696606 1492.789093
61.600000 1491.118914 1492.121442 1493.322105 1493.747553 1495.009051 1500.844178
61.700000 1492.682352 1493.950231 1496.031573 1496.786747 1499.896658 1504.781136
61.800000 1494.194608 1496.208254 1499.820406 1500.057017 1504.289329 1507.326581
61.900000 1496.137142 1499.252187 1503.487792 1503.147880 1506.752652 1509.091296
61.980000 1498.098971 1502.311319 1505.940255 1505.547757 1508.605404 1510.504849
62.100000 1504.659292 1507.390995 1509.745174 1509.493219 1511.615332 1513.129273
62.200000 1508.463640 1510.545625 1512.625970 1512.401892 1514.188976 1515.499986
62.300000 1511.071794 1512.894789 1514.683330 1514.557959 1516.237402 1517.415230
62.400000 1513.224153 1514.824731 1516.499379 1516.426626 1517.974588 1519.263586
62.500000 1515.158877 1516.678094 1518.203985 1518.158153 1519.648669 1520.926658
62.600000 1516.682976 1518.428796 1519.968926 1519.880369 1521.299193 1522.610302
62.700000 1518.565141 1520.196194 1521.714464 1521.657159 1523.077581 1524.441321
62.800000 1520.685822 1522.197203 1523.667200 1523.656944 1524.988765 1526.679365
62.900000 1523.199384 1524.593006 1526.015497 1526.076159 1527.483120 1529.185089
63.000000 1525.929416 1527.337870 1528.898671 1528.968986 1530.532667 1532.216831
63.100000 1528.699677 1530.096817 1532.122470 1532.677060 1535.298694 1540.034762
63.200000 1531.533654 1533.493310 1536.831673 1537.018611 1540.621383 1543.962647
63.300000 1534.109318 1537.785391 1541.964891 1541.565530 1545.042463 1547.542263
63.400000 1541.593637 1545.110587 1547.649011 1547.428012 1549.871900 1551.906107
63.480000 1545.456307 1547.997273 1550.221451 1550.110979 1552.227253 1554.317309
63.590000 1548.371413 1550.765125 1552.850489 1552.778736 1554.741130 1556.877319
63.700000 1551.189519 1553.380603 1555.233914 1555.186148 1557.019149 1558.873407
63.800000 1553.482671 1555.440781 1557.265314 1557.218469 1559.005188 1560.647067
63.900000 1555.765726 1557.569522 1559.271531 1559.230773 1560.894319 1562.493917
64.000000 1557.991574 1559.602776 1561.172620 1561.148886 1562.625804 1564.109832
64.100000 1560.507623 1561.945225 1563.147702 1563.162600 1564.427483 1565.774666
64.200000 1562.744564 1563.947886 1565.191794 1565.244686 1566.552701 1567.712331
64.300000 1564.933804 1566.402813 1567.836288 1567.831865 1569.186517 1570.804514
64.400000 1568.318650 1570.245572 1572.095391 1572.486908 1574.949070 1578.049674
64.500000 1571.722261 1573.878174 1576.586622 1576.571518 1579.178362 1581.722866
64.600000 1576.739629 1578.724481 1581.104959 1581.108372 1583.283232 1585.581356
64.620000 1577.330993 1579.411759 1581.811567 1581.765691 1583.932777 1586.154414
64.700000 1579.955497 1582.070408 1584.354829 1584.322175 1586.475385 1588.642417
64.800000 1583.266592 1585.335758 1587.659847 1587.593743 1589.847290 1592.020220
64.900000 1586.998024 1588.891606 1590.976379 1590.938109 1592.983466 1594.658430
64.980000 1589.275010 1591.087435 1593.306446 1593.157109 1595.023054 1596.392130
65.000000 1589.782602 1591.683298 1593.797507 1593.637892 1595.423013 1596.827244
65.100000 1592.134721 1593.896382 1595.667333 1595.560076 1597.142979 1598.374079
65.200000 1594.524770 1596.082377 1597.592428 1597.480699 1598.878142 1600.032658
65.300000 1596.830860 1598.075058 1599.422146 1599.354764 1600.610009 1601.769682
65.400000 1598.804025 1600.083753 1601.211087 1601.192605 1602.320999 1603.445335
65.500000 1600.573155 1601.837433 1602.948018 1602.907736 1603.964946 1605.254855
65.570000 1601.856691 1603.072874 1604.263108 1604.220576 1605.356358 1606.627487
65.600000 1602.423642 1603.695350 1604.875332 1604.863098 1606.041618 1607.330234
65.700000 1604.224408 1605.654168 1606.816381 1606.932421 1608.222537 1610.111221
65.800000 1605.971540 1607.505840 1608.952094 1609.121442 1610.720853 1612.905169
65.900000 1608.051506 1609.572381 1611.344802 1611.696358 1613.767309 1617.794930
65.980000 1609.680268 1611.388926 1613.417668 1613.840550 1616.411736 1620.526138
66.000000 1610.085969 1611.867895 1613.972534 1614.377988 1616.998069 1621.248818
66.080000 1612.054518 1613.872007 1616.373640 1616.722386 1619.603028 1624.087599
66.200000 1614.540835 1617.121329 1620.277231 1620.317537 1623.397610 1627.215303
66.300000 1616.749057 1619.969604 1623.282935 1623.210628 1626.480152 1629.558958
66.400000 1619.425076 1622.753974 1626.227456 1625.979269 1629.079202 1631.509426
66.500000 1622.115996 1625.761671 1629.025397 1628.707937 1631.582796 1633.379786
66.600000 1625.419284 1628.908017 1631.558954 1631.226380 1633.595104 1635.072656
66.700000 1629.944011 1632.049642 1633.975119 1633.823339 1635.614519 1636.975975
66.800000 1632.990089 1634.828912 1636.454843 1636.314266 1637.801912 1639.003153
66.900000 1636.386664 1637.827493 1639.310893 1639.278858 1640.675249 1642.177936
67.000000 1639.778353 1641.074321 1642.453229 1642.788608 1644.336576 1648.311596
67.080000 1641.497596 1642.869686 1644.586206 1645.041376 1647.023088 1652.023438
67.200000 1643.963057 1645.812159 1648.778137 1649.211695 1652.712970 1656.513487
67.300000 1646.069089 1648.814495 1652.628597 1652.705048 1656.485503 1659.594801
67.400000 1648.432478 1652.272688 1656.078352 1655.910147 1659.519728 1662.136782
67.500000 1651.274901 1655.726350 1659.315567 1658.946938 1662.137988 1664.046974
67.600000 1655.038187 1659.086455 1662.228899 1661.727759 1664.443411 1665.902021
67.700000 1658.503967 1662.128513 1664.782753 1664.318320 1666.510681 1667.765196
67.800000 1662.514643 1665.168137 1667.069898 1666.740400 1668.284452 1669.382402
67.900000 1666.661180 1667.925054 1669.134762 1669.087848 1670.239477 1671.154156
68.000000 1668.847252 1669.991402 1671.031798 1671.010514 1672.041627 1673.030580
68.100000 1671.244932 1672.213459 1673.175592 1673.288152 1674.380507 1675.981415
68.180000 1672.936220 1673.889172 1675.036880 1675.222127 1676.571443 1678.495603
68.200000 1673.373396 1674.322314 1675.528480 1675.696490 1677.063398 1679.025557
68.300000 1675.193769 1676.310077 1677.766416 1677.909194 1679.465506 1681.401232
68.400000 1677.078938 1678.286294 1680.068136 1680.138781 1681.809082 1683.820057
68.500000 1678.872443 1680.561882 1682.486262 1682.577644 1684.611994 1686.716439
68.600000 1681.237001 1683.049300 1685.223133 1685.289569 1687.467477 1689.692127
68.700000 1683.489223 1685.536315 1687.742843 1687.721405 1689.959106 1691.981389
68.800000 1685.762003 1688.119803 1690.269799 1690.182441 1692.284790 1693.768921
68.900000 1688.344322 1690.800681 1692.827224 1692.612413 1694.443418 1695.653031
69.000000 1691.735942 1693.741476 1695.320676 1695.247900 1696.791746 1698.198184
69.100000 1694.658513 1696.390529 1697.698461 1697.709639 1699.052349 1700.830291
69.200000 1696.829132 1698.344035 1699.664705 1699.735768 1701.083425 1702.772689
69.300000 1698.901735 1700.211989 1701.506157 1701.628840 1703.115663 1704.801048
69.410000 1700.852166 1702.083515 1703.542431 1703.669876 1705.208301 1707.050513
69.500000 1702.440078 1703.838455 1705.286225 1705.408185 1707.075361 1708.760559
69.600000 1704.425780 1705.916257 1707.452046 1707.549788 1709.375275 1711.041672
69.680000 1706.079656 1707.418117 1709.207689 1709.331028 1711.208364 1713.507798
69.800000 1708.505605 1710.127974 1712.231358 1712.399271 1714.533278 1717.930183
69.900000 1710.383641 1712.665613 1715.031683 1715.229764 1717.751461 1720.777439
70.000000 1712.747622 1715.250273 1717.968456 1717.933468 1720.545446 1723.062821
70.100000 1715.067870 1717.922685 1720.687162 1720.619326 1723.129099 1726.072965
70.200000 1717.201546 1720.414081 1723.171323 1723.119934 1725.690481 1728.543660
70.310000 1720.241933 1723.038433 1725.570826 1725.642691 1728.362916 1731.265972
70.400000 1722.019450 1724.982554 1727.610972 1727.711003 1730.350653 1733.899375
70.500000 1723.922691 1727.082092 1729.900266 1730.009276 1733.012532 1736.667750
70.600000 1726.470936 1729.210780 1732.428445 1732.553218 1735.859730 1739.537753
70.700000 1728.413212 1731.734804 1735.230214 1735.232357 1738.822682 1742.026720
70.800000 1730.777892 1734.178534 1738.139318 1737.951856 1741.717587 1744.397127
70.900000 1732.667649 1737.203116 1741.032260 1740.688391 1744.258903 1746.794082
71.000000 1735.785122 1740.302779 1743.598448 1743.340722 1746.427847 1748.858191
71.100000 1739.595123 1743.607603 1746.183755 1745.985255 1748.568945 1750.646475
71.180000 1742.119677 1745.434799 1747.989751 1747.780121 1750.133914 1752.431484
71.300000 1745.211159 1747.966384 1750.282196 1750.193921 1752.465688 1754.860468
71.400000 1747.587467 1749.890516 1752.298792 1752.241495 1754.457606 1756.977622
71.475000 1749.041857 1751.466844 1753.877320 1753.870758 1756.212879 1759.132190
71.550000 1750.715727 1752.969345 1755.478717 1755.549454 1758.170652 1760.805589
71.650000 1752.651509 1755.092629 1757.853801 1757.841315 1760.601591 1763.034199
71.750000 1754.467090 1757.233288 1760.063817 1760.095131 1762.976205 1765.513235
71.800000 1755.744972 1758.257232 1761.248483 1761.244460 1764.235804 1766.599301
71.875000 1757.171843 1759.930515 1762.886700 1762.844441 1765.761468 1768.122517
71.950000 1758.665000 1761.604966 1764.624108 1764.480976 1767.288164 1769.426207
72.025000 1760.462427 1763.281617 1766.202521 1766.074964 1768.794023 1770.992077
72.100000 1761.894866 1765.023526 1767.790331 1767.663847 1770.312754 1772.609117
72.175000 1763.583265 1766.683942 1769.354736 1769.240310 1771.797265 1773.941218
72.250000 1765.378208 1768.184563 1771.021470 1770.810734 1773.232278 1775.376755
72.325000 1767.079588 1769.941679 1772.649862 1772.427502 1774.856495 1776.830739
72.400000 1768.860193 1771.698830 1774.299741 1774.098600 1776.401001 1778.538149
72.500000 1771.466044 1774.122968 1776.612183 1776.443308 1778.627096 1780.737228
72.600000 1774.351463 1776.754507 1779.055284 1778.943329 1781.035696 1783.302157
72.680000 1776.377026 1778.789409 1780.949190 1780.927481 1783.040417 1785.164741
72.800000 1779.519406 1781.836479 1783.793811 1783.777451 1785.755096 1787.763028
72.900000 1781.851124 1784.017621 1785.988005 1785.982212 1788.011074 1789.860340
73.000000 1783.936900 1786.081502 1787.998181 1788.042476 1790.080833 1792.092297
73.100000 1786.174003 1787.945772 1789.950922 1789.949339 1791.929441 1793.811258
73.200000 1788.074474 1789.804192 1791.902911 1791.856870 1793.896604 1795.570519
73.300000 1789.908664 1791.659681 1793.727855 1793.705935 1795.812966 1797.333836
73.400000 1791.813109 1793.576889 1795.626939 1795.606423 1797.567308 1799.426956
73.500000 1793.852111 1795.653535 1797.679327 1797.657691 1799.552937 1801.720761
73.600000 1796.216077 1797.910046 1799.881848 1799.920715 1801.706519 1804.404744
73.700000 1798.461105 1800.287553 1802.220514 1802.315714 1804.367060 1806.893667
73.800000 1800.561657 1802.527583 1804.615809 1804.921209 1807.316778 1811.088828
73.900000 1802.674272 1804.547081 1806.920433 1807.199011 1809.890732 1813.100633
74.000000 1804.438329 1806.520054 1809.191520 1809.502857 1812.509005 1815.626425
74.100000 1805.921703 1808.553308 1811.720676 1811.862722 1815.206221 1818.387806
74.180000 1807.525096 1810.133511 1813.592565 1813.661099 1817.072207 1820.452082
74.300000 1809.788131 1812.552158 1816.293541 1816.291728 1819.750473 1823.382033
74.400000 1811.572443 1814.478126 1818.419481 1818.355078 1821.812329 1825.300423
74.500000 1813.249770 1816.758837 1820.779558 1820.473466 1823.716518 1827.306847
74.600000 1815.527597 1819.169298 1822.985425 1822.684936 1825.971131 1829.301640
74.700000 1817.743093 1821.411491 1825.205333 1824.960840 1828.161898 1831.487741
74.800000 1820.134019 1823.878690 1827.347203 1827.178487 1830.296245 1833.418958
74.900000 1822.348787 1826.142922 1829.474252 1829.338628 1832.469042 1835.218601
75.000000 1824.258473 1828.383536 1831.616344 1831.488096 1834.623198 1837.492811
75.100000 1826.972596 1830.564783 1833.742754 1833.635905 1836.750299 1839.428408
75.200000 1829.314871 1832.580881 1835.958155 1835.767061 1838.917935 1841.495890
75.300000 1831.700796 1834.689003 1838.211207 1837.943280 1840.994669 1843.857011
75.400000 1833.930429 1836.973370 1840.426316 1840.330176 1843.538416 1846.162066
75.500000 1836.246410 1839.552844 1842.873090 1842.757647 1845.967707 1848.776070
75.600000 1838.721761 1842.133994 1845.284285 1845.110042 1848.194776 1850.871187
75.680000 1840.606904 1844.156555 1847.388596 1847.068761 1849.904124 1852.660868
75.800000 1843.481230 1847.169949 1850.330254 1849.912295 1852.719508 1854.849109
75.900000 1845.877435 1849.716447 1852.665933 1852.370725 1855.011789 1857.003997
76.000000 1848.234754 1852.438283 1854.891931 1854.682089 1857.214563 1858.909992
76.050000 1849.013071 1853.512184 1856.016556 1855.704167 1858.094537 1860.010527
76.100000 1850.810858 1854.648729 1857.063495 1856.794173 1859.033180 1860.927008
76.200000 1854.009876 1856.950841 1859.163951 1859.037052 1861.208780 1863.247781
76.300000 1856.692701 1859.260480 1861.532330 1861.447686 1863.683136 1865.746300
76.400000 1858.835544 1861.430417 1863.562604 1863.578892 1865.962625 1868.100358
76.500000 1860.801132 1863.214043 1865.524550 1865.565726 1868.056298 1870.249838
76.600000 1862.770167 1865.116160 1867.446821 1867.493408 1869.992416 1872.115644
76.700000 1864.613670 1867.000832 1869.368208 1869.364572 1871.785225 1874.024312
76.800000 1866.641640 1869.044066 1871.305762 1871.293758 1873.704681 1875.561774
76.890000 1868.666431 1870.937605 1873.181064 1873.130008 1875.354442 1876.953769
77.000000 1871.264148 1873.117410 1875.468938 1875.323479 1877.388195 1878.840660
77.100000 1873.353103 1875.420678 1877.474778 1877.282025 1879.167600 1880.202007
77.200000 1875.699757 1877.698194 1879.494374 1879.277221 1880.791430 1881.850338
77.280000 1877.728181 1879.516315 1880.947748 1880.823208 1882.149980 1883.050612
77.400000 1880.760396 1882.112110 1883.163715 1883.077330 1883.964555 1884.967650
77.410000 1881.096230 1882.387009 1883.352081 1883.290330 1884.167532 1885.146813
77.490000 1883.191447 1884.071685 1884.824527 1884.881550 1885.675784 1886.912599
77.500000 1883.420832 1884.319624 1885.018726 1885.095287 1885.895311 1887.102944
77.590000 1885.274457 1886.034592 1886.862775 1886.919779 1887.732920 1889.125330
77.600000 1885.537787 1886.231437 1887.086777 1887.134577 1887.940335 1889.393847
77.680000 1886.944622 1887.752707 1888.738061 1888.815409 1889.791750 1891.284946
77.700000 1887.337844 1888.206511 1889.160536 1889.257150 1890.254260 1891.760680
77.790000 1889.197606 1890.125371 1891.209569 1891.250890 1892.297853 1893.573128
77.800000 1889.387578 1890.371919 1891.458318 1891.491143 1892.510782 1893.846549
77.890000 1891.642641 1892.897081 1894.214290 1894.249516 1895.538401 1897.253736
77.900000 1891.804810 1893.140618 1894.490489 1894.511973 1895.811153 1897.476062
78.000000 1894.480754 1895.808206 1897.115837 1897.143861 1898.359184 1900.212431
78.090000 1897.771351 1898.967367 1900.379214 1900.642037 1902.624673 1903.958788
78.100000 1898.036268 1899.195707 1900.649930 1900.880721 1902.859602 1904.318362
78.200000 1899.928027 1901.136681 1902.776925 1902.919758 1904.753188 1906.294100
78.290000 1901.356026 1902.767647 1904.676437 1904.721424 1906.564429 1908.117561
78.370000 1902.636749 1904.348630 1906.309019 1906.291745 1908.192498 1909.898444
78.480000 1904.481727 1906.280012 1908.456003 1908.373384 1910.360184 1911.986348
78.590000 1906.499861 1908.404233 1910.586474 1910.488667 1912.480485 1914.275819
78.690000 1908.426785 1910.566582 1912.802358 1912.703349 1914.860415 1916.825386
78.780000 1910.604973 1912.645877 1914.906295 1914.970315 1917.283752 1919.462543
78.890000 1912.822791 1915.251332 1917.703402 1917.740287 1920.223533 1922.822476
78.990000 1915.483933 1917.803674 1920.458203 1920.379832 1922.875023 1925.425261
79.090000 1917.669316 1920.263962 1923.092977 1922.979128 1925.570105 1927.994341
79.180000 1919.927057 1922.595455 1925.485217 1925.248685 1927.735690 1930.127059
79.300000 1923.569244 1926.659564 1929.124217 1928.924652 1931.142971 1933.260755
79.400000 1927.221501 1929.700698 1931.695127 1931.617533 1933.619071 1935.177083
79.500000 1930.219596 1932.196547 1934.107338 1933.965803 1935.794297 1936.970017
79.600000 1932.644990 1934.551034 1936.220769 1936.051735 1937.568652 1938.698377
79.700000 1934.735518 1936.809984 1938.245097 1938.105278 1939.379365 1940.602103
79.800000 1937.547806 1939.011056 1940.205537 1940.164634 1941.358691 1942.609710
79.890000 1940.072989 1941.095374 1942.192506 1942.397169 1943.686173 1945.644384
80.000000 1942.225776 1943.273124 1944.781291 1945.016702 1946.635282 1949.319194
80.100000 1944.013899 1945.299942 1947.061617 1947.319791 1949.265190 1952.499148
80.200000 1945.652014 1947.282011 1949.309006 1949.509555 1951.691232 1954.637073
80.270000 1946.783462 1948.827269 1950.986456 1951.126171 1953.463809 1956.448916
80.400000 1949.484095 1951.693492 1954.308838 1954.430413 1957.174059 1960.400304
80.500000 1951.355377 1953.626264 1956.438197 1956.592198 1959.465391 1962.738711
80.600000 1953.076674 1955.836157 1958.939930 1958.893236 1961.823947 1964.777469
80.700000 1955.345771 1958.050739 1961.174974 1961.114036 1964.138823 1966.751354
80.800000 1957.334843 1960.405348 1963.386333 1963.290589 1966.208052 1968.639725
80.933333 1960.002754 1963.295472 1966.064269 1965.920737 1968.840050 1970.539058
81.066667 1963.324846 1965.975483 1968.683136 1968.466706 1970.984318 1972.627789
81.200000 1966.688872 1968.724603 1971.047979 1970.858105 1972.919516 1974.354154
81.300000 1968.791899 1970.713235 1972.687579 1972.559777 1974.421731 1975.671416
81.390000 1970.568333 1972.240013 1974.080094 1973.960743 1975.632250 1976.813002
81.500000 1972.383302 1973.963060 1975.684775 1975.566706 1976.999593 1978.138190
81.600000 1973.996849 1975.604968 1977.041998 1976.948257 1978.296513 1979.402346
81.700000 1975.506146 1976.971214 1978.375932 1978.285132 1979.553522 1980.677937
81.780000 1976.659253 1978.063386 1979.380954 1979.319730 1980.522176 1981.594711
81.900000 1978.281674 1979.663417 1980.833350 1980.764174 1981.853546 1982.969490
82.000000 1979.526625 1980.905966 1982.072238 1982.007106 1983.125233 1984.136212
82.100000 1980.671311 1982.216898 1983.315183 1983.268216 1984.386145 1985.456209
82.180000 1981.786647 1983.166697 1984.299680 1984.282151 1985.418435 1986.580700
82.300000 1983.316032 1984.648712 1985.781710 1985.756868 1986.881687 1988.126200
82.400000 1984.567525 1985.842683 1986.988364 1986.959790 1988.080661 1989.326520
82.500000 1985.699094 1986.981838 1988.164474 1988.135187 1989.271436 1990.495128
82.600000 1986.866809 1988.100057 1989.256187 1989.275187 1990.413256 1991.703247
82.700000 1988.048158 1989.256681 1990.449845 1990.434815 1991.594615 1992.861848
82.800000 1989.258685 1990.360643 1991.603413 1991.592292 1992.735275 1994.001123
82.900000 1990.375065 1991.539610 1992.778834 1992.783982 1993.984948 1995.427807
83.000000 1991.543018 1992.698572 1994.029127 1994.042832 1995.305852 1996.828901
83.100000 1992.732715 1993.844505 1995.233062 1995.286874 1996.649451 1998.299950
83.200000 1993.924018 1994.949112 1996.443906 1996.524160 1997.988812 2000.023290
83.300000 1994.888827 1996.063999 1997.709618 1997.772764 1999.319461 2001.331018
83.400000 1995.980140 1997.258408 1998.930666 1999.002881 2000.727861 2002.707835
83.500000 1997.082484 1998.384100 2000.160032 2000.240953 2002.098884 2004.071862
83.575000 1997.888638 1999.280123 2001.120506 2001.235978 2003.028791 2005.445143
83.650000 1998.836772 2000.140791 2002.085716 2002.224633 2004.144366 2006.517210
83.725000 1999.739280 2001.061034 2003.087611 2003.210698 2005.231939 2007.598232
83.800000 2000.460561 2002.051041 2004.028613 2004.174589 2006.229842 2008.763977
83.900000 2001.718735 2003.246662 2005.351069 2005.462414 2007.673260 2010.234699
84.010000 2002.718944 2004.481769 2006.637150 2006.824546 2009.134842 2011.807894
84.100000 2003.944575 2005.493791 2007.842362 2007.961609 2010.269221 2012.922186
84.200000 2005.206171 2006.822672 2009.189935 2009.284151 2011.567403 2014.351102
84.290000 2006.327715 2007.957594 2010.334677 2010.503472 2012.847028 2015.999030
84.390000 2007.351238 2009.243246 2011.695351 2011.889818 2014.213251 2017.623858
84.490000 2008.719565 2010.532830 2013.048312 2013.344138 2015.685761 2020.300506
84.590000 2009.923219 2011.816249 2014.395608 2014.866652 2017.160024 2024.572529
84.690000 2011.321244 2013.262664 2015.897426 2016.651763 2018.851187 2032.440118
84.790000 2012.659402 2014.691486 2017.339110 2018.486797 2020.875130 2034.348027
84.900000 2014.113409 2016.422625 2019.445610 2020.973110 2025.175983 2036.348304
85.000000 2015.436183 2018.029927 2021.550322 2023.538885 2030.916908 2037.696742
85.100000 2016.903540 2019.605195 2024.034674 2025.959763 2033.879491 2039.413634
85.180000 2018.006334 2021.128210 2026.276471 2027.708342 2035.876235 2040.830803
85.300000 2019.728253 2023.583486 2029.969705 2030.409047 2037.638308 2042.760366
85.410000 2021.452385 2026.377095 2032.672434 2032.782061 2039.351727 2044.560181
85.500000 2022.778410 2028.768371 2034.910649 2034.791909 2041.086307 2046.047422
85.600000 2024.747686 2031.571493 2037.106521 2037.046275 2043.078451 2047.365060
85.740000 2027.668321 2034.972005 2040.205756 2039.912540 2045.427738 2049.678557
85.880000 2030.650761 2038.142443 2043.161781 2042.905450 2048.249406 2051.868258
86.020000 2035.061289 2041.134746 2046.166957 2045.804827 2050.784796 2054.179522
86.160000 2038.464970 2044.086010 2049.099693 2048.712629 2053.364816 2056.065581
86.300000 2042.446193 2047.371616 2051.936457 2051.535642 2055.702965 2058.176031
86.400000 2044.973595 2049.843619 2054.154631 2053.590898 2057.339326 2059.519819
86.500000 2048.120852 2052.140847 2056.142633 2055.637566 2058.899018 2060.930227
86.600000 2050.421914 2054.721327 2058.187786 2057.679323 2060.424739 2062.226814
86.700000 2052.892688 2057.107135 2059.967117 2059.560480 2062.073189 2063.671080
86.800000 2055.935085 2059.302825 2061.605368 2061.369667 2063.494463 2065.160837
86.900000 2059.124695 2061.448840 2063.280705 2063.153120 2064.834038 2066.533583
87.000000 2061.640319 2063.211372 2064.798332 2064.810180 2066.413820 2067.927279
87.100000 2063.572601 2064.778456 2066.242224 2066.295429 2067.857398 2069.370621
87.180000 2064.793326 2065.989270 2067.512516 2067.536266 2068.979853 2070.614567
87.300000 2066.300064 2067.695780 2069.227045 2069.268391 2070.824891 2072.296712
87.400000 2067.789986 2069.052629 2070.618519 2070.664442 2072.261634 2073.861951
87.500000 2069.022785 2070.377729 2072.007371 2072.093788 2073.833265 2075.444288
87.600000 2070.315864 2071.763320 2073.423516 2073.505533 2075.256339 2077.101465
87.700000 2071.692245 2073.287370 2074.887964 2074.971643 2076.718469 2078.491735
87.800000 2073.245700 2074.834234 2076.447505 2076.491335 2078.236532 2079.964139
87.890000 2074.567396 2076.199146 2077.856012 2077.873848 2079.561108 2081.323700
88.000000 2076.028268 2077.813879 2079.459873 2079.468155 2081.141691 2082.954747
88.100000 2077.459158 2079.288740 2080.962853 2080.974877 2082.670089 2084.483383
88.200000 2078.958271 2080.670872 2082.398048 2082.413736 2084.079984 2086.123689
88.290000 2080.266002 2082.084330 2083.684109 2083.711551 2085.345127 2087.327320
88.400000 2081.908471 2083.631225 2085.194723 2085.258483 2086.858838 2088.954036
88.500000 2083.303103 2085.061048 2086.643555 2086.732723 2088.396298 2090.504873
88.600000 2084.851803 2086.538156 2088.185490 2088.297988 2090.040698 2092.215916
88.680000 2086.068460 2087.733516 2089.488038 2089.604483 2091.403109 2093.696762
88.800000 2088.323659 2089.929490 2091.635489 2091.810277 2093.761230 2095.931274
88.890000 2089.849010 2091.520282 2093.256102 2093.496594 2095.578414 2097.940267
89.000000 2091.654959 2093.349706 2095.267535 2095.525368 2098.004130 2100.603611
89.100000 2093.203824 2095.045370 2097.027644 2097.364296 2100.045298 2102.439757
89.200000 2094.645164 2096.663074 2098.892271 2099.187609 2102.036683 2104.479835
89.300000 2096.508781 2098.299755 2100.800682 2101.025371 2103.753115 2106.667227
89.390000 2097.831485 2099.917258 2102.607713 2102.763626 2105.732028 2108.786362
89.500000 2099.661870 2101.697550 2104.761487 2104.837673 2107.932749 2111.061654
89.600000 2101.023915 2103.531268 2106.616514 2106.713604 2109.832689 2113.044449
89.700000 2102.809412 2105.276513 2108.607836 2108.595045 2111.699584 2114.825794
89.790000 2104.242434 2106.988381 2110.438412 2110.312127 2113.461990 2116.256813
89.900000 2106.223424 2109.245616 2112.482575 2112.419818 2115.582452 2118.425291
90.000000 2108.533586 2111.164225 2114.472378 2114.381830 2117.517035 2120.305685
90.100000 2110.156132 2113.298144 2116.332248 2116.378208 2119.536654 2121.954648
90.180000 2111.537670 2114.970940 2117.984375 2117.944141 2121.037312 2123.387330
90.300000 2114.362543 2117.483647 2120.626364 2120.431430 2123.312992 2125.264424
90.400000 2116.379598 2119.985426 2122.672491 2122.543468 2125.160532 2127.158150
90.500000 2119.194857 2122.295305 2124.871091 2124.701743 2127.044388 2129.250790
90.600000 2121.931555 2124.788765 2127.163089 2126.981281 2129.149729 2131.366704
90.700000 2124.465003 2127.472501 2129.633810 2129.580166 2131.727295 2134.297601
90.800000 2127.770013 2129.905647 2132.115287 2132.044458 2134.178281 2136.522607
90.890000 2129.778580 2132.093218 2134.201407 2134.200119 2136.335382 2138.309776
91.000000 2132.150696 2134.586344 2136.774745 2136.660527 2138.760452 2140.612878
91.100000 2134.410559 2137.072059 2139.366339 2139.219627 2141.326048 2143.204030
91.200000 2137.103906 2139.908080 2142.534840 2142.381823 2144.742891 2146.984590
91.290000 2143.187371 2145.598969 2147.747192 2147.651401 2149.644792 2152.091119
91.390000 2146.677594 2148.482749 2150.183885 2150.277800 2152.124594 2154.274222
91.500000 2148.978484 2150.677366 2152.422663 2152.520044 2154.347327 2156.410955
91.600000 2150.479215 2152.434755 2154.327901 2154.370256 2156.278742 2158.263283
91.680000 2152.109809 2153.906722 2155.938947 2155.919006 2157.872701 2159.750749
91.800000 2154.098184 2156.014907 2158.209987 2158.190432 2160.204139 2162.106740
91.900000 2156.233399 2157.953364 2160.110394 2160.123072 2162.230036 2163.965923
92.000000 2158.114677 2160.087153 2162.256425 2162.159454 2164.278396 2166.085063
92.100000 2160.133140 2162.376484 2164.435435 2164.391227 2166.392293 2168.461912
92.200000 2162.909783 2164.893858 2166.802227 2166.928906 2168.998226 2171.203649
92.300000 2165.447329 2167.342920 2169.461516 2169.548035 2171.512401 2173.909875
92.390000 2167.741176 2169.630976 2171.752227 2171.867638 2173.860756 2175.999927
92.500000 2170.391681 2172.518267 2174.618160 2174.717680 2176.618703 2178.984999
92.600000 2172.702856 2175.049623 2177.070986 2177.207903 2179.163981 2181.907206
92.700000 2175.377638 2177.292635 2179.349470 2179.577406 2181.613543 2183.967386
92.790000 2177.356939 2179.169291 2181.299236 2181.522521 2183.540210 2185.852131
92.900000 2179.638034 2181.602972 2183.687021 2183.820477 2185.715869 2187.790637
93.000000 2181.429812 2183.829339 2185.836923 2185.963537 2187.793478 2190.010826
93.100000 2184.105237 2186.320920 2188.322776 2188.408144 2190.174212 2192.115818
93.180000 2185.943831 2188.222431 2190.132443 2190.298330 2191.985555 2194.458003
93.300000 2188.757220 2190.897348 2192.747227 2193.187809 2194.665317 2198.166539
93.400000 2190.831526 2192.740592 2194.633888 2195.251709 2196.653514 2199.940416
93.500000 2192.438544 2194.483945 2196.339808 2197.124853 2198.434543 2202.541668
93.600000 2194.274763 2196.060075 2197.960917 2199.033113 2200.244714 2211.575860
93.700000 2195.756951 2197.674635 2199.611497 2201.015068 2201.920189 2238.381072
93.800000 2197.408582 2199.271707 2201.143277 2203.054801 2203.512485 2240.568974
93.890000 2198.747639 2200.608181 2202.666510 2204.999318 2205.171079 2242.797562
94.000000 2200.373831 2202.374205 2204.496397 2207.845329 2207.352608 2244.783165
94.100000 2202.087807 2204.173286 2206.411530 2209.891862 2209.521201 2246.619258
94.200000 2204.112858 2206.140657 2208.255449 2212.041198 2212.050054 2248.159480
94.290000 2205.497396 2207.791838 2210.100400 2214.082008 2214.192417 2250.492349
94.400000 2207.798689 2210.243417 2212.903506 2216.992015 2218.188081 2252.400282
94.500000 2209.758434 2212.190079 2215.337823 2219.864479 2221.566965 2254.296752
94.600000 2211.896212 2214.444510 2217.766881 2222.440415 2225.122844 2256.147444
94.670000 2213.306225 2216.329085 2219.535620 2224.285775 2226.756911 2257.845389
94.800000 2216.423826 2219.854270 2223.128137 2228.998506 2255.003796 2261.071233
94.900000 2219.042824 2222.343740 2225.881413 2231.868274 2257.881696 2263.782330
95.000000 2221.251973 2225.073523 2228.431038 2234.565107 2260.999447 2265.982561
95.100000 2223.449732 2227.932366 2231.042801 2237.382796 2263.749598 2268.276127
95.200000 2226.711206 2230.947779 2233.612677 2240.489553 2266.506176 2270.722462
95.300000 2233.981119 2235.622984 2238.820208 2246.070709 2270.441468 2274.284546
95.390000 2235.706008 2237.368094 2242.066395 2248.634588 2272.849531 2276.695171
95.400000 2235.893563 2237.527515 2242.359205 2248.886610 2273.023110 2277.019813
95.500000 2237.560381 2239.268196 2244.629924 2251.489164 2276.151725 2283.902600
95.600000 2239.322510 2240.814153 2246.811875 2254.176975 2279.684597 2287.430684
95.690000 2240.638578 2242.361516 2248.755443 2256.647696 2283.400129 2289.841571
95.700000 2240.998795 2242.580718 2249.011986 2256.888789 2283.709135 2290.059846
95.710000 2241.176494 2242.890635 2249.234743 2257.130174 2283.971162 2290.238110
95.800000 2243.438496 2247.354871 2251.374518 2259.478940 2286.426148 2292.058972
95.900000 2246.541670 2251.044616 2253.984170 2262.148082 2288.914503 2293.774125
96.000000 2250.037439 2253.412122 2256.851176 2264.797372 2291.302861 2295.523966
96.100000 2253.502016 2256.133025 2259.401106 2267.556535 2293.364880 2297.125744
96.200000 2255.138073 2258.665093 2262.638688 2273.008151 2295.559483 2298.801615
96.300000 2257.361437 2261.020038 2292.157606 2280.048877 2297.892387 2300.488590
96.350000 2258.610500 2262.037501 2293.984745 2281.262280 2298.863586 2301.531841
96.400000 2259.384796 2263.212896 2295.135513 2282.523542 2299.957657 2302.485273
96.500000 2261.687466 2266.197102 2297.312552 2287.719022 2301.512899 2304.358975
96.600000 2263.615137 2269.589915 2299.328713 2292.964850 2303.108678 2305.976671
96.680000 2265.137456 2272.934666 2301.081047 2295.953415 2304.464215 2307.417681
96.800000 2267.327647 2298.824202 2303.794305 2301.632649 2306.546279 2309.643285
96.900000 2269.168914 2302.197683 2305.918157 2304.243873 2308.539708 2312.086378
97.000000 2271.089751 2304.905141 2308.363543 2306.999487 2311.201472 2315.404224
97.100000 2284.910723 2307.685715 2310.936233 2310.168157 2314.425334 2319.368880
97.200000 2291.594842 2310.165759 2313.687624 2313.263060 2317.904600 2322.172137
97.300000 2297.792357 2312.835917 2316.620798 2316.317623 2321.161504 2325.136185
97.400000 2309.280066 2315.334221 2319.581551 2319.134789 2324.078993 2327.429933
97.500000 2311.112420 2318.068845 2322.508110 2321.961099 2326.705094 2329.801481
97.600000 2314.935349 2320.997194 2325.475071 2324.610011 2329.124629 2331.681956
97.700000 2317.581812 2323.742234 2327.863351 2327.002354 2331.088712 2333.451430
97.800000 2321.975258 2326.785002 2330.103141 2329.527808 2332.862158 2335.119026
97.910000 2326.239405 2330.182716 2332.522596 2332.149718 2334.770680 2336.856984
98.000000 2328.961319 2332.384628 2334.533659 2334.205948 2336.415330 2338.429200
98.100000 2331.678965 2334.431906 2336.428577 2336.233134 2338.342145 2340.104153
98.180000 2333.642771 2335.950133 2337.862557 2337.752840 2339.769175 2341.415237
98.300000 2336.051862 2338.098866 2339.890197 2339.784424 2341.533575 2343.316703
98.400000 2337.700824 2339.866647 2341.553932 2341.441641 2343.183176 2344.787468
98.500000 2339.512045 2341.477924 2343.133329 2343.069188 2344.803351 2346.305075
98.600000 2341.398404 2343.277145 2344.869407 2344.772134 2346.458497 2347.835919
98.700000 2343.295510 2345.190297 2346.547203 2346.606987 2348.273629 2349.932742
98.800000 2345.270105 2347.074877 2348.712872 2348.851357 2350.717285 2353.091056
98.900000 2347.221810 2348.971421 2350.739782 2351.074873 2353.267928 2356.937616
99.000000 2348.923924 2350.765483 2352.996432 2353.351517 2356.050833 2360.191684
99.100000 2350.791154 2352.652022 2355.364984 2355.751919 2358.844554 2362.836937
99.200000 2352.513098 2354.695574 2357.852825 2358.154106 2361.448099 2366.165040
99.300000 2354.448806 2356.763656 2360.271949 2360.472808 2363.892477 2368.351694
99.410000 2356.468001 2359.070887 2362.808449 2362.966448 2366.604785 2370.913571
99.500000 2358.223330 2361.229872 2364.746087 2364.932556 2368.661010 2372.598937
99.600000 2360.144696 2363.468311 2366.942427 2367.030597 2370.646925 2374.442346
99.680000 2361.798160 2365.412967 2368.746096 2368.750403 2372.185575 2376.017340
99.800000 2364.539175 2368.208194 2371.253893 2371.444184 2374.568645 2378.510778
99.900000 2367.630670 2370.721692 2373.893375 2373.969221 2377.077713 2381.811785
100.000000 2370.501426 2373.345322 2376.431265 2376.700800 2380.036931 2385.158588
100.100000 2372.649240 2376.023012 2379.378481 2379.649751 2383.643379 2387.745172
100.200000 2375.104193 2378.578428 2382.509488 2382.557357 2386.719408 2389.889041
100.300000 2377.445362 2381.742415 2385.830321 2385.512262 2389.380517 2392.104527
100.400000 2380.708970 2385.215168 2388.655101 2388.405423 2391.801596 2394.565351
100.500000 2384.124735 2388.052086 2391.297701 2391.133533 2394.114244 2397.365711
100.600000 2387.036620 2390.245865 2393.360416 2393.326931 2396.320175 2399.353105
100.700000 2389.536332 2392.358269 2395.459019 2395.508457 2398.638550 2401.992573
100.800000 2391.356481 2394.568716 2397.530427 2397.672978 2400.873390 2404.209546
100.910000 2393.549527 2396.840965 2400.078533 2400.075233 2403.423117 2406.568673
101.000000 2395.732861 2398.762278 2402.116034 2402.040215 2405.216326 2408.049445
101.100000 2397.692992 2400.866573 2404.475411 2404.219298 2407.411927 2409.684027
101.180000 2399.520744 2402.720658 2406.183829 2405.909533 2408.873127 2411.199353
101.300000 2402.793987 2405.863094 2408.736678 2408.531310 2411.269955 2413.028254
101.400000 2405.046926 2408.169828 2410.702176 2410.533466 2413.041861 2414.652238
101.500000 2407.219169 2410.175718 2412.527529 2412.358300 2414.640490 2416.310214
101.600000 2409.603951 2411.967990 2414.231706 2414.086490 2416.218307 2417.843016
101.700000 2411.422559 2413.723496 2415.878630 2415.750011 2417.739405 2419.246044
101.800000 2413.681362 2415.426327 2417.543295 2417.406315 2419.384882 2420.757840
101.900000 2415.352760 2417.310464 2419.211314 2419.147387 2421.071085 2422.420729
102.000000 2417.439552 2419.248989 2421.193465 2421.075295 2422.873376 2424.221859
102.100000 2419.767058 2421.589704 2423.420884 2423.256684 2424.888017 2426.178231
102.200000 2422.535781 2424.198814 2425.913993 2425.776277 2427.251653 2428.655237
102.300000 2425.881900 2427.516726 2429.080802 2429.143408 2430.737482 2433.081816
102.410000 2428.460476 2430.009951 2431.676675 2431.817048 2433.688033 2436.002874
102.500000 2430.214872 2431.769637 2433.620298 2433.754129 2435.741016 2437.891944
102.610000 2432.203469 2433.796555 2435.826653 2435.934616 2438.167365 2440.379144
102.680000 2433.475615 2435.206533 2437.282864 2437.409734 2439.614794 2442.033490
102.800000 2435.479416 2437.434884 2439.847939 2439.872917 2442.104454 2444.281459
102.900000 2437.345655 2439.688134 2442.134218 2442.015142 2444.285146 2446.290440
103.000000 2439.251539 2441.727816 2444.297218 2444.111363 2446.354929 2448.048650
103.100000 2441.790355 2444.208648 2446.547168 2446.335752 2448.330005 2450.055083
103.200000 2444.240370 2446.482825 2448.678541 2448.541508 2450.539850 2452.015763
103.300000 2446.292292 2448.551975 2450.544764 2450.483913 2452.351098 2454.068871
103.400000 2448.510704 2450.334309 2452.284110 2452.190446 2453.931773 2455.545035
103.500000 2450.296155 2452.174559 2453.980331 2453.904531 2455.525165 2457.174501
103.600000 2452.296847 2454.072297 2455.716878 2455.604607 2457.074818 2458.512794
103.700000 2454.225494 2455.881245 2457.366481 2457.288341 2458.688724 2459.978115
103.800000 2456.062304 2457.448749 2458.885826 2458.844371 2460.226009 2461.583918
103.910000 2457.737129 2459.063498 2460.454083 2460.433267 2461.841694 2463.109130
104.000000 2459.110069 2460.356452 2461.733119 2461.724536 2463.096817 2464.409003
104.110000 2460.703461 2461.881310 2463.295525 2463.267823 2464.575118 2465.882405
104.180000 2461.750492 2462.896764 2464.286716 2464.253126 2465.597746 2466.775674
104.300000 2463.252406 2464.538160 2465.853379 2465.856937 2467.146330 2468.681896
104.400000 2464.606445 2465.833107 2467.219539 2467.208419 2468.484036 2469.873819
104.500000 2465.875270 2467.311144 2468.618864 2468.613733 2469.884240 2471.496504
104.600000 2467.258772 2468.690157 2470.049673 2470.054257 2471.363995 2473.001154
104.700000 2468.845856 2470.140009 2471.521054 2471.568251 2472.976255 2474.592423
104.800000 2470.549115 2471.796722 2473.208357 2473.261011 2474.683036 2476.266662
104.900000 2472.409288 2473.863216 2475.321479 2475.407270 2476.952749 2478.634305
105.000000 2474.224959 2475.866689 2477.444649 2477.557839 2479.312794 2481.625028
105.100000 2476.387525 2478.109669 2479.930874 2480.120169 2482.148026 2484.542924
105.200000 2478.255922 2480.319487 2482.345186 2482.491480 2484.781584 2487.301197
105.300000 2479.945777 2482.134285 2484.482090 2484.600961 2487.038697 2489.763503
