depth(m) lower_95(kyr) lower_68(kyr) median(kyr) mean(kyr) upper_68(kyr) upper_95(kyr)
2.620000 98.397614 99.212035 100.206240 100.238299 101.299375 102.193022
2.650000 99.526196 100.540259 101.835007 102.147886 103.670488 106.565641
2.700000 101.292461 102.565066 104.598266 105.137750 108.056514 110.833246
2.750000 103.036783 104.819448 107.685491 107.836890 111.033258 112.925268
2.800000 104.897184 107.402669 110.827661 110.478282 113.409627 115.072525
2.860000 107.464420 111.110079 114.163714 113.660534 115.929022 117.798873
2.935000 111.689811 115.317835 117.477574 117.179758 119.190530 120.657404
3.010000 117.362344 119.079581 120.634886 120.582451 122.043432 123.428691
3.050000 119.236146 120.720263 122.102002 122.118492 123.568926 124.874256
3.100000 121.371532 122.679004 123.884553 123.976130 125.360095 126.683894
3.150000 123.582594 124.640295 126.071435 126.088150 127.489315 128.830228
3.210000 126.992426 128.393554 130.052634 130.191794 131.943427 134.418112
3.260000 129.982827 132.771032 135.804284 135.829901 138.870177 141.327031
3.300000 131.533982 135.677919 139.064126 138.707862 141.665772 143.900928
3.350000 132.934042 138.768874 142.004212 141.504665 144.459855 146.596294
3.410000 134.602110 142.176417 144.840527 144.324150 147.253052 149.689976
3.450000 135.711629 143.901992 146.500887 146.018734 149.025499 151.363814
3.510000 137.327232 146.010460 148.757963 148.238072 151.356168 153.614394
3.550000 138.575971 147.440845 150.303595 149.730627 153.043875 154.952948
3.610000 140.666187 149.545445 152.650423 151.898162 155.111857 156.916872
3.660000 142.320835 151.194783 154.359657 153.642971 156.827067 158.583770
3.710000 144.473043 152.913652 156.042608 155.404440 158.459449 160.422761
3.760000 147.067115 154.701286 157.762075 157.231543 160.226586 162.386537
3.800000 148.998135 156.049247 159.193805 158.753361 161.772064 164.097690
3.860000 153.504379 158.117786 161.174498 161.022357 164.047768 167.031778
3.910000 156.699355 160.106476 163.036877 163.119592 166.054702 170.421206
3.960000 159.159211 162.261679 165.322831 165.711812 168.950004 175.815013
4.020000 163.260955 165.759631 169.538715 170.272755 174.875789 181.600471
4.060000 165.038524 168.554217 173.133037 173.459228 178.344499 184.075384
4.110000 167.544655 172.156449 178.074054 177.662845 182.977661 186.210800
4.160000 170.010140 177.260298 182.187191 181.646504 186.490760 188.355713
4.210000 174.753782 180.852846 186.084001 185.136357 188.963275 190.378164
4.260000 180.116435 185.807675 189.621228 188.736405 191.418295 193.030495
4.310000 187.529066 191.114719 192.777306 192.803752 194.529166 197.176261
4.360000 192.452361 193.824564 195.300890 196.039755 197.984157 205.212911
4.400000 194.428858 195.751852 197.504512 198.736718 202.800851 208.032128
4.460000 197.063710 198.632398 202.121413 203.127306 208.680083 210.845820
4.510000 198.976077 201.063480 207.472369 206.644968 211.351871 212.968297
4.550000 200.475057 203.357016 211.158820 209.234306 213.128227 214.252043
4.610000 203.315033 207.911539 214.176228 212.637833 215.411853 216.376488
4.650000 205.291670 211.512229 216.039781 214.821531 217.168102 218.115224
4.710000 209.745670 217.006019 218.283401 217.870123 219.345867 220.307013
4.750000 217.371848 218.742402 219.897193 219.810135 221.001059 222.215529
4.800000 219.693083 220.799924 221.869090 221.978134 223.086883 225.194212
4.810000 220.225882 221.249390 222.377294 222.482469 223.569613 225.789834
4.850000 221.891728 222.925157 224.114199 224.242850 225.478922 227.633774
4.960000 225.591034 227.084979 228.457093 228.626085 230.165332 232.847004
5.010000 227.296853 228.912543 230.412156 230.703903 232.419248 235.695032
5.060000 229.210812 230.810939 232.537892 233.206582 235.329392 242.060817
5.110000 231.096518 232.882817 234.972782 236.311906 242.066051 244.842086
5.160000 233.937275 236.270911 241.856327 241.024183 244.556488 246.829107
5.200000 237.189086 243.757391 245.570138 245.371349 247.396989 249.459084
5.260000 245.634076 247.462926 249.540312 249.915456 252.383727 256.341678
5.310000 248.049508 249.787291 252.625142 252.952109 255.893888 261.335116
5.360000 249.929737 251.968678 255.259026 255.807048 259.686805 265.164136
5.410000 251.806806 253.956721 257.784872 258.486747 263.395404 268.124525
5.450000 253.268572 256.037466 260.096349 260.660237 265.424257 270.532067
5.500000 255.313676 258.786551 263.177670 263.413233 267.856043 272.411478
5.560000 257.336693 262.117931 267.635238 266.944626 271.444478 273.888604
5.610000 259.450248 265.131541 271.412669 269.911689 273.744028 275.466030
5.660000 261.145219 268.625218 273.766718 272.571569 275.715932 277.020734
5.710000 264.476498 272.684124 275.456180 274.746907 277.360113 278.496832
5.760000 268.854999 275.154581 277.384683 276.884757 278.832862 279.869186
5.810000 275.496888 277.501749 279.214052 279.012882 280.435654 281.558186
5.850000 277.466986 279.091204 280.433942 280.335522 281.651965 282.551753
5.910000 280.306957 281.406326 282.385005 282.391305 283.408268 284.595535
5.960000 281.925559 282.972583 283.941977 283.946067 284.934842 285.954689
6.000000 282.966830 284.053730 284.992770 285.022600 286.066533 286.908801
6.060000 284.407947 285.498164 286.487357 286.497355 287.502895 288.446167
6.110000 285.710422 286.761001 287.759737 287.756544 288.755489 289.723631
6.150000 286.835665 287.824615 288.842153 288.822481 289.793951 290.719685
6.210000 288.644379 289.626564 290.547312 290.583355 291.553521 292.586899
6.260000 289.831733 290.914808 291.927571 291.923320 293.002542 294.194092
6.310000 291.046675 292.023844 293.107059 293.134096 294.222427 295.329942
6.360000 292.269616 293.213694 294.310535 294.327802 295.369948 296.584213
6.410000 293.277444 294.389860 295.455980 295.485964 296.549684 297.662884
6.460000 294.513507 295.546015 296.642407 296.646555 297.748430 298.773459
6.510000 295.747094 296.800517 297.819783 297.817720 298.842721 299.818327
6.560000 297.168007 298.078824 299.055386 299.028322 299.963603 300.707959
6.610000 298.706382 299.411980 300.347648 300.312454 301.153211 301.982153
