depth(m) lower_95(kyr) lower_68(kyr) median(kyr) mean(kyr) upper_68(kyr) upper_95(kyr)
56.235000 302.677023 305.836491 308.715675 309.059588 312.692128 316.139097
56.360000 303.776177 306.843548 309.742811 310.047258 313.524299 316.701943
56.485000 304.952692 307.893541 310.727130 311.055117 314.678240 317.598734
56.610000 305.954278 308.893257 311.805784 312.043953 315.572589 318.179052
56.735000 307.316502 309.988584 312.790085 313.090841 316.678279 318.991455
56.860000 308.884478 311.186069 313.956423 314.138416 317.386679 319.653139
56.985000 309.973895 312.262951 315.077887 315.231451 318.396279 320.356812
57.110000 311.358368 313.445534 316.223420 316.313047 319.381248 321.112356
57.235000 312.421976 314.537514 317.487340 317.371741 320.209932 321.776976
57.372500 313.726707 315.834317 318.679958 318.484006 321.032033 322.440749
57.510000 315.073708 317.348498 319.877620 319.623997 321.806479 323.248621
57.647500 316.270986 318.772445 320.955610 320.723123 322.594281 323.950770
57.785000 318.017560 320.201469 322.034945 321.821218 323.393459 324.750233
57.885000 319.143794 321.057929 322.690720 322.515550 323.925758 325.346476
57.985000 320.028568 321.801759 323.326284 323.211730 324.473845 325.961394
58.085000 321.052401 322.665356 323.978436 323.936867 325.180423 326.679429
58.185000 322.387477 323.552917 324.696905 324.713652 325.858226 327.340869
58.285000 323.240213 324.359802 325.472671 325.521825 326.649675 328.018655
58.385000 324.186935 325.167907 326.206235 326.293198 327.541068 328.647859
58.485000 324.882369 325.810934 326.884414 326.983251 328.238573 329.379063
58.585000 325.468007 326.418784 327.544126 327.636725 328.935053 329.999557
58.685000 326.132584 327.111507 328.254688 328.311827 329.620553 330.678208
58.785000 326.799496 327.743892 328.895084 328.965714 330.248904 331.302904
58.885000 327.383443 328.347555 329.636214 329.638195 330.905022 331.974221
58.985000 327.942321 329.051769 330.351203 330.360999 331.701223 332.694641
59.085000 328.657745 329.766515 331.090656 331.100228 332.414228 333.546628
59.185000 329.506494 330.585211 332.020602 331.954355 333.272680 334.483688
59.285000 330.249574 331.590069 332.865292 332.866773 334.214159 335.412300
59.385000 331.326496 332.548790 333.867372 333.888568 335.255391 336.638029
59.485000 332.372924 333.642238 334.847308 334.936381 336.315399 337.849418
59.618333 333.396151 334.806351 336.317354 336.338909 337.824053 339.428609
59.751667 334.935206 336.236706 337.807488 337.781424 339.229929 340.741946
59.885000 336.292986 337.846095 339.181120 339.140235 340.459131 341.822014
59.985000 337.192451 338.718675 340.119643 340.026213 341.242640 342.545162
60.085000 338.217719 339.604831 340.898858 340.840832 342.022459 343.370543
60.185000 338.966289 340.448815 341.562892 341.552950 342.746536 344.083393
60.285000 339.578575 341.130737 342.229008 342.211985 343.410812 344.782228
60.410000 340.555853 341.854335 342.925559 342.994134 344.147436 345.514686
60.535000 341.405043 342.588813 343.605877 343.711324 344.847718 346.256450
60.635000 341.848118 343.144543 344.187688 344.249224 345.351029 346.835930
60.735000 342.505436 343.689105 344.796558 344.808518 345.874015 347.244577
60.835000 343.025013 344.196858 345.338512 345.350870 346.493671 347.920873
60.935000 343.605523 344.698416 345.903618 345.883046 347.051259 348.397254
61.035000 344.114371 345.173427 346.421285 346.411893 347.574500 348.956949
61.135000 344.617911 345.686646 346.959653 346.955073 348.167667 349.598233
61.235000 345.111591 346.198901 347.482246 347.491920 348.738524 350.122904
61.335000 345.602764 346.685399 348.019665 348.031566 349.340383 350.632492
61.460000 346.240269 347.323087 348.627596 348.672600 349.991435 351.325805
61.585000 346.812141 347.895687 349.267468 349.305663 350.653095 351.893392
61.710000 347.424819 348.543072 349.924336 349.953073 351.365684 352.533526
61.835000 348.034821 349.203053 350.563126 350.593454 351.967456 353.188367
61.935000 348.485903 349.764865 351.106861 351.116618 352.495340 353.714999
62.035000 349.048947 350.250391 351.618738 351.647764 352.991952 354.112785
62.135000 349.564160 350.767571 352.128460 352.166345 353.549964 354.789838
62.235000 349.991626 351.267693 352.660597 352.671317 354.070430 355.246080
62.335000 350.443726 351.778983 353.207325 353.202107 354.608721 355.733185
62.435000 350.964387 352.348670 353.761489 353.722198 355.135077 356.224422
62.535000 351.449563 352.853407 354.274622 354.231187 355.603173 356.764140
62.635000 351.861364 353.368226 354.824339 354.741069 356.072069 357.272390
62.735000 352.305555 353.954021 355.299369 355.255849 356.542071 357.769705
62.835000 352.785955 354.474902 355.835779 355.770188 357.115289 358.267989
62.935000 353.189526 354.919062 356.331176 356.274375 357.581852 358.899917
63.035000 353.751871 355.492641 356.824518 356.789725 358.153645 359.335689
63.135000 354.334046 355.985343 357.340303 357.292866 358.658531 359.850311
63.235000 354.843118 356.486019 357.835772 357.797621 359.090459 360.382575
63.335000 355.521780 356.985858 358.344851 358.315800 359.575352 360.947555
63.435000 356.081198 357.475973 358.849948 358.807693 360.045351 361.450003
63.535000 356.620503 357.982527 359.346154 359.310671 360.531286 362.007395
63.635000 357.208318 358.456834 359.820945 359.804826 361.051495 362.431514
63.735000 357.748198 358.935945 360.296389 360.304977 361.600475 362.994715
63.835000 358.238936 359.500733 360.805725 360.823376 362.112671 363.499956
63.935000 358.854181 359.980990 361.283283 361.329799 362.591256 364.157066
64.035000 359.347984 360.473267 361.808305 361.848600 363.135431 364.572501
64.135000 359.789623 361.074949 362.315534 362.378270 363.643643 365.123893
64.235000 360.495244 361.627913 362.846063 362.922990 364.211552 365.804954
64.335000 361.014120 362.166464 363.411340 363.488152 364.812419 366.366881
64.435000 361.541868 362.703342 363.919809 364.040428 365.381375 367.017285
64.535000 362.020186 363.268299 364.447354 364.587781 365.925919 367.643467
64.635000 362.655003 363.873510 365.040840 365.187092 366.515808 368.251391
64.735000 363.310787 364.467331 365.663580 365.793245 367.118111 368.837832
64.835000 363.853571 365.113953 366.289986 366.428625 367.797276 369.687395
64.935000 364.382596 365.717829 366.922413 367.089463 368.554434 370.425723
65.035000 364.982757 366.300666 367.592903 367.759628 369.276586 371.178807
65.135000 365.607801 366.916540 368.233141 368.425120 369.976942 371.922753
65.235000 366.151495 367.502480 368.879508 369.083416 370.678536 373.083955
65.335000 366.783156 368.052374 369.547490 369.712041 371.341317 373.806048
65.435000 367.251328 368.597546 370.177652 370.353271 372.108002 374.546783
65.535000 367.915541 369.248194 370.782445 371.019730 372.869617 375.435876
65.635000 368.534115 369.864382 371.426527 371.684239 373.614956 376.446689
65.735000 369.092131 370.477462 372.091748 372.374095 374.429423 377.136707
65.835000 369.854426 371.125278 372.817430 373.102512 375.193232 377.854411
65.935000 370.478974 371.746029 373.485440 373.842069 376.046347 378.930895
66.035000 371.296082 372.401434 374.288466 374.615387 376.846663 379.979138
66.135000 371.802616 373.112837 374.982308 375.395178 377.884853 380.801234
66.235000 372.617041 373.778039 375.792906 376.156615 378.684918 381.665072
66.335000 373.230523 374.490782 376.505109 376.920971 379.531251 382.516970
66.460000 374.043459 375.512775 377.501861 377.913817 380.557353 383.466050
66.585000 374.833108 376.370548 378.528008 378.879921 381.543585 384.423032
66.685000 375.312065 377.084913 379.446931 379.652019 382.325032 385.009420
66.785000 376.020702 377.786699 380.159800 380.390899 383.059281 385.850275
66.885000 376.719318 378.485591 380.961283 381.154027 383.780754 386.749339
66.985000 377.471137 379.192877 381.763496 381.906704 384.531898 387.568678
67.085000 378.075822 379.992033 382.526366 382.682623 385.315712 388.425927
67.185000 379.006312 380.730796 383.311559 383.462681 386.119585 389.033867
67.285000 379.741439 381.691488 384.222199 384.251777 386.844126 389.624827
67.385000 380.578207 382.409396 384.956184 385.084879 387.724064 390.575484
67.485000 381.387835 383.288403 385.755511 385.939760 388.613915 391.188522
67.585000 382.104548 384.199040 386.695288 386.808013 389.427787 392.085953
67.685000 382.965537 385.248691 387.518398 387.721513 390.378533 392.882765
67.810000 383.956637 386.422948 388.834683 388.941144 391.502378 394.010522
67.935000 385.448043 387.673852 390.251001 390.200731 392.785187 394.889528
68.060000 386.576718 389.085084 391.533787 391.503959 393.949430 396.008954
68.185000 388.066189 390.399710 392.850246 392.748095 395.156391 396.994784
68.285000 389.001301 391.347128 393.822791 393.684021 395.957902 397.820778
68.385000 389.955339 392.394622 394.705363 394.595476 396.859928 398.408116
68.485000 390.761827 393.345040 395.611071 395.488280 397.644276 399.259613
68.585000 391.914421 394.255012 396.643827 396.472546 398.539067 400.055940
68.685000 393.374374 395.607480 397.727577 397.588917 399.584903 400.860674
68.785000 394.591902 396.930547 398.956699 398.750700 400.634311 401.851219
68.918333 396.308210 398.616294 400.528491 400.372500 402.102463 403.541414
69.051667 398.344544 400.373142 402.026856 401.955885 403.564834 405.073911
69.185000 400.713799 402.121774 403.595426 403.554921 404.976113 406.456311
69.285000 401.605951 402.960284 404.459383 404.461330 405.890256 407.340765
69.385000 402.532684 403.899440 405.312233 405.317180 406.757755 408.245164
69.485000 403.382816 404.635782 406.101500 406.092569 407.581021 408.880581
69.585000 403.964715 405.317064 406.784849 406.821625 408.338443 409.754693
69.715000 404.787273 406.243307 407.733881 407.789408 409.360154 410.991942
69.845000 405.787421 407.160990 408.659563 408.746462 410.403301 411.977304
69.975000 406.595037 408.075571 409.591574 409.696981 411.320391 413.318052
70.105000 407.684190 409.073367 410.546012 410.642129 412.327823 414.190996
70.235000 408.730730 410.073373 411.549672 411.643921 413.354490 415.277353
70.335000 409.594886 410.962906 412.449316 412.541952 414.241164 416.081868
70.435000 410.482257 411.889409 413.382039 413.513927 415.261833 416.821349
70.535000 411.385653 412.808335 414.346689 414.424178 416.112346 417.777155
70.635000 412.287287 413.664141 415.330112 415.380097 417.101684 419.088151
70.735000 413.169756 414.619563 416.328574 416.381893 418.199948 419.930597
70.835000 414.037183 415.619481 417.308367 417.404884 419.146857 420.985911
70.935000 415.019342 416.555094 418.283441 418.365163 420.177139 421.864831
71.035000 415.757203 417.474081 419.222920 419.292582 421.157313 422.755499
71.135000 416.694703 418.435903 420.185810 420.212865 422.038228 423.741596
71.235000 417.574502 419.216296 421.092676 421.090573 422.912882 424.648280
71.335000 418.382716 420.070038 421.985499 421.942193 423.753809 425.406209
71.435000 419.149831 421.098978 422.947430 422.857532 424.575620 426.335587
71.535000 420.063635 422.051095 423.852968 423.836216 425.557463 427.375840
71.668333 421.299129 423.528590 425.447209 425.548569 427.778119 429.895379
71.801667 423.354231 425.000855 426.858214 427.293734 429.878544 432.220004
71.935000 424.692592 426.284885 428.866119 428.996496 431.993634 434.225571
72.035000 425.534553 426.961027 430.042647 429.957975 433.226109 435.042210
72.135000 426.292303 427.553488 431.132213 430.905026 434.436167 435.846839
72.235000 427.075849 428.041747 431.952415 431.713301 435.419778 436.429910
72.335000 427.856571 428.521459 432.534135 432.503441 436.363818 436.904363
72.435000 428.594991 428.993348 433.035842 433.216728 437.095197 437.360572
72.535000 429.428906 429.442812 433.405775 433.888047 437.643220 437.656386
72.535500 429.432263 429.445977 433.408418 433.891177 437.645969 437.659748
72.635250 429.698497 429.962054 434.016962 434.366824 438.027042 438.204391
72.735000 430.097273 430.471993 434.561722 434.835602 438.412379 438.716367
72.835000 430.488424 430.955559 435.077058 435.296248 438.799978 439.149150
72.935000 430.937269 431.506047 435.606421 435.758022 439.183680 439.557349
73.035000 431.343121 432.025545 436.145352 436.209428 439.540221 440.038768
73.177857 431.960557 432.757944 436.929827 436.825487 440.054019 440.605742
73.320714 432.541175 433.525488 437.603300 437.447744 440.582701 441.185613
73.463571 433.094535 434.252792 438.285792 438.054749 441.077324 441.839044
73.606429 433.597602 434.994422 438.997065 438.685431 441.580976 442.539568
73.749286 434.214193 435.699459 439.713405 439.295090 442.094338 442.992655
73.892143 434.853785 436.370418 440.381743 439.919609 442.612901 443.602026
74.035000 435.514846 437.117988 441.040855 440.545064 443.171888 444.234895
74.168333 436.061148 437.919694 441.783974 441.149821 443.673853 444.861365
74.301667 436.771162 438.585916 442.410249 441.766067 444.188410 445.441886
74.435000 437.436823 439.449668 443.077891 442.392109 444.686919 446.022071
74.510000 437.890418 439.904356 443.434689 442.796826 445.020022 446.408416
74.585000 438.307334 440.456068 443.816992 443.204465 445.374442 446.808750
74.705000 439.054305 441.175264 444.392443 443.871712 445.910022 447.358466
74.825000 439.771386 441.826924 445.018376 444.523458 446.494013 448.112192
74.945000 440.375959 442.493701 445.636231 445.192055 447.168048 448.754112
75.065000 441.283135 443.513513 446.259618 445.876423 447.800241 449.467071
75.185000 442.185319 444.286371 446.878536 446.590921 448.413511 450.510062
75.285000 442.781705 445.017173 447.449670 447.189780 448.904535 451.241013
75.385000 443.350063 445.621117 448.001786 447.774408 449.446389 452.010466
75.485000 444.089569 446.396715 448.538776 448.372451 449.989791 452.712560
75.585000 444.577260 447.029668 449.146160 448.990332 450.657628 453.537667
75.685000 445.312961 447.720675 449.707680 449.608416 451.277154 454.407084
75.785000 445.941251 448.385813 450.272604 450.259176 451.988859 454.922012
75.885000 446.532935 449.042274 450.891251 450.935200 452.657186 455.640721
75.985000 447.139998 449.664940 451.516924 451.572658 453.370134 456.242094
76.085000 447.717710 450.371107 452.162626 452.229292 454.115718 456.892659
76.218333 448.449297 451.204904 452.935209 453.060530 455.026963 457.944756
76.351667 449.468808 451.991837 453.726778 453.917769 455.927489 458.983900
76.485000 450.458891 452.758078 454.531086 454.748452 456.947120 459.662873
76.618333 451.305107 453.574166 455.329809 455.594381 457.799583 460.512339
76.751667 452.169979 454.336041 456.132056 456.457379 458.888965 461.411736
76.885000 452.994028 455.132338 457.003712 457.320921 459.747634 462.317333
76.985000 453.545778 455.686706 457.577520 457.976815 460.489649 463.116369
77.085000 454.105855 456.297295 458.411099 458.669179 461.162735 463.834529
77.185000 454.664171 456.883029 459.146789 459.346525 461.946422 464.459284
77.285000 455.346615 457.600116 459.869425 460.046151 462.624359 465.239871
77.385000 455.948779 458.278421 460.616271 460.742055 463.388628 465.997341
77.518333 456.794328 459.069988 461.718210 461.686289 464.256439 466.732548
77.651667 457.713852 460.008467 462.678887 462.631110 465.103270 467.936449
77.785000 458.532217 460.858802 463.719922 463.558926 465.914813 468.862909
77.885000 459.211506 461.606125 464.538187 464.299987 466.675716 469.508971
77.985000 459.834249 462.427163 465.304509 465.037886 467.348691 470.165457
78.085000 460.531355 463.162854 466.050859 465.767109 468.072136 470.805572
78.185000 461.155271 464.057152 466.748401 466.521004 468.703673 471.245568
78.285000 461.806466 464.749217 467.533640 467.259656 469.439847 471.985719
78.385000 462.599293 465.573611 468.271129 467.986148 470.106015 472.677221
78.485000 463.339615 466.354049 468.975436 468.698545 470.765364 473.337852
78.585000 463.995753 467.378348 469.672634 469.407451 471.464667 474.133175
78.685000 464.608828 468.204870 470.338746 470.117506 472.087183 474.639692
78.785000 465.240443 468.980617 470.981454 470.818150 472.786264 475.250966
78.885000 465.942459 469.676630 471.658794 471.485872 473.372606 475.801934
78.985000 466.769361 470.453815 472.394233 472.169920 474.008005 476.298556
79.085000 467.350020 471.152877 473.016223 472.850001 474.669918 476.938136
79.185000 468.159908 471.890127 473.647104 473.523400 475.317398 477.464422
79.285000 468.954805 472.630672 474.318772 474.198603 475.945904 478.074910
79.385000 469.939458 473.336779 474.986584 474.867070 476.570113 478.676866
79.485000 470.721698 474.012814 475.692022 475.560258 477.190007 479.157123
79.585000 471.745510 474.651767 476.365211 476.228112 477.844878 479.705713
79.685000 472.730462 475.391709 477.058222 476.951049 478.511812 480.232259
79.760000 473.271722 475.986656 477.612671 477.495247 479.168776 480.666058
79.835000 474.239533 476.547009 478.128525 478.071159 479.679861 481.070527
79.925000 475.366569 477.331269 478.926645 478.846769 480.474165 481.802628
80.015000 476.256528 478.161474 479.727220 479.642413 481.243614 482.546182
80.121667 477.524198 479.278735 480.766413 480.720449 482.278186 483.715207
80.228333 478.684876 480.331562 481.866211 481.841421 483.349200 484.811157
80.335000 480.054289 481.562583 482.989143 482.981874 484.422472 485.686569
80.435000 480.985903 482.509362 483.887577 483.927215 485.353695 486.817776
80.535000 481.908427 483.378589 484.857868 484.815965 486.192226 487.643817
80.635000 482.877478 484.392458 485.812085 485.750012 487.133436 488.426771
80.735000 483.887169 485.299944 486.675977 486.654159 488.002835 489.252398
80.835000 484.827070 486.107148 487.429951 487.455689 488.823001 490.034900
80.935000 485.717357 486.891746 488.159798 488.224632 489.580767 490.828363
81.035000 486.442738 487.556834 488.922508 488.936525 490.301102 491.603891
81.135000 487.069001 488.262738 489.633172 489.619056 490.982137 492.258103
81.235000 487.674394 488.876213 490.322892 490.270156 491.627148 492.905110
81.335000 488.287416 489.464527 490.921367 490.895512 492.294431 493.551252
81.435000 488.910340 490.076195 491.570491 491.530029 492.889005 494.441714
81.535000 489.417793 490.628540 492.162788 492.147849 493.560714 495.036709
81.635000 489.983458 491.264042 492.777763 492.753985 494.189091 495.629453
81.735000 490.520696 491.787778 493.404806 493.405510 494.923907 496.584559
81.835000 491.111263 492.376968 494.020820 494.057952 495.664265 497.310628
81.935000 491.742821 493.070669 494.682029 494.768786 496.430893 498.239847
82.035000 492.363772 493.731623 495.412262 495.471447 497.218975 499.070645
82.135000 493.009211 494.351294 496.141020 496.220080 498.072284 499.820631
82.235000 493.624465 495.021677 496.830374 496.941961 498.878228 500.551257
82.335000 494.201396 495.686669 497.606533 497.666162 499.648428 501.382564
82.435000 494.714004 496.324283 498.415726 498.363240 500.361069 502.008569
82.535000 495.216723 496.978654 499.210225 499.063808 501.068538 502.629968
82.635000 495.932095 497.751718 499.899366 499.769063 501.720803 503.228004
82.735000 496.570088 498.529523 500.632157 500.496696 502.430105 503.986005
82.835000 497.233112 499.250238 501.367289 501.225866 503.123974 504.687052
82.935000 498.143834 499.979885 502.045434 501.978302 503.857215 505.505682
83.035000 498.945184 500.847612 502.801803 502.759136 504.665566 506.445855
83.135000 499.595099 501.680476 503.648332 503.584614 505.390979 507.242670
83.235000 500.437689 502.548967 504.471783 504.443802 506.260840 508.197510
83.335000 501.471808 503.474705 505.363922 505.345099 507.163403 508.923830
83.435000 502.450620 504.346021 506.248638 506.269148 508.112705 510.231821
83.535000 503.590691 505.208456 507.112998 507.198003 509.101768 511.520507
83.635000 504.490430 506.115324 508.090278 508.197925 510.172637 512.928997
83.735000 505.205401 507.079562 509.130389 509.245457 511.357636 513.967933
83.868333 506.115230 508.307392 510.446798 510.564981 512.919432 515.480873
84.001667 507.426209 509.655450 511.802172 511.920372 514.204688 516.857370
84.135000 508.539975 510.939811 513.325736 513.264355 515.505644 517.966639
84.235000 509.541341 511.837825 514.219085 514.238891 516.521192 518.847358
84.335000 510.577577 512.790441 515.224350 515.208910 517.539512 519.932614
84.435000 511.551538 513.714299 516.181650 516.098264 518.374993 520.729271
84.535000 512.525719 514.870105 517.028900 517.035098 519.325642 521.544245
84.635000 513.325136 515.709650 517.859055 517.878226 520.123872 522.319946
84.735000 514.344666 516.575602 518.686437 518.752771 521.000290 522.977348
84.835000 515.292075 517.520573 519.559346 519.612779 521.980578 523.612987
84.935000 516.172792 518.477562 520.413788 520.461298 522.803028 524.276611
85.035000 516.910841 519.169173 521.195433 521.240248 523.507051 524.860698
85.135000 517.758835 519.950125 521.969656 522.019184 524.214999 525.642742
85.235000 518.777012 520.706429 522.770821 522.790717 524.870295 526.348295
85.368333 519.721080 521.658808 523.839163 523.765156 525.868402 527.299460
85.501667 520.558392 522.547145 524.909076 524.743502 526.788792 528.380186
85.635000 521.482396 523.463843 525.981332 525.695900 527.720446 529.415563
85.735000 522.240423 524.212484 526.696653 526.463503 528.445355 530.045486
85.835000 523.042304 525.071939 527.457492 527.234364 529.218595 530.941528
85.935000 523.599108 525.779041 528.298172 527.981986 529.946118 531.548535
86.035000 524.481348 526.482030 528.997501 528.723693 530.641095 532.219404
86.135000 525.172389 527.405608 529.708806 529.489496 531.420418 533.107859
86.235000 525.976498 528.291085 530.548948 530.301701 532.106526 533.844105
86.335000 526.700785 529.175082 531.331989 531.118474 532.898252 534.620769
86.435000 527.742560 530.296239 532.167400 532.027041 533.795277 535.624816
86.535000 528.823350 531.223237 533.124965 532.965289 534.574535 536.843601
86.635000 529.707186 532.287874 534.086812 534.009727 535.736554 537.890982
86.735000 530.757588 533.394230 535.098228 535.097359 536.924092 539.114232
86.832500 532.249191 534.422876 536.148655 536.208613 538.093854 540.373645
86.930000 533.552188 535.421441 537.230648 537.285348 539.201491 541.356454
87.005000 534.209932 536.019480 538.005837 538.011104 539.963716 542.094480
87.080000 534.853102 536.625638 538.759104 538.750840 540.761117 542.785376
87.155000 535.577174 537.117680 539.469446 539.415490 541.504011 543.597175
87.230000 536.180379 537.703741 540.129698 540.079856 542.210997 544.416799
87.305000 536.615236 538.243031 540.697880 540.710788 542.922388 545.160839
87.380000 537.127577 538.764264 541.280450 541.318486 543.528368 545.843126
87.480000 537.801019 539.385518 542.245123 542.131524 544.390660 546.629368
87.580000 538.538531 540.164179 543.067113 542.934857 545.302042 547.733150
87.680000 539.120104 540.914337 543.922229 543.719967 546.141305 548.537801
87.755000 539.614751 541.481328 544.585676 544.312308 546.693774 549.188558
87.830000 540.187672 542.050261 545.115022 544.884063 547.291516 549.712438
87.905000 540.712106 542.660451 545.727096 545.463496 547.878118 550.262810
87.980000 541.230977 543.346956 546.356999 546.071184 548.464720 550.907342
88.055000 541.707361 543.950317 546.905719 546.671411 548.975897 551.443676
88.130000 542.324913 544.586113 547.566358 547.277567 549.484196 551.919335
88.205000 542.930589 545.367198 548.122201 547.886215 550.074592 552.359096
88.280000 543.627833 545.988109 548.727512 548.488236 550.567988 552.919113
88.380000 544.543832 546.842894 549.511640 549.283588 551.311041 553.657491
88.480000 545.366676 547.815158 550.243015 550.060571 552.055778 554.364981
88.580000 546.048054 548.874290 550.996177 550.858962 552.752905 555.089829
88.655000 546.898032 549.517724 551.664333 551.510073 553.446898 555.722611
88.730000 547.392987 550.266807 552.295039 552.149496 553.990878 556.255694
88.805000 548.235849 550.922256 552.874035 552.780059 554.616874 556.855337
88.880000 548.989342 551.571420 553.559174 553.447867 555.352590 557.486269
88.957500 550.194492 552.337262 554.252712 554.197465 556.113466 558.249430
89.035000 550.897957 553.129585 554.901015 554.919575 556.845639 558.999670
89.151667 552.016344 554.286520 555.897263 556.018759 557.942895 560.091183
89.268333 553.288692 555.334614 556.964093 557.135067 559.021501 561.375937
89.385000 554.671191 556.427958 558.087918 558.252941 560.305846 562.488570
89.460000 555.339694 557.124896 558.721177 558.959839 560.986717 563.166452
89.535000 556.006227 557.780142 559.414709 559.650920 561.673958 564.005737
89.610000 556.676105 558.455680 560.152835 560.351225 562.369608 564.607898
89.685000 557.653505 559.168515 560.890183 561.084161 563.078009 565.396323
89.760000 558.515691 559.893346 561.732443 561.917095 564.011336 566.487263
89.835000 559.113989 560.527251 562.545835 562.731133 564.886233 567.170264
89.910000 559.914813 561.211857 563.416192 563.525381 565.759668 567.886038
89.985000 560.493631 562.008526 564.270160 564.354517 566.549894 569.002609
90.060000 561.147846 562.881329 565.116101 565.170124 567.498213 569.740605
90.135000 561.688681 563.582181 565.897279 565.967719 568.323701 570.405003
90.210000 562.480259 564.407772 566.798904 566.823422 569.142319 571.050673
90.285000 563.221078 565.351246 567.695073 567.676152 569.931529 571.846340
90.360000 563.993545 566.288201 568.588366 568.509838 570.706403 572.470876
90.435000 564.726236 567.224327 569.580919 569.385567 571.555941 573.212341
90.510000 566.061241 568.136339 570.592394 570.311603 572.383978 573.977205
90.585000 567.030237 569.072825 571.485142 571.256028 573.152639 574.677377
90.685000 568.610328 570.610518 572.757117 572.554144 574.345088 575.890225
90.785000 570.177547 572.246823 573.960256 573.868268 575.499917 576.857288
90.885000 572.310135 573.815921 575.106537 575.168727 576.580758 577.698936
90.960000 573.261744 574.610983 575.962272 575.938771 577.333051 578.451892
91.035000 574.170532 575.408628 576.674351 576.694518 578.010889 579.141131
91.110000 575.018333 576.210017 577.390643 577.440704 578.710683 579.922604
91.185000 575.662521 576.943131 578.178398 578.174209 579.396812 580.753449
91.260000 576.445226 577.697214 578.962450 579.005594 580.268432 581.880410
91.335000 577.282233 578.433039 579.798193 579.820358 581.089013 582.846307
91.410000 578.059542 579.462385 580.732255 580.809139 582.162895 583.949070
91.485000 579.071081 580.399310 581.774717 581.838076 583.420393 584.955408
91.560000 580.009773 581.293343 582.835975 582.933265 584.648354 586.117186
91.635000 580.972626 582.292913 583.812804 583.996048 585.742780 587.825969
91.710000 581.667020 583.241600 584.934908 584.996359 586.878435 588.745778
91.785000 582.567304 584.130404 585.942145 586.006858 587.836898 589.844473
91.860000 583.575458 585.076522 586.941538 586.973429 588.814737 590.838288
91.935000 584.420862 586.002630 587.889919 587.945234 589.716831 591.727269
92.010000 585.167071 586.949984 588.859989 588.860056 590.740531 592.870973
92.085000 586.042048 587.886556 589.694207 589.760030 591.575342 593.871099
92.160000 586.912634 588.870539 590.739744 590.707386 592.568042 595.067983
92.235000 587.816961 589.773003 591.646862 591.668384 593.463884 595.960249
92.310000 588.815607 590.750324 592.592005 592.650955 594.485667 597.036560
92.385000 589.851176 591.681732 593.531278 593.597285 595.471069 597.903413
92.460000 590.717621 592.524903 594.438709 594.468864 596.380296 598.669828
92.535000 591.601363 593.368898 595.288213 595.351713 597.409224 599.615692
92.610000 592.352954 594.052036 596.224928 596.220473 598.256772 600.666492
92.685000 592.925129 594.810737 597.105887 597.064758 599.072588 601.611755
92.760000 593.434421 595.662198 597.977978 597.902849 600.046299 602.360935
92.835000 594.114051 596.401672 598.837854 598.739480 600.941451 603.180957
92.910000 594.727355 597.255420 599.725516 599.607283 601.803920 603.945804
92.985000 595.448508 598.088252 600.587043 600.457008 602.762322 604.965391
93.085000 596.553284 599.371587 601.678816 601.683190 604.019830 606.193303
93.185000 597.771118 600.656302 602.977158 602.874205 605.209722 607.402850
93.285000 599.098666 601.932678 604.170354 604.114913 606.354769 608.188266
93.360000 599.879987 602.839795 604.956099 604.952712 607.154318 609.210960
93.435000 600.799757 603.745630 605.797065 605.786184 607.926137 609.997707
93.510000 601.643530 604.723538 606.766931 606.734369 608.852686 610.821749
93.585000 602.730412 605.608411 607.682710 607.630434 609.693377 612.039605
93.660000 603.881097 606.612744 608.655246 608.571259 610.576502 612.802990
93.735000 604.793950 607.584161 609.656415 609.531007 611.569675 613.413609
93.810000 606.210099 608.540541 610.586572 610.460503 612.408845 613.973168
93.885000 607.282413 609.650479 611.545680 611.412369 613.352252 614.746536
93.985000 608.516981 610.882363 612.608840 612.593684 614.496122 615.949952
94.085000 609.861980 612.094863 613.868290 613.805319 615.536716 617.061937
94.185000 611.434074 613.316174 615.148038 615.031635 616.743077 618.017383
94.260000 612.062677 614.242747 616.069814 615.937222 617.581969 618.839376
94.335000 613.183783 615.281597 616.939525 616.816568 618.445242 619.435513
94.410000 614.342149 616.069804 617.654521 617.531693 619.053892 619.967252
94.485000 615.220038 616.898632 618.386115 618.247713 619.594720 620.661885
94.560000 616.119322 617.691051 619.199210 619.014634 620.281384 621.286207
94.635000 616.927336 618.567613 619.866164 619.753742 620.913476 621.880614
94.710000 617.712899 619.251732 620.546490 620.431057 621.529661 622.480578
94.785000 618.684337 620.032468 621.199127 621.138301 622.274060 623.158144
94.885000 619.459412 620.896090 622.046253 622.030736 623.155514 624.241736
94.985000 620.518297 621.760542 622.880374 622.917575 624.084483 625.420979
95.085000 621.614536 622.597106 623.727865 623.791486 624.929322 626.340955
95.160000 622.293544 623.196906 624.309667 624.409680 625.594555 627.099980
95.235000 622.865976 623.689434 624.874670 625.011778 626.354423 627.708338
95.310000 623.321592 624.233155 625.452664 625.568516 626.912193 628.508035
95.385000 623.800675 624.727119 625.944985 626.092071 627.495956 629.050069
95.485000 624.418807 625.287518 626.634878 626.741998 628.169234 629.706234
95.585000 624.932294 625.892807 627.223413 627.351167 628.842072 630.331629
95.685000 625.469536 626.488715 627.811206 627.942207 629.524113 630.897976
95.810000 626.098853 627.130966 628.559696 628.649675 630.294721 631.685091
95.935000 626.694404 627.778876 629.254477 629.341123 631.054335 632.353841
96.060000 627.337845 628.362985 629.974782 630.035521 631.780730 633.078797
96.185000 627.936661 629.002757 630.671728 630.732308 632.507841 633.739342
96.260000 628.299380 629.455996 631.131215 631.171614 633.000419 634.090439
96.335000 628.830332 629.932215 631.571021 631.620335 633.449607 634.469593
96.410000 629.189657 630.361512 632.028770 632.074863 633.912053 634.814901
96.485000 629.666239 630.808639 632.516446 632.534788 634.328985 635.310813
96.560000 630.147727 631.191613 632.963816 632.993957 634.787766 635.783771
96.635000 630.524961 631.663431 633.472884 633.455930 635.178387 636.223792
96.710000 630.994690 632.059456 633.895541 633.916155 635.577573 636.701482
96.785000 631.369770 632.451989 634.388365 634.350172 635.977633 637.182638
96.905000 632.035213 633.160154 635.100880 635.008212 636.574027 637.825392
97.025000 632.692155 633.833496 635.821509 635.662100 637.163746 638.481844
97.145000 633.270126 634.581291 636.479792 636.313414 637.770274 639.019664
97.265000 633.870444 635.271256 637.153237 636.948271 638.337106 639.606527
97.385000 634.551137 636.007143 637.781552 637.592841 638.979798 640.184172
97.485000 634.989041 636.538684 638.328329 638.132185 639.458720 640.717919
97.585000 635.420024 637.092164 638.846212 638.667327 640.051196 641.285981
97.685000 635.905080 637.651018 639.362803 639.204034 640.608229 641.789086
97.760000 636.338343 638.046764 639.785454 639.624689 640.981214 642.305322
97.835000 636.822112 638.459197 640.192903 640.031025 641.393416 642.672022
97.910000 637.212114 638.909203 640.606402 640.440919 641.788424 643.069472
97.985000 637.579751 639.350017 641.020750 640.849871 642.155718 643.506205
98.060000 637.960876 639.759135 641.376615 641.249164 642.545328 643.926977
98.135000 638.305567 640.174113 641.776724 641.641220 643.005228 644.264371
98.255000 638.908201 640.909843 642.384186 642.256225 643.598112 644.792857
98.375000 639.571922 641.558579 642.968879 642.868275 644.208849 645.393863
98.495000 640.176985 642.164812 643.531724 643.450167 644.829278 646.002217
98.615000 640.724681 642.866967 644.116343 644.053213 645.374725 646.559471
98.735000 641.231530 643.444070 644.679230 644.640948 645.990133 647.160780
98.836667 641.737941 643.929460 645.224297 645.171897 646.534752 647.729551
98.938333 642.229266 644.482436 645.750642 645.695528 647.090647 648.163395
99.040000 642.722241 645.023977 646.265678 646.205512 647.593117 648.680419
99.115000 643.099659 645.451797 646.657767 646.607584 647.996829 649.156408
99.190000 643.592379 645.843142 647.044373 647.011868 648.400422 649.582476
99.265000 644.014575 646.330183 647.455840 647.425180 648.834326 649.996075
99.340000 644.318341 646.703846 647.856921 647.829567 649.224715 650.418447
99.440000 644.822236 647.212210 648.393899 648.351793 649.730787 650.966845
99.540000 645.296285 647.711024 648.931292 648.860949 650.198617 651.487148
99.640000 645.654078 648.244402 649.413496 649.362073 650.672431 652.116576
99.715000 646.064290 648.631095 649.823065 649.758569 651.042033 652.576746
99.790000 646.536000 649.010885 650.240528 650.154486 651.427412 652.979633
99.865000 646.986137 649.481140 650.629217 650.568356 651.806039 653.305725
99.940000 647.260685 649.880440 651.052035 650.966614 652.149858 653.724260
100.035000 647.750818 650.391150 651.537799 651.466580 652.655872 654.327600
100.110000 648.185667 650.783258 651.909786 651.859939 653.033347 654.730640
100.185000 648.566465 651.171799 652.322128 652.267177 653.423038 655.179711
100.260000 648.923891 651.580199 652.753286 652.669459 653.816763 655.650316
100.335000 649.343601 651.993505 653.153523 653.073427 654.236869 655.988750
100.410000 649.773296 652.368835 653.558314 653.480311 654.706316 656.355132
100.485000 650.026000 652.797485 653.937455 653.894690 655.120595 656.900179
100.585000 650.536496 653.293036 654.409987 654.406246 655.617807 657.495855
100.685000 651.019600 653.834515 654.911475 654.920423 656.205042 657.997073
100.785000 651.440782 654.326696 655.410350 655.439033 656.786486 658.533155
100.860000 651.817675 654.704852 655.802602 655.843919 657.254993 658.919296
100.935000 652.137602 655.105562 656.181120 656.261247 657.626662 659.452130
101.010000 652.515705 655.541857 656.596050 656.686426 658.056284 660.014866
101.085000 652.988120 655.940026 657.049666 657.119539 658.533933 660.504891
101.160000 653.536868 656.349687 657.464521 657.555285 658.915728 661.117413
101.235000 654.044242 656.722553 657.874192 657.990160 659.353515 661.630122
101.310000 654.556387 657.158071 658.332956 658.435242 659.787370 662.177281
101.385000 654.957801 657.580073 658.756053 658.888708 660.262303 662.627227
101.460000 655.611745 657.973002 659.271766 659.361227 660.714346 663.081984
101.535000 656.091923 658.357290 659.741173 659.836717 661.318334 663.525569
101.610000 656.663635 658.805520 660.240516 660.322949 661.939185 663.858630
101.685000 657.177632 659.267660 660.769035 660.841253 662.553476 664.319428
101.785000 657.774802 659.807258 661.439412 661.510629 663.416443 665.087112
101.885000 658.547063 660.377102 662.093572 662.200474 664.198148 666.160041
101.985000 659.402804 660.944761 662.795744 662.888438 664.912207 667.122051
102.060000 659.816982 661.358305 663.305951 663.410217 665.446473 667.853267
102.135000 660.296443 661.777159 663.867580 663.948936 666.065277 668.362458
102.210000 660.852438 662.204078 664.482811 664.505056 666.631132 668.849917
102.285000 661.426367 662.819305 665.078410 665.063783 667.192771 669.200212
102.360000 661.848054 663.321515 665.658763 665.641582 667.746227 669.832382
102.435000 662.347089 663.900020 666.297791 666.208873 668.260391 670.278808
102.510000 662.783217 664.481860 666.892253 666.762597 668.767341 670.737698
102.585000 663.364008 665.005109 667.482932 667.330263 669.440355 671.285689
102.685000 664.012922 665.863443 668.245567 668.085163 670.194632 672.255779
102.785000 664.580731 666.608473 669.025669 668.821978 670.903640 672.899169
102.885000 665.101453 667.450899 669.692112 669.572779 671.613278 673.865985
102.960000 665.615544 668.043798 670.219829 670.154287 672.287337 674.376556
103.035000 666.205669 668.564372 670.776467 670.735054 672.882030 674.938203
103.110000 666.689609 669.149536 671.339030 671.328687 673.511496 675.519792
103.185000 667.245341 669.818329 671.905175 671.935914 674.177788 676.361434
103.260000 667.782248 670.401649 672.465388 672.546481 674.901620 676.900788
103.335000 668.229463 670.945558 673.083305 673.146962 675.545621 677.423962
103.410000 668.803011 671.461585 673.655119 673.746374 676.217268 678.076334
103.485000 669.501659 672.070008 674.259309 674.354070 676.851067 678.631033
103.585000 670.505480 672.844431 675.108880 675.165290 677.733093 679.578808
103.685000 671.230821 673.621613 675.973261 676.002164 678.508436 680.472939
103.785000 672.168435 674.359948 676.956799 676.849872 679.288825 681.259943
103.860000 672.808815 674.971354 677.647839 677.496257 679.950790 681.926466
103.935000 673.287059 675.707480 678.292606 678.151085 680.566414 682.651674
104.010000 673.946872 676.306605 678.991936 678.833420 681.275529 683.370652
104.085000 674.632154 677.058347 679.653646 679.526176 681.950254 684.038271
104.185000 675.569726 678.101213 680.816914 680.570140 682.894726 685.210949
104.285000 676.604913 679.205227 681.783767 681.617496 683.934407 685.876456
104.385000 677.639365 680.407162 682.836496 682.673825 684.950633 686.915036
104.460000 678.386650 681.207331 683.638278 683.461949 685.739157 687.624400
104.535000 679.323789 682.142042 684.437919 684.295472 686.475831 688.449029
104.610000 680.129159 683.001615 685.282296 685.131332 687.180328 689.475011
104.685000 681.074990 683.881466 686.083726 685.968755 688.021993 690.226104
104.797500 683.054191 685.375338 687.496667 687.503387 689.643092 691.876740
104.910000 684.522165 686.779059 688.978127 688.984651 691.209658 693.423724
105.022500 686.125925 688.167385 690.488873 690.476950 692.749940 694.822163
105.135000 687.430408 689.675022 691.961434 691.933057 694.204788 696.584523
105.210000 688.047981 690.256411 692.690102 692.691466 695.013566 697.599906
105.285000 688.626650 690.887898 693.466138 693.408022 695.772535 698.381851
105.360000 689.096839 691.495945 694.228719 694.098836 696.394028 699.208786
105.435000 689.620994 692.124749 694.889051 694.761312 697.126532 699.944710
105.510000 690.013386 692.697137 695.480354 695.397213 697.888829 700.552446
105.585000 690.513843 693.258573 696.111715 696.016478 698.538800 701.362375
105.660000 690.977588 693.778165 696.625383 696.608045 699.152517 701.905676
105.735000 691.554835 694.380907 697.138216 697.198067 699.791484 702.608509
