depth(m) lower_95(kyr) lower_68(kyr) median(kyr) mean(kyr) upper_68(kyr) upper_95(kyr)
54.680000 688.992861 691.627633 693.742944 693.599591 695.504553 697.816658
54.720000 689.844612 692.373729 694.360910 694.275019 696.054202 698.417428
54.760000 691.048377 693.132551 694.952418 694.926973 696.720571 699.051865
54.800000 691.851130 693.813690 695.529949 695.559485 697.261137 699.577356
54.840000 692.889443 694.533117 696.113417 696.218956 697.928229 700.201799
54.920000 694.364694 695.883590 697.312579 697.474568 699.224961 701.078307
54.960000 695.010313 696.501480 697.914822 698.119062 699.912004 701.790318
55.000000 695.738201 697.092502 698.522689 698.764918 700.581893 702.428795
55.040000 696.459155 697.752518 699.208436 699.404384 701.198887 703.083334
55.080000 697.196661 698.424173 699.857853 700.042844 701.828595 703.683479
55.120000 697.722452 699.083219 700.521546 700.701637 702.493966 704.364067
55.160000 698.298490 699.701641 701.203402 701.360004 703.179110 704.978069
55.200000 698.817325 700.320376 701.902349 701.986353 703.728498 705.505379
55.240000 699.381464 700.879872 702.609564 702.619888 704.372977 706.086816
55.280000 700.227968 701.526024 703.320287 703.294977 705.021947 706.667983
55.320000 700.774995 702.174206 703.966742 703.962958 705.751014 707.240586
55.360000 701.421887 702.837007 704.668806 704.647528 706.406204 707.786239
55.400000 702.070114 703.689889 705.293242 705.345232 707.066983 708.354331
55.480000 703.453173 705.017559 706.611374 706.592202 708.212806 709.535119
55.500000 703.835263 705.365296 706.951942 706.930741 708.521279 709.892236
55.540000 704.507983 706.055188 707.638288 707.594508 709.180850 710.517775
55.580000 705.092099 706.753822 708.351232 708.286543 709.788194 711.247805
55.620000 705.691567 707.453717 709.040110 708.979049 710.523738 711.821194
55.660000 706.487164 708.146071 709.733142 709.671428 711.157393 712.381012
55.700000 707.391276 708.919050 710.413795 710.380725 711.840415 712.998330
55.740000 708.098480 709.730208 711.184609 711.147266 712.634192 713.626878
55.780000 709.117906 710.672611 712.215257 712.071637 713.452761 714.454447
55.860000 712.182748 713.505811 714.601407 714.573296 715.672192 716.786360
55.900000 713.702669 714.839907 715.858948 715.846681 716.858286 717.940397
55.940000 714.489995 715.632378 716.710048 716.685896 717.722570 718.691883
55.980000 715.189222 716.257394 717.343629 717.319156 718.329067 719.240282
56.020000 715.793586 716.831753 717.850573 717.890303 718.955573 719.936420
56.060000 716.522734 717.462667 718.476255 718.494595 719.575159 720.427050
56.100000 717.073696 718.079916 719.113065 719.094468 720.166882 720.995472
56.140000 717.641318 718.691007 719.679729 719.682452 720.703005 721.563110
56.180000 718.279883 719.290522 720.330849 720.304592 721.301519 722.136261
56.220000 718.859717 719.889746 720.979638 720.937990 721.937808 722.900167
56.260000 719.436268 720.497209 721.597554 721.575405 722.612774 723.751815
56.300000 720.128299 721.110238 722.194467 722.175547 723.169628 724.330025
56.420000 721.735574 722.870033 723.975861 723.967657 725.061231 726.392129
56.460000 722.566184 723.589695 724.702159 724.748649 725.850257 727.259898
56.500000 723.339104 724.369047 725.519079 725.581715 726.679204 728.303625
56.540000 724.254796 725.291475 726.429328 726.513345 727.697555 729.606500
56.580000 725.083298 726.251646 727.486279 727.559255 728.787522 730.601964
56.620000 725.989704 727.077474 728.354101 728.462374 729.805801 731.777080
56.660000 726.761553 727.898409 729.247051 729.382111 730.879501 732.627956
56.700000 727.552702 728.692806 730.166793 730.249341 731.823675 733.622569
56.740000 728.280984 729.429111 730.973425 731.088138 732.737936 734.485155
56.780000 728.909384 730.281929 731.931777 731.987213 733.666576 735.177424
56.820000 729.610565 731.033538 732.813496 732.828929 734.560997 736.107582
56.860000 730.456565 731.859850 733.737246 733.662407 735.391287 736.885079
56.900000 730.993441 732.614635 734.526804 734.453315 736.175836 737.758741
56.940000 731.734131 733.422735 735.214854 735.231915 737.085619 738.541751
56.980000 732.499583 734.161886 735.983821 735.958724 737.829725 739.223520
57.000000 732.891835 734.588444 736.382106 736.344781 738.178450 739.554031
57.040000 733.859026 735.387036 737.241182 737.195263 739.018352 740.463407
57.080000 734.822085 736.374737 738.177357 738.099115 739.916271 741.126036
57.120000 735.577224 737.360179 739.155258 739.032019 740.710678 741.846417
57.160000 736.665441 738.470403 740.233705 740.052164 741.545020 742.636966
57.200000 737.919334 739.849236 741.339950 741.167425 742.505998 743.451749
57.240000 739.673261 741.203296 742.483721 742.343528 743.540477 744.277511
57.280000 741.292706 742.744850 743.762294 743.677187 744.678474 745.373066
57.320000 742.650234 743.779576 744.651345 744.582037 745.393032 746.167415
57.360000 743.713402 744.531921 745.278163 745.279106 746.058685 746.775258
57.400000 744.316385 745.125106 745.890252 745.865067 746.613047 747.365693
57.440000 744.839780 745.635813 746.419723 746.394580 747.190754 747.818012
57.480000 745.307783 746.099188 746.905542 746.897938 747.698228 748.460304
57.520000 745.718837 746.546428 747.412068 747.398102 748.166899 749.018584
57.560000 746.283925 747.041285 747.935666 747.908619 748.692971 749.570372
57.600000 746.743904 747.605604 748.440920 748.443351 749.288292 750.229798
57.640000 747.186774 748.100097 748.968355 748.971929 749.860094 750.873072
57.680000 747.668034 748.578079 749.468050 749.466270 750.361651 751.351722
57.720000 748.166648 749.092557 749.925018 749.972615 750.906301 751.823877
57.760000 748.646926 749.585939 750.458099 750.511507 751.456569 752.471964
57.800000 749.151877 750.136459 751.020181 751.063548 752.047665 752.998581
57.840000 749.705945 750.630587 751.575745 751.622760 752.672228 753.601544
57.880000 750.244114 751.189506 752.208479 752.226681 753.294704 754.263582
57.920000 750.899245 751.770868 752.839040 752.844679 753.900014 755.030896
57.960000 751.502820 752.342221 753.459757 753.469163 754.557844 755.619663
58.000000 752.182029 753.091816 754.128864 754.145352 755.211627 756.372742
58.040000 752.756726 753.831837 754.924364 754.904458 756.002926 757.007702
58.080000 753.489532 754.532383 755.738806 755.742619 756.883175 758.018296
58.120000 754.278285 755.535071 756.660058 756.658719 757.791054 759.119353
58.160000 755.096333 756.350043 757.431949 757.464420 758.600520 759.971159
58.200000 755.982465 757.128821 758.232880 758.307877 759.493411 760.972244
58.240000 756.530354 757.730431 758.983329 759.042276 760.314833 761.987276
58.280000 757.352755 758.466429 759.804640 759.851161 761.207163 762.905099
58.320000 758.264796 759.328555 760.665111 760.746326 762.198872 763.855402
58.360000 758.918059 760.157697 761.522537 761.624689 763.116549 764.759831
58.400000 759.888264 760.984443 762.412351 762.462103 763.933166 765.506281
58.440000 760.604158 761.695677 763.182469 763.274565 764.731402 766.313547
58.480000 761.467343 762.502633 764.027622 764.067088 765.575628 767.102243
58.500000 761.829987 762.902311 764.469285 764.459593 765.939381 767.429290
58.540000 762.490120 763.666871 765.225422 765.235245 766.808576 768.035432
58.580000 763.293313 764.449597 766.065408 765.987634 767.528661 768.709772
58.620000 763.888918 765.222198 766.805127 766.748943 768.208896 769.332231
58.660000 764.679980 766.137605 767.601271 767.501285 768.883723 769.867640
58.700000 765.542007 767.060759 768.333082 768.243800 769.503202 770.414139
58.740000 766.304384 767.943150 769.156778 769.034700 770.186664 771.016675
58.780000 767.269863 768.777255 769.947319 769.832819 770.880694 771.610430
58.820000 768.211338 769.686271 770.677241 770.559673 771.477871 772.248051
58.860000 769.087860 770.394753 771.287870 771.232883 772.140024 772.926654
58.900000 769.863024 771.002540 771.853697 771.812035 772.654065 773.501155
58.940000 770.629915 771.532835 772.444853 772.374424 773.203853 774.021879
58.980000 771.288140 772.088588 772.947578 772.893606 773.716986 774.527110
59.020000 771.726595 772.547377 773.433362 773.390959 774.225333 775.033126
59.060000 772.276839 773.046445 773.907068 773.898195 774.730952 775.645193
59.100000 772.754788 773.623152 774.443290 774.454834 775.301520 776.260395
59.140000 773.304465 774.161244 775.034345 775.038056 775.900275 776.873691
59.180000 773.797717 774.763281 775.581465 775.619460 776.489967 777.433612
59.207000 774.209136 775.135020 775.937540 776.005070 776.924989 777.814551
59.220000 774.417498 775.323405 776.112961 776.193253 777.147369 778.026155
59.260000 774.984635 775.894124 776.718630 776.753711 777.691817 778.603455
59.300000 775.433287 776.404338 777.215423 777.276978 778.189795 779.169516
59.340000 775.927436 776.901192 777.736472 777.774844 778.702985 779.693001
59.380000 776.396393 777.362319 778.205321 778.249356 779.187450 780.095437
59.420000 776.882445 777.788010 778.701437 778.734333 779.695263 780.656746
59.460000 777.463023 778.304326 779.193277 779.222745 780.177423 781.146078
59.500000 777.911337 778.799588 779.671079 779.718957 780.686628 781.708871
59.540000 778.306959 779.290089 780.167976 780.210072 781.190978 782.229584
59.580000 778.757736 779.717682 780.670698 780.689755 781.717523 782.707929
59.620000 779.303095 780.186715 781.155959 781.177245 782.209676 783.186297
59.660000 779.843435 780.669222 781.645426 781.668747 782.653587 783.667021
59.700000 780.333290 781.142727 782.182813 782.156492 783.180651 784.129411
59.740000 780.758245 781.614211 782.646782 782.641551 783.675644 784.590705
59.780000 781.237831 782.041817 783.138768 783.134394 784.182418 785.126296
59.820000 781.739812 782.521239 783.609207 783.621236 784.657652 785.659788
59.860000 782.228003 783.012370 784.133010 784.119313 785.168883 786.200038
59.900000 782.651515 783.509119 784.635649 784.635905 785.701388 786.663884
59.940000 783.107851 784.014304 785.207369 785.185245 786.261227 787.235076
59.980000 783.672756 784.591520 785.822099 785.797261 786.903220 787.915244
