depth(m) lower_95(kyr) lower_68(kyr) median(kyr) mean(kyr) upper_68(kyr) upper_95(kyr)
33.420000 384.427438 385.217793 386.196783 386.222949 387.230217 388.144257
33.545000 385.318488 386.311514 387.436467 387.487421 388.693436 389.908149
33.670000 386.296313 387.321181 388.634507 388.730564 390.147120 391.796474
33.795000 387.245822 388.514365 389.813548 389.997444 391.613481 393.322890
33.920000 388.247093 389.623020 391.123353 391.245149 392.939700 394.736058
34.045000 389.192099 390.786185 392.547319 392.605499 394.450936 396.271544
34.170000 390.687819 392.057979 393.899762 393.938501 395.795933 397.502569
34.295000 391.723406 393.380434 395.220371 395.246238 397.094386 398.647870
34.420000 393.182281 394.840513 396.681312 396.613197 398.379257 399.815182
34.545000 394.657450 396.421354 398.205338 398.132316 399.826864 401.402814
34.670000 396.400213 397.952543 399.612628 399.540301 401.070952 402.541999
34.795000 397.673841 399.390900 400.738216 400.762972 402.277675 403.666883
34.920000 399.002250 400.619138 401.895548 401.957761 403.458744 404.619021
35.045000 400.130678 401.617650 402.927873 402.987730 404.461266 405.680863
35.170000 401.298200 402.666587 403.936577 404.006061 405.453216 406.724946
35.295000 402.224980 403.648960 404.950981 404.974105 406.380573 407.661736
35.420000 403.315622 404.600726 405.910533 405.941189 407.336250 408.610205
35.545000 404.318332 405.548297 406.867098 406.906053 408.275932 409.601747
35.670000 405.343776 406.551988 407.799038 407.856007 409.201123 410.493188
35.795000 406.207052 407.525026 408.786662 408.829317 410.186395 411.337676
35.920000 407.151866 408.523913 409.801218 409.833251 411.143191 412.418045
36.045000 408.235268 409.600081 410.896794 410.911112 412.207407 413.645626
36.170000 409.050712 410.688622 411.999108 412.044571 413.404825 415.030176
36.295000 410.472587 411.852656 413.235831 413.316720 414.704587 416.995154
36.420000 411.842867 413.046479 414.548123 414.695862 416.308581 418.684358
36.545000 412.893426 414.206883 415.874538 416.132443 418.055484 420.976139
36.670000 413.798596 415.473991 417.248587 417.609104 419.937093 422.822955
36.795000 414.939887 416.833673 418.809110 419.210838 421.770318 424.554597
36.920000 416.179881 418.340116 420.587815 420.909377 423.661041 426.860767
37.045000 417.585604 420.078584 422.889394 423.053667 426.161132 428.911921
37.170000 419.658704 422.179784 425.348589 425.334974 428.563866 430.852466
37.295000 421.696971 424.597262 427.879762 427.632012 430.508504 432.802418
37.420000 423.837287 427.219481 430.066675 429.806996 432.412344 434.638945
37.545000 425.877985 429.129310 431.750796 431.560622 433.983477 435.868472
37.670000 428.465746 431.075180 433.367879 433.240626 435.396730 437.357372
37.795000 430.118737 432.580518 434.778705 434.651248 436.726494 438.895112
37.920000 431.733765 433.937883 436.086574 436.032431 438.075744 440.202127
38.045000 433.479432 435.359392 437.328963 437.412838 439.476949 441.746744
38.170000 434.824439 436.656756 438.715491 438.762695 440.808482 443.285467
38.295000 435.974826 437.904244 440.043894 440.101759 442.228520 444.826239
38.420000 437.144437 439.118568 441.364074 441.459790 443.726281 446.388856
38.545000 438.419038 440.465069 442.723299 442.898130 445.365888 448.383800
38.670000 439.735523 441.835449 444.132327 444.388452 446.917923 450.241873
38.795000 440.926807 443.238955 445.774133 445.948032 448.708644 451.755044
38.920000 442.352867 444.625752 447.447789 447.600259 450.623831 453.853924
39.045000 443.681655 446.062098 449.020504 449.262527 452.643625 455.698629
39.170000 444.946298 447.512514 450.966908 451.049433 454.484261 457.619935
39.295000 446.555714 449.252312 452.870001 452.999816 456.591449 460.206103
39.420000 448.132465 451.225198 454.928954 454.947688 458.422926 462.010013
39.545000 449.774774 453.154954 456.945062 456.969579 460.864753 464.255579
39.670000 451.391529 455.046206 458.964074 458.987694 463.056298 466.367254
39.795000 452.963607 457.026771 461.065992 460.999697 464.963207 468.296670
39.920000 454.766053 458.952076 463.054166 462.933168 466.822136 470.253053
40.045000 457.017558 460.754030 465.325044 464.956283 468.831878 472.145153
40.170000 459.058255 463.211841 467.413717 467.076371 470.784791 473.858793
40.295000 461.400792 465.656572 469.327065 469.092289 472.640725 475.502326
40.420000 463.802637 467.978866 471.484327 471.200420 474.564244 477.138881
40.545000 466.643022 470.240598 473.500295 473.309780 476.360392 478.923089
40.670000 468.847405 472.618540 475.772567 475.461264 478.318886 480.420201
40.795000 471.618928 474.956301 477.901560 477.632670 480.196469 482.253266
40.920000 474.521216 477.210975 479.762690 479.614423 481.922993 484.019609
41.045000 476.722713 479.116529 481.318824 481.348136 483.599787 485.974865
41.170000 478.632650 480.762584 482.930344 483.018670 485.111695 488.528446
41.295000 480.039457 482.241336 484.414670 484.549774 486.675329 491.339949
41.420000 481.448491 483.674630 485.753474 486.055313 488.236013 493.093016
41.545000 482.758618 484.913603 487.135588 487.550737 490.288511 495.115011
41.670000 484.083095 486.144660 488.568733 489.012444 492.047626 496.412348
41.801667 485.441941 487.486470 489.967669 490.447318 493.647900 497.644130
41.933333 486.543787 488.786559 491.356780 491.871388 495.441437 498.942773
42.065000 487.724906 490.056539 492.866974 493.294813 496.910545 500.520147
42.196667 489.025198 491.388936 494.320195 494.696653 498.362360 501.852846
42.328333 490.443282 492.734666 495.751099 496.081781 499.766822 503.049859
42.460000 491.684925 494.074235 497.292066 497.526803 501.005459 504.439562
42.600000 492.810682 495.714466 498.863484 499.148685 502.605425 506.439585
42.740000 494.265869 497.178620 500.432286 500.743693 504.302081 508.401113
42.880000 495.994380 498.675499 502.128686 502.375420 505.745070 510.645103
43.020000 497.495237 500.471104 503.710429 504.086537 507.572741 513.619472
43.160000 499.446535 502.113289 505.405774 505.829647 509.123252 515.744363
43.300000 501.238987 504.069316 507.206233 507.614506 510.640029 517.877141
43.425000 502.979286 505.839240 508.919238 509.356087 512.339622 519.489021
43.550000 504.909883 507.738919 510.565332 511.131436 514.231077 521.284673
43.675000 506.919041 509.449849 512.310975 512.919878 516.382587 523.131885
43.800000 508.320897 510.989139 514.217953 514.676244 517.993901 524.882949
43.925000 509.678665 512.747985 515.970740 516.503497 520.202077 526.016585
44.050000 511.470948 514.561382 517.927875 518.334913 522.121159 527.724935
44.175000 513.153512 516.316545 519.923218 520.239863 524.196420 529.239087
44.300000 514.660314 518.228584 521.972878 522.164494 526.176287 530.569769
44.425000 516.411778 520.003854 524.124998 524.096480 528.327905 532.049180
44.550000 517.866199 521.796701 526.202893 526.022713 530.202265 533.465607
44.653333 519.035340 523.536881 527.828230 527.598291 531.508587 534.691699
44.756667 521.022395 525.382678 529.345329 529.173732 532.914430 535.873922
44.860000 522.849064 527.288461 531.001238 530.755281 534.298487 537.287937
44.985000 525.324987 529.346729 532.975995 532.763912 536.043333 539.070147
45.110000 527.737447 531.816660 534.837058 534.767094 537.945642 541.334961
45.235000 529.995744 533.824488 536.735870 536.753010 539.891583 543.209285
45.360000 531.981146 535.919319 538.538456 538.656741 541.831217 545.057598
45.485000 534.013842 537.514524 540.210632 540.423075 543.732673 546.938507
45.610000 535.793608 538.938559 541.923747 542.122459 545.443156 549.205421
45.735000 537.424114 540.286819 543.530055 543.628321 546.964630 550.238774
45.860000 538.778974 542.034142 545.145135 545.161513 548.499722 551.436733
45.985000 540.470176 543.557692 546.767782 546.750701 550.051044 552.995213
46.110000 541.727430 545.025344 548.305438 548.263574 551.505640 554.429265
46.235000 543.012171 546.660755 550.038907 549.816830 552.776169 555.687006
46.360000 544.764345 548.340467 551.580770 551.399917 554.384991 556.880873
46.485000 546.444863 550.153519 553.111368 552.977474 555.815470 558.743804
46.610000 548.296577 551.880848 554.648706 554.574363 557.251922 560.200130
46.735000 550.035120 553.584973 556.277866 556.213656 559.034633 562.034070
46.860000 552.089273 555.192072 557.982783 557.952347 560.799615 563.538425
46.985000 553.946036 556.918840 559.603689 559.652512 562.530098 565.257895
47.110000 555.913519 558.616210 561.326223 561.365913 564.193586 566.700335
47.235000 558.129978 560.582921 563.258134 563.264665 566.002355 568.305656
47.360000 560.046131 562.334462 565.054697 565.077933 567.694216 569.971910
47.485000 561.787622 564.098105 566.830607 566.855415 569.609955 571.571615
47.610000 563.679732 566.222714 568.767169 568.645174 571.027072 573.178727
47.735000 565.628502 568.339980 570.718650 570.582029 572.819407 574.968255
47.860000 567.672792 570.629183 572.751717 572.634244 574.666575 576.544238
47.985000 569.958754 572.403330 574.356186 574.261948 576.139607 578.045604
48.110000 572.046772 574.081077 575.893240 575.875736 577.597742 579.517469
48.235000 573.754544 575.570770 577.383545 577.429001 579.226642 581.452645
48.360000 575.353585 577.226523 578.982450 579.050453 580.943670 583.454863
48.485000 577.012737 579.066604 581.066553 581.239161 583.459912 586.523631
48.610000 579.151483 581.181871 583.375410 583.567778 585.905813 589.203032
48.735000 581.000621 582.954182 585.539842 585.644422 588.202858 591.376568
48.860000 582.671026 584.728544 587.492323 587.611138 590.164970 593.897323
48.985000 584.071658 586.545762 589.290864 589.439386 592.264602 596.388036
49.110000 585.943832 588.369861 591.071343 591.260259 593.961538 597.975960
49.235000 587.501732 590.248399 592.915458 593.228452 596.419170 599.869302
49.360000 589.055272 592.133510 595.016049 595.238494 598.514185 601.525493
49.485000 590.616232 593.811023 597.160611 597.068755 600.281026 603.243102
49.610000 592.123306 595.385327 599.104233 598.861898 602.137676 604.860071
49.735000 594.058648 597.254154 600.901289 600.644896 603.838213 606.333192
49.860000 595.615862 599.118979 602.670964 602.331506 605.494065 607.797533
49.985000 597.262302 600.871434 604.429815 604.016606 606.907577 608.983653
50.110000 599.070514 602.876389 606.019524 605.632232 608.257618 610.228115
50.235000 601.558883 604.715683 607.505740 607.211837 609.589728 611.551463
50.360000 603.770837 606.480386 608.911895 608.716666 610.798424 612.715685
50.485000 605.343770 608.056534 610.198581 610.072408 612.126735 614.191835
50.610000 606.895282 609.367062 611.454713 611.391329 613.446694 615.211472
50.735000 608.044920 610.557260 612.677104 612.582078 614.645658 616.342442
50.860000 609.798405 611.830712 613.872038 613.824565 615.876364 617.663898
50.985000 611.315038 613.205913 615.218491 615.155799 617.144052 618.840700
51.110000 612.834510 614.600269 616.687621 616.595081 618.559777 620.145755
51.235000 614.757487 616.677366 618.647653 618.578292 620.455956 622.200119
51.360000 617.173588 618.845832 620.721812 620.693928 622.464306 624.086628
51.485000 618.881697 620.715735 622.475360 622.517019 624.368326 626.047377
51.610000 620.867556 622.517102 624.212613 624.287869 626.031582 628.395867
51.735000 622.421510 623.962318 625.683410 625.830802 627.633123 630.020835
51.860000 623.574820 625.376844 627.117064 627.247508 629.078718 631.864571
52.000000 624.765546 626.623331 628.530860 628.625971 630.496623 633.400274
52.140000 626.084017 627.979437 629.838907 629.962869 631.998177 634.508241
52.280000 627.378615 629.283376 631.130543 631.309436 633.541688 635.903578
52.360000 627.999377 629.991302 631.916663 632.077038 634.378696 636.655122
52.445000 628.721286 630.813021 632.709648 632.876707 635.131140 637.536906
52.530000 629.458716 631.653416 633.494337 633.693231 636.005939 638.188798
52.610000 630.201906 632.411908 634.284714 634.483391 636.809744 639.011102
52.735000 631.332256 633.513170 635.417865 635.629189 638.049891 639.991315
52.860000 632.524043 634.559318 636.682464 636.768178 639.305443 641.056870
52.945000 633.100532 635.278815 637.484256 637.564422 640.172016 641.887717
53.030000 633.855076 635.998574 638.391438 638.362856 640.902546 642.695011
53.070000 634.395064 636.316129 638.828455 638.746158 641.293432 642.906051
53.175000 635.284257 637.166269 639.766652 639.648991 642.195367 643.749644
53.280000 636.197874 638.015454 640.776699 640.585261 643.125250 644.811389
53.300000 636.379386 638.205610 640.976471 640.781849 643.319762 645.000170
53.415000 637.361873 639.222784 642.033867 641.840826 644.288514 645.987996
53.530000 638.351676 640.084870 643.177705 642.871545 645.317893 647.063028
53.550000 638.508740 640.272076 643.394638 643.062167 645.532278 647.224158
53.665000 639.464580 641.192727 644.406866 644.046819 646.464202 648.270287
53.780000 640.339743 642.151609 645.342045 645.021847 647.329567 649.235683
53.800000 640.561797 642.349860 645.502478 645.208792 647.534467 649.414873
53.925000 641.806776 643.455870 646.636632 646.320882 648.554460 650.582190
54.050000 642.827238 644.570978 647.777672 647.435957 649.706575 651.723022
54.175000 643.698449 645.528436 648.819499 648.514325 650.764310 653.092084
54.300000 644.674669 646.805983 649.791002 649.608576 651.966218 654.314884
54.425000 645.676692 648.094023 650.887777 650.775822 653.181546 655.722149
54.550000 646.744396 649.211943 651.922997 651.910129 654.513895 657.223335
54.675000 647.963552 650.535859 653.039255 653.080851 655.686776 658.560575
54.800000 649.161627 651.721201 654.175770 654.280885 656.885843 659.693756
54.925000 650.418882 652.835733 655.312404 655.460915 658.041375 661.321219
55.050000 651.739849 654.177177 656.435317 656.672104 659.345754 662.547640
55.175000 652.938078 655.441311 657.659119 657.920306 660.659380 663.661532
55.300000 653.962378 656.509629 658.933520 659.123118 661.921119 664.988375
55.425000 655.344630 657.660106 660.183890 660.406880 663.219429 666.513787
55.550000 656.586843 658.837651 661.578691 661.687130 664.631217 667.685060
55.675000 657.764289 659.876655 662.978429 662.993443 665.951186 668.986807
55.800000 658.786541 661.161882 664.367231 664.375472 667.327277 670.670788
55.925000 660.024478 662.473984 665.646315 665.701844 668.813950 671.791554
56.050000 661.371537 663.692209 667.079000 667.062914 670.228150 673.325991
56.175000 662.396370 665.055972 668.495561 668.440402 671.746774 674.593484
56.300000 663.567329 666.460737 669.742792 669.809310 673.132362 675.930674
56.425000 665.112477 668.004641 671.153086 671.278914 674.640087 677.447366
56.550000 666.448077 669.624384 672.552447 672.729574 675.958890 678.854721
56.675000 667.868249 670.978015 674.098408 674.170859 677.512349 680.724350
56.800000 669.075958 672.506534 675.517414 675.614244 678.838100 682.179110
56.925000 670.270658 673.943651 677.049685 677.052540 680.398533 683.030781
57.050000 671.515372 675.237896 678.472197 678.490058 681.782213 684.548468
57.175000 673.382763 676.631236 679.936752 679.938074 683.437971 686.123077
57.300000 674.599695 677.789834 681.402771 681.333070 684.741314 687.635104
57.425000 675.946875 679.461002 683.001188 682.772943 686.091035 688.650702
57.550000 677.710038 680.858563 684.400688 684.196228 687.446516 689.750279
57.675000 679.280274 682.400092 685.710958 685.601431 688.839462 690.943961
57.800000 680.821409 683.973936 687.132967 686.966328 690.008080 692.111605
57.925000 682.334400 685.473785 688.513935 688.343012 691.281052 693.208416
58.050000 683.757502 686.936555 689.950488 689.672652 692.437035 694.066172
58.175000 685.865237 688.545296 691.367420 691.063600 693.554179 695.095258
58.300000 687.637411 690.089425 692.699297 692.419226 694.571303 696.135800
58.425000 689.254076 691.615625 693.904153 693.657668 695.699728 697.053953
58.550000 690.897468 693.042984 695.118576 694.884274 696.663592 697.823734
58.675000 692.126319 694.538416 696.309286 696.089147 697.643137 698.739010
58.800000 693.989325 696.090303 697.448561 697.328331 698.655254 699.735920
58.925000 696.067296 697.350014 698.595138 698.519356 699.654214 700.586327
59.050000 697.790330 698.785229 699.812266 699.789298 700.775638 701.634013
