depth(m) lower_95(kyr) lower_68(kyr) median(kyr) mean(kyr) upper_68(kyr) upper_95(kyr)
180.000000 178.030785 179.025151 179.778608 179.865115 180.833897 181.421480
180.142857 178.128772 179.132378 179.921318 179.995107 180.970376 181.532877
180.285714 178.227703 179.260420 180.068467 180.129220 181.101075 181.672925
180.428571 178.340002 179.375903 180.182163 180.249812 181.227133 181.811511
180.571429 178.487130 179.480564 180.306489 180.369258 181.345560 181.943056
180.714286 178.622369 179.592816 180.407887 180.482656 181.445321 182.066181
180.857143 178.694526 179.691979 180.528963 180.597628 181.573274 182.180017
181.000000 178.792233 179.807995 180.661283 180.711570 181.705244 182.372685
181.142857 178.892775 179.937990 180.790013 180.828449 181.822031 182.565761
181.285714 178.960329 180.038612 180.909022 180.937919 181.952841 182.685334
181.428571 179.056539 180.134259 181.010473 181.045958 182.057477 182.845313
181.571429 179.125809 180.220969 181.113028 181.160505 182.168013 183.036348
181.714286 179.192407 180.321379 181.252060 181.273474 182.257869 183.191070
181.857143 179.270837 180.407930 181.364512 181.383743 182.360282 183.384131
182.000000 179.350007 180.519588 181.489384 181.493818 182.451202 183.601977
182.142857 179.468431 180.618004 181.600574 181.606385 182.570359 183.794443
182.285714 179.590970 180.730689 181.729849 181.722333 182.688000 183.932688
182.428571 179.734648 180.827095 181.861930 181.837638 182.797660 184.057479
182.571429 179.893771 180.932103 181.959421 181.950495 182.900020 184.280520
182.714286 179.996901 181.028316 182.075015 182.062966 183.016386 184.476469
182.857143 180.092275 181.124393 182.191251 182.177069 183.127710 184.545517
183.000000 180.198158 181.224004 182.300295 182.290623 183.266252 184.729310
183.142857 180.316012 181.316026 182.434804 182.406015 183.407465 184.892447
183.285714 180.389948 181.408111 182.558774 182.518188 183.545349 185.108039
183.428571 180.516869 181.513490 182.653430 182.633907 183.681571 185.219535
183.571429 180.591431 181.600095 182.804081 182.749746 183.795221 185.343424
183.714286 180.675193 181.701972 182.937913 182.868612 183.898523 185.499028
183.857143 180.762983 181.797121 183.038286 182.979787 184.026889 185.665367
184.000000 180.805183 181.885893 183.162756 183.094948 184.136553 185.823733
184.142857 180.875244 181.984332 183.312519 183.212972 184.254994 185.983369
184.285714 180.939535 182.086007 183.435960 183.331636 184.407185 186.161049
184.428571 181.024602 182.172978 183.539679 183.445726 184.519649 186.222300
184.571429 181.122877 182.290216 183.658291 183.562631 184.665650 186.462199
184.714286 181.206018 182.385256 183.774897 183.678286 184.791988 186.543019
184.857143 181.285183 182.490131 183.889810 183.797279 184.921223 186.682783
185.000000 181.484631 182.607760 183.991444 183.916883 185.107899 186.811400
185.142857 181.650560 182.726822 184.107141 184.035792 185.233658 186.898378
185.285714 181.781123 182.790960 184.232480 184.153293 185.367116 186.977677
185.428571 181.893067 182.891502 184.369032 184.276131 185.475779 187.106147
185.571429 181.957292 182.974486 184.491530 184.401625 185.617722 187.333323
185.714286 182.029560 183.095496 184.602822 184.524534 185.793227 187.474320
185.857143 182.115977 183.183310 184.716962 184.650116 185.920649 187.688539
186.000000 182.192326 183.296567 184.830005 184.777371 186.045191 187.794684
186.142857 182.251151 183.436825 184.959404 184.906348 186.191830 187.903349
186.285714 182.361484 183.559826 185.060342 185.033985 186.319538 188.043542
186.428571 182.502788 183.721548 185.186040 185.167684 186.453688 188.203115
186.571429 182.642665 183.844019 185.307694 185.304674 186.675629 188.326517
186.714286 182.827571 184.010526 185.446255 185.445658 186.798431 188.411211
186.857143 183.027885 184.150887 185.552614 185.585411 186.958352 188.522359
187.000000 183.127775 184.316479 185.683746 185.731926 187.156765 188.650610
187.142857 183.239433 184.450592 185.806217 185.872504 187.301604 188.799640
187.285714 183.385431 184.564088 185.943334 186.022043 187.477020 188.946473
187.428571 183.526319 184.754150 186.097073 186.167133 187.612586 189.167289
187.571429 183.678822 184.923463 186.247881 186.323488 187.815641 189.305086
187.714286 183.794049 185.089190 186.394897 186.479780 187.955136 189.460859
187.857143 183.953281 185.247334 186.558329 186.642602 188.122475 189.682055
188.000000 184.134705 185.415076 186.728276 186.801891 188.268474 189.850870
188.142857 184.282629 185.570706 186.903238 186.970555 188.394670 190.056084
188.285714 184.440293 185.792894 187.074880 187.145771 188.605422 190.194117
188.428571 184.644025 185.986591 187.249552 187.323371 188.803480 190.346389
188.571429 184.846716 186.149157 187.484731 187.505427 188.988933 190.610547
188.714286 185.096211 186.294194 187.689077 187.690857 189.149843 190.832294
188.857143 185.302266 186.451525 187.857375 187.880163 189.277827 191.124168
189.000000 185.458825 186.643076 188.034397 188.068789 189.457346 191.286688
189.142857 185.664461 186.809096 188.238960 188.269516 189.675245 191.444787
189.285714 185.979444 186.956331 188.444131 188.472778 189.918138 191.644129
189.428571 186.200152 187.221002 188.682053 188.689041 190.187065 191.832997
189.571429 186.421644 187.411476 188.864950 188.898240 190.370874 192.016247
189.714286 186.621710 187.635493 189.073680 189.111771 190.580980 192.198614
189.857143 186.928969 187.879812 189.319860 189.335180 190.809899 192.319372
190.000000 187.130602 188.150532 189.536137 189.556372 191.045576 192.567174
190.142857 187.312537 188.346513 189.747165 189.790804 191.264502 192.709049
190.285714 187.536282 188.594216 189.971961 190.036765 191.466351 192.986728
190.428571 187.744590 188.814733 190.210618 190.276886 191.709328 193.125494
190.571429 187.971528 189.055525 190.474383 190.516195 191.971185 193.412164
190.714286 188.189424 189.295135 190.716945 190.763318 192.197382 193.677146
190.857143 188.432597 189.592781 190.993820 191.013847 192.439144 193.835503
191.000000 188.603193 189.849706 191.202665 191.251577 192.645165 194.003674
191.142857 188.858660 190.118155 191.445761 191.491139 192.902951 194.189451
191.285714 189.017369 190.336827 191.707480 191.733875 193.164182 194.310492
191.428571 189.147319 190.520510 191.972598 191.974312 193.396595 194.476838
191.571429 189.306368 190.750971 192.247644 192.212229 193.621039 194.801549
191.714286 189.473478 190.946077 192.524910 192.446109 193.876333 194.978120
191.857143 189.689097 191.167560 192.752518 192.675407 194.096365 195.188416
192.000000 189.894526 191.404903 193.030077 192.900748 194.286796 195.356739
192.142857 190.291786 191.606539 193.234581 193.106955 194.548672 195.512931
192.285714 190.407596 191.770363 193.456314 193.299243 194.728338 195.654944
192.428571 190.534547 192.045156 193.642857 193.491561 194.938690 195.764153
192.571429 190.686457 192.230243 193.861408 193.681367 195.092153 195.920857
192.714286 190.841390 192.434116 194.078751 193.862648 195.239462 196.072777
192.857143 190.994504 192.657549 194.241664 194.042202 195.376391 196.179499
193.000000 191.102888 192.873156 194.423466 194.204323 195.479673 196.299521
193.142857 191.238112 193.111759 194.623803 194.365290 195.618403 196.409989
193.285714 191.333477 193.303272 194.782015 194.518996 195.722659 196.561266
193.428571 191.430135 193.457478 194.922062 194.670052 195.862090 196.641680
193.571429 191.579799 193.616899 195.081174 194.824119 195.978295 196.752091
193.714286 191.740455 193.774112 195.231155 194.972821 196.090433 196.867935
193.857143 191.966384 193.928911 195.380393 195.109558 196.192949 196.975080
194.000000 192.100701 194.069818 195.508487 195.245450 196.304006 197.070814
194.142857 192.367249 194.207426 195.647167 195.380102 196.405634 197.151599
194.285714 192.506464 194.337573 195.778262 195.507667 196.514405 197.242474
194.428571 192.627931 194.458146 195.900936 195.634477 196.623587 197.324292
194.571429 192.762621 194.605606 196.009174 195.753475 196.708783 197.402759
194.714286 192.915168 194.738076 196.124613 195.875713 196.809825 197.506366
194.857143 193.150784 194.854236 196.262458 195.995220 196.928774 197.595863
195.000000 193.313195 194.992969 196.395983 196.114653 197.029145 197.662546
195.142857 193.406193 195.150805 196.529465 196.234316 197.125677 197.760888
195.285714 193.562252 195.293032 196.635849 196.351410 197.221549 197.857532
195.428571 193.718024 195.405371 196.760179 196.462809 197.305657 197.946185
195.571429 193.792738 195.543394 196.882754 196.576514 197.400724 198.053284
195.714286 194.061302 195.662897 196.987143 196.687950 197.493449 198.125239
195.857143 194.189369 195.832558 197.082702 196.800290 197.600336 198.192609
196.000000 194.252663 196.004969 197.191682 196.911627 197.685294 198.296651
196.142857 194.349443 196.132639 197.318384 197.021602 197.783289 198.382617
196.285714 194.562925 196.281850 197.422440 197.130495 197.874965 198.484263
196.428571 194.733576 196.419921 197.520870 197.235776 197.967884 198.585031
196.571429 194.882651 196.557985 197.618100 197.344490 198.052031 198.671633
196.714286 195.066981 196.647073 197.713990 197.447793 198.145871 198.749181
196.857143 195.131804 196.768850 197.815897 197.553543 198.239607 198.831532
197.000000 195.358784 196.848743 197.913117 197.657317 198.341589 198.930506
197.142857 195.553828 196.978952 198.016433 197.763790 198.423419 199.059993
197.285714 195.678221 197.105775 198.101365 197.864918 198.527575 199.188174
197.428571 195.821177 197.231020 198.203147 197.970048 198.613018 199.293740
197.571429 195.939807 197.376952 198.297315 198.075675 198.712609 199.400887
197.714286 196.058423 197.477818 198.416766 198.182344 198.814524 199.507415
197.857143 196.257508 197.576264 198.520644 198.289591 198.908372 199.584985
198.000000 196.467727 197.698480 198.602419 198.399019 199.000965 199.695754
198.142857 196.604149 197.839732 198.705773 198.511179 199.102964 199.824569
198.285714 196.754280 197.964588 198.796883 198.622327 199.196177 199.945075
198.428571 196.928392 198.080766 198.907131 198.736417 199.291140 200.062059
198.571429 197.140883 198.222783 199.003846 198.851824 199.388700 200.207930
198.714286 197.284979 198.337649 199.113813 198.970633 199.492957 200.264342
198.857143 197.413620 198.430723 199.218269 199.084882 199.589695 200.397570
199.000000 197.725384 198.558995 199.322777 199.201366 199.715740 200.514893
199.142857 197.933183 198.669924 199.425175 199.318650 199.818552 200.643297
199.285714 198.045749 198.798059 199.529291 199.441370 199.943749 200.779224
199.428571 198.182000 198.909298 199.638961 199.563655 200.063988 200.900922
199.571429 198.331735 199.022745 199.753234 199.682597 200.203840 200.987053
199.714286 198.476771 199.145892 199.876427 199.808861 200.334068 201.139889
199.857143 198.621806 199.318109 200.006689 199.939529 200.471567 201.240122
200.000000 198.755310 199.456180 200.133367 200.072352 200.608009 201.351609
