depth(m) lower_95(kyr) lower_68(kyr) median(kyr) mean(kyr) upper_68(kyr) upper_95(kyr)
195.000000 2682.464446 2691.824626 2700.856329 2699.015029 2705.238011 2707.555431
195.142857 2685.240449 2693.728043 2702.638954 2700.676890 2706.552143 2708.809805
195.285714 2687.738011 2695.555473 2703.902752 2702.244435 2707.852432 2710.034029
195.428571 2689.460674 2697.566287 2705.315319 2703.762705 2708.999758 2711.242725
195.571429 2692.199904 2699.471433 2706.688582 2705.228750 2710.265652 2712.333411
195.714286 2694.167599 2701.414209 2708.067691 2706.682006 2711.389692 2713.446212
195.857143 2695.788695 2703.055255 2709.396489 2708.088498 2712.547609 2714.721768
196.000000 2697.533775 2704.645504 2710.619072 2709.468190 2713.723728 2716.010490
196.142857 2699.165963 2706.052956 2711.866020 2710.776733 2714.898352 2716.889019
196.285714 2701.348070 2707.594572 2713.162986 2712.118088 2716.058572 2718.288534
196.428571 2703.187625 2709.042668 2714.440526 2713.432192 2717.292369 2719.198618
196.571429 2704.895373 2710.441625 2715.743321 2714.743668 2718.471357 2720.836227
196.714286 2706.673351 2712.219322 2716.941039 2716.088910 2719.555015 2721.907759
196.857143 2709.043968 2713.980088 2718.138025 2717.467160 2720.848339 2723.293681
197.000000 2710.882252 2715.680228 2719.485041 2718.953104 2722.148494 2724.647575
197.142857 2713.418306 2717.500544 2721.281555 2720.969647 2724.045794 2728.738536
197.285714 2715.216370 2719.225115 2722.987174 2723.089601 2726.358182 2733.858203
197.428571 2717.146346 2721.217369 2724.700897 2725.361364 2728.963898 2738.782845
197.571429 2719.407524 2723.267377 2726.408801 2727.729014 2731.845821 2744.724068
197.714286 2721.638078 2725.087056 2728.228282 2730.090175 2734.621411 2748.853641
197.857143 2724.619359 2727.378954 2730.226951 2732.679452 2738.229819 2753.363336
198.000000 2727.412307 2729.617834 2732.461282 2735.372339 2741.410908 2756.771001
198.142857 2729.613537 2732.269831 2736.455800 2739.012073 2746.659978 2760.261773
198.285714 2731.726288 2735.145448 2740.727552 2742.657106 2750.283703 2762.857577
198.428571 2734.552723 2739.009494 2745.289096 2746.519239 2754.449820 2764.870704
198.571429 2737.457348 2743.283856 2749.671578 2750.439768 2757.881304 2767.009966
198.714286 2740.981699 2747.736361 2753.694292 2754.146356 2760.588808 2768.652493
198.857143 2746.419103 2752.433640 2757.577908 2757.898021 2763.892580 2770.373030
199.000000 2751.146754 2756.435345 2761.288133 2761.517232 2766.969794 2772.695935
199.142857 2754.604820 2759.199736 2764.725094 2764.888954 2771.006490 2776.304047
199.285714 2757.504281 2762.001362 2768.322910 2768.189920 2774.340598 2780.443284
199.428571 2759.342114 2765.031680 2771.945573 2771.608252 2778.042296 2784.060789
199.571429 2761.708460 2768.047255 2775.186875 2774.787268 2781.513091 2786.865674
199.714286 2764.085608 2771.162987 2778.350235 2777.847021 2784.511539 2789.097829
199.857143 2767.275354 2774.222165 2781.391000 2780.837809 2787.427457 2790.919639
200.000000 2770.774023 2776.992798 2784.838416 2783.718721 2790.134866 2792.793350
200.142857 2773.520302 2780.349668 2787.632208 2786.478449 2792.285724 2794.963333
200.285714 2777.010536 2783.528319 2790.218817 2789.171565 2794.193359 2797.149281
200.428571 2780.147482 2786.961493 2792.754513 2791.794440 2796.249564 2799.116463
200.571429 2784.248936 2790.599544 2795.171104 2794.422978 2798.148148 2801.096546
200.714286 2787.992762 2793.670803 2797.311232 2796.901376 2800.150463 2803.289284
200.857143 2792.539114 2796.955206 2799.467118 2799.429980 2802.175249 2805.646255
201.000000 2796.802243 2799.331626 2801.473667 2801.702615 2804.362627 2808.019872
201.142857 2797.934397 2800.481802 2803.009315 2803.800638 2807.264075 2814.501999
201.285714 2799.119842 2801.565466 2804.336607 2805.756234 2810.442536 2819.348996
201.428571 2800.087622 2802.696763 2805.621603 2807.824649 2813.696876 2825.283788
201.571429 2801.132135 2803.745110 2806.919244 2809.824444 2816.776038 2830.499720
201.714286 2802.293536 2804.905289 2808.225758 2811.869208 2821.082467 2834.454340
201.857143 2803.245774 2806.074676 2809.538396 2813.890494 2826.033685 2837.222289
202.000000 2804.284390 2807.063797 2810.973687 2815.770171 2834.099948 2839.402706
202.142857 2805.304123 2808.119821 2812.158232 2817.567504 2836.144144 2840.971406
202.285714 2806.429494 2809.134376 2813.430933 2819.462880 2838.002461 2842.533723
202.428571 2807.257263 2810.135816 2814.655304 2821.317306 2839.683135 2843.770205
202.571429 2808.486779 2811.036312 2815.919305 2823.222601 2841.390409 2844.929284
202.714286 2809.365792 2812.162276 2817.069358 2825.047465 2843.176486 2846.337022
202.857143 2810.319689 2813.219669 2818.302188 2826.844678 2844.795101 2847.972110
203.000000 2811.422078 2814.249948 2819.632529 2828.559367 2846.438783 2849.488133
203.142857 2812.274878 2815.253331 2822.561452 2830.399541 2847.935326 2851.072435
203.285714 2813.533096 2816.343712 2827.485815 2832.364571 2849.214805 2852.352100
203.428571 2814.469061 2817.350691 2832.525115 2834.472161 2850.573883 2853.649274
203.571429 2815.497656 2818.394156 2836.603620 2836.642793 2851.832011 2855.232533
203.714286 2816.786100 2819.712305 2840.465505 2838.767064 2853.135970 2856.533659
203.857143 2817.856897 2820.908603 2844.250810 2840.870222 2854.430810 2857.880078
204.000000 2819.089961 2822.051300 2847.682031 2843.088985 2855.630080 2859.272576
204.142857 2820.645190 2823.839515 2850.241999 2845.189681 2857.490215 2861.686534
204.285714 2821.946728 2825.928589 2852.915957 2847.436286 2859.663799 2864.561790
204.428571 2823.333106 2828.394219 2855.268447 2849.694633 2861.960839 2867.380005
204.571429 2824.707202 2831.053286 2857.293931 2852.036923 2864.581020 2869.277529
204.714286 2826.136474 2833.579165 2859.442913 2854.293923 2866.927206 2871.179954
204.857143 2828.632550 2835.784095 2862.006678 2856.629061 2868.919159 2873.468121
205.000000 2831.406545 2838.444311 2864.198336 2858.823275 2871.070326 2875.350406
205.142857 2833.088411 2840.303320 2866.005786 2860.825844 2872.998225 2877.363036
205.285714 2835.546455 2841.948454 2868.010048 2862.851714 2874.704542 2879.043535
205.428571 2837.296463 2843.946924 2869.826358 2864.788710 2876.232687 2880.662759
205.571429 2838.556504 2845.949053 2871.901389 2866.796317 2877.934911 2882.349633
205.714286 2840.730752 2847.527841 2874.020779 2868.741467 2879.413199 2884.330834
205.857143 2842.874236 2849.569509 2876.092380 2870.743345 2881.011915 2886.132257
206.000000 2844.630126 2851.559654 2877.899628 2872.650669 2882.745326 2888.398998
206.142857 2845.965970 2854.267213 2879.877594 2874.581107 2884.665239 2892.040399
206.285714 2847.380414 2856.398264 2881.597867 2876.500600 2886.273470 2895.049313
206.428571 2848.823376 2858.905482 2883.222083 2878.368501 2887.969022 2898.888882
206.571429 2849.992251 2861.566944 2884.917197 2880.227225 2889.532337 2902.900414
206.714286 2851.612491 2864.483944 2886.739554 2882.068214 2891.027640 2906.423283
206.857143 2853.172278 2866.862358 2888.566929 2883.932142 2892.632346 2909.060980
207.000000 2854.435695 2869.453485 2890.452414 2885.871782 2894.369212 2911.764735
207.142857 2856.393886 2871.241247 2892.805218 2888.275253 2897.898180 2913.242328
207.285714 2858.047106 2872.794916 2895.260170 2890.787095 2901.514364 2915.087339
207.428571 2859.795274 2874.416364 2898.198271 2893.496151 2905.555616 2916.157761
207.571429 2861.906852 2876.298490 2901.335114 2896.236138 2909.534605 2917.648607
207.714286 2864.252210 2878.735624 2904.898720 2899.031574 2912.858689 2919.380891
207.857143 2865.971720 2880.442808 2908.363490 2901.732556 2915.209446 2920.871084
208.000000 2867.808446 2882.619171 2911.400788 2904.208130 2917.334139 2922.291745
208.142857 2869.193650 2886.088073 2913.579094 2906.561500 2919.264044 2923.705159
208.285714 2870.461613 2890.132459 2915.911377 2908.846201 2921.155644 2924.928024
208.428571 2871.882509 2893.250160 2918.393842 2911.194916 2922.873917 2926.506731
208.571429 2873.027233 2900.343721 2920.566857 2913.609584 2924.598088 2928.008544
208.714286 2875.420037 2905.358383 2922.803009 2916.032243 2926.390719 2929.376529
208.857143 2877.054641 2912.111582 2925.174456 2918.554005 2928.019269 2930.673648
209.000000 2878.659489 2918.276646 2927.898136 2921.281015 2930.150692 2932.580857
209.142857 2880.492624 2919.810892 2931.526243 2925.780456 2937.498021 2942.764304
209.285714 2881.498935 2921.694693 2936.952591 2930.477730 2943.792384 2949.297142
209.428571 2883.263114 2925.874710 2942.659729 2935.285144 2949.763262 2956.120505
209.571429 2885.355677 2928.009774 2947.919454 2939.952205 2955.431050 2961.137080
209.714286 2887.038030 2929.932410 2953.693203 2944.518870 2960.307106 2964.468808
209.857143 2889.173941 2931.764965 2959.867258 2949.139115 2965.083564 2967.658299
210.000000 2891.019031 2934.074074 2964.914317 2953.218699 2968.394272 2971.110162
210.142857 2893.275103 2936.884569 2967.012977 2955.706832 2970.312921 2972.815913
210.285714 2895.663978 2939.974062 2968.908867 2958.241688 2972.021691 2974.325071
210.428571 2899.395101 2946.916872 2970.550684 2960.825038 2973.663123 2975.882242
210.571429 2902.973145 2951.519765 2972.218224 2963.278705 2975.180093 2977.554293
210.714286 2907.991620 2956.754232 2973.665203 2965.715407 2976.671465 2978.911346
210.857143 2913.758631 2963.197752 2975.422020 2968.196416 2978.182275 2980.652232
211.000000 2921.132787 2970.561941 2977.133959 2970.731855 2979.769067 2982.133043
211.142857 2923.719607 2973.350504 2978.941342 2973.131309 2981.729354 2984.158401
211.285714 2925.308704 2975.698344 2980.855031 2975.574170 2983.863226 2986.961344
211.428571 2926.865180 2977.583032 2982.857006 2977.989087 2986.090173 2989.385359
211.571429 2928.610562 2979.644331 2984.840457 2980.421033 2988.370746 2991.826292
211.714286 2931.025294 2981.544331 2986.933252 2982.870958 2990.787350 2993.842827
211.857143 2933.920506 2983.195332 2989.032367 2985.295885 2992.926399 2995.588737
212.000000 2936.353922 2985.305157 2990.989201 2987.610381 2994.864962 2997.690133
212.142857 2940.927078 2987.781988 2992.974461 2989.846446 2996.797408 2999.696612
212.285714 2948.316593 2990.081622 2994.898172 2992.164680 2998.688969 3001.818878
212.428571 2954.746830 2992.751552 2996.954345 2994.409677 3000.412813 3003.621288
212.571429 2962.594672 2995.191480 2998.999570 2996.685037 3002.364829 3005.267792
212.714286 2967.270730 2997.196725 3000.881182 2998.841171 3004.140771 3007.068080
212.857143 2970.967536 2999.659281 3002.923347 3001.103533 3006.021245 3009.359765
213.000000 2975.059953 3001.893592 3004.808218 3003.256703 3007.915116 3011.471434
213.142857 2979.269967 3003.604331 3006.565497 3005.174683 3009.694046 3013.180798
213.285714 2983.856006 3005.175603 3008.197342 3007.045648 3011.463691 3015.088960
213.428571 2988.838535 3006.565380 3009.801921 3008.908819 3013.099683 3016.794378
213.571429 2995.327261 3008.263080 3011.443558 3010.814494 3014.925528 3018.463113
213.714286 3001.894919 3009.935870 3013.062674 3012.729104 3016.662597 3020.060023
213.857143 3006.614415 3011.528752 3014.776124 3014.729207 3018.543547 3022.318813
214.000000 3010.583705 3013.441854 3016.696958 3016.804026 3020.551433 3024.257156
214.142857 3012.669605 3015.272597 3019.000574 3019.460793 3024.027234 3029.748710
214.285714 3014.359215 3017.037638 3021.620774 3022.211162 3028.222639 3033.776715
214.428571 3016.039646 3018.644071 3024.796265 3025.093628 3032.414830 3038.021403
214.571429 3017.484253 3020.380743 3027.659013 3027.942550 3036.261444 3042.515239
214.714286 3019.208412 3022.005412 3031.540977 3030.929147 3039.820666 3046.061594
214.857143 3020.779952 3023.616881 3035.142035 3033.824125 3043.381140 3049.413958
215.000000 3022.143131 3025.271987 3038.787967 3036.728649 3046.891945 3052.728800
215.142857 3023.857395 3027.143398 3041.411587 3039.441991 3050.171141 3056.858977
215.285714 3025.330849 3028.981725 3044.540587 3042.394867 3053.432271 3061.036544
215.428571 3027.029309 3030.978710 3046.992334 3045.241044 3056.429047 3064.655055
215.571429 3028.435542 3033.257886 3050.285876 3048.125089 3059.428597 3069.772994
215.714286 3029.996701 3035.684840 3052.954675 3050.890817 3062.263667 3073.133332
215.857143 3032.008835 3038.140386 3056.036484 3053.680497 3065.343933 3076.386082
216.000000 3034.530888 3040.920768 3059.018369 3056.581445 3068.106431 3078.541952
216.142857 3036.761097 3044.667012 3061.888618 3059.559085 3070.967044 3080.444280
216.285714 3039.324206 3048.529070 3064.795017 3062.555706 3074.081564 3082.297344
216.428571 3041.971052 3052.038057 3067.937721 3065.514558 3076.770814 3083.725954
216.571429 3044.387217 3055.371732 3071.252220 3068.493527 3079.011753 3085.141030
216.714286 3048.136270 3058.210592 3074.510571 3071.349908 3080.992564 3086.887638
216.857143 3051.508150 3061.094255 3077.306002 3074.099907 3083.197755 3088.875049
217.000000 3055.763823 3064.586656 3080.098349 3076.936177 3085.086766 3090.447827
217.142857 3058.923007 3067.803189 3082.142439 3079.273850 3086.959194 3092.059355
217.285714 3061.389435 3070.857019 3084.071520 3081.490365 3088.792015 3093.429130
217.428571 3064.638007 3074.181736 3085.908130 3083.586672 3090.356223 3094.587993
217.571429 3067.392118 3078.144284 3087.658336 3085.670938 3092.000082 3095.883490
217.714286 3069.980131 3080.969675 3089.484428 3087.650300 3093.505595 3097.082672
217.857143 3073.847930 3083.537235 3091.215970 3089.559006 3095.037784 3098.453732
218.000000 3076.982418 3085.815375 3092.733419 3091.395387 3096.528022 3099.801257
218.142857 3079.204449 3087.897363 3094.377961 3093.057746 3098.041681 3101.045828
218.285714 3081.404906 3089.880633 3095.862952 3094.703002 3099.470806 3102.358479
218.428571 3083.585447 3091.741345 3097.289769 3096.301414 3100.687552 3103.584672
218.571429 3086.247285 3093.471019 3098.778103 3097.853744 3102.054271 3104.938289
218.714286 3088.435275 3095.450548 3100.307668 3099.402574 3103.408978 3106.182935
218.857143 3090.289774 3097.150498 3101.680582 3100.899349 3104.692280 3107.070074
219.000000 3092.370617 3098.709254 3103.085287 3102.358375 3106.004768 3108.387466
219.142857 3094.342008 3100.490545 3104.498635 3103.778142 3107.300432 3109.661700
219.285714 3096.055840 3102.023799 3105.779512 3105.221706 3108.633916 3110.722302
219.428571 3097.753502 3103.519115 3107.072576 3106.626947 3109.881111 3112.053715
219.571429 3099.451396 3105.033005 3108.506034 3108.032030 3111.210852 3113.322096
219.714286 3101.088100 3106.575582 3109.980300 3109.465833 3112.513792 3114.763888
219.857143 3103.328723 3107.980262 3111.291688 3110.872770 3113.830954 3115.982613
220.000000 3104.747193 3109.598680 3112.636636 3112.258597 3115.050945 3117.118185
220.142857 3106.381428 3111.072142 3114.002288 3113.712776 3116.392935 3118.572304
220.285714 3107.655504 3112.352410 3115.423159 3115.189926 3117.746144 3119.853689
220.428571 3109.240651 3113.761118 3116.794445 3116.637282 3119.035553 3121.378838
220.571429 3110.743718 3115.342723 3118.086118 3118.068486 3120.240857 3122.433162
220.714286 3112.168721 3116.836094 3119.542998 3119.581030 3121.656010 3123.793316
220.857143 3114.156187 3118.430063 3121.112637 3121.199693 3122.996125 3125.012845
221.000000 3115.981653 3120.466546 3122.893906 3123.039599 3124.555299 3126.426628
221.142857 3117.062451 3123.450502 3128.253570 3129.261238 3135.436503 3139.138368
221.285714 3118.454225 3126.824554 3135.994414 3136.014958 3145.120296 3151.005697
221.428571 3119.688926 3130.802614 3142.594028 3142.648284 3154.030361 3162.394780
221.571429 3121.079583 3135.659387 3149.616877 3148.954035 3162.833469 3172.308321
221.714286 3122.099517 3139.620441 3156.849327 3155.325187 3171.440988 3182.432753
221.857143 3123.441049 3144.458108 3163.099147 3161.549267 3180.355661 3191.703535
222.000000 3125.295241 3148.285626 3169.746179 3167.521088 3188.484537 3200.304457
222.142857 3137.123782 3158.302437 3176.849817 3175.318324 3195.114064 3207.327811
222.285714 3147.652638 3167.033354 3183.313465 3182.844082 3200.977433 3213.526143
222.428571 3157.393648 3176.237126 3190.048179 3190.064472 3207.270879 3219.533149
222.571429 3168.145484 3184.883269 3196.858111 3197.108540 3213.393801 3224.670862
222.714286 3177.617429 3192.550893 3202.927753 3203.839221 3219.205734 3229.737072
222.857143 3186.224599 3200.167681 3209.331411 3210.405639 3224.949311 3234.176754
223.000000 3195.095814 3208.128792 3215.473705 3216.708709 3230.279950 3239.443013
223.142857 3203.132206 3213.745348 3221.505936 3222.180811 3233.931137 3242.919849
223.285714 3209.881367 3219.394407 3226.551551 3227.405890 3237.516239 3246.756670
223.428571 3216.558520 3225.005075 3231.860350 3232.377458 3241.704798 3248.908349
223.571429 3223.356836 3231.112529 3237.270240 3237.356712 3245.179006 3251.085164
223.714286 3226.712758 3237.066838 3242.248874 3242.087128 3248.212906 3252.730698
223.857143 3230.584708 3243.110767 3247.164155 3246.618461 3251.071888 3254.002440
224.000000 3232.427320 3249.671288 3251.599957 3250.948348 3253.575090 3255.298141
224.142857 3236.261969 3251.250685 3253.159400 3252.610294 3255.106229 3256.666854
224.285714 3239.929537 3252.578190 3254.605436 3254.094270 3256.430440 3257.876742
224.428571 3245.534445 3254.023611 3256.021153 3255.491769 3257.662150 3258.840451
224.571429 3250.600762 3255.420736 3257.256065 3256.835899 3258.728815 3259.965234
224.714286 3253.392509 3256.642889 3258.390604 3258.092295 3259.758158 3260.929529
224.857143 3255.451280 3257.929262 3259.388444 3259.245511 3260.735887 3261.861585
225.000000 3257.616672 3259.184111 3260.502509 3260.424656 3261.681309 3262.690611
225.142857 3258.980021 3260.252995 3261.576864 3261.497852 3262.697610 3263.946028
225.285714 3259.886561 3261.265488 3262.522983 3262.506792 3263.737353 3265.129649
225.428571 3260.830891 3262.166672 3263.448912 3263.476577 3264.806618 3266.190218
225.571429 3261.825184 3263.100197 3264.411832 3264.462220 3265.821837 3267.277995
225.714286 3262.856077 3264.138200 3265.365630 3265.434637 3266.763387 3268.382454
225.857143 3263.801272 3265.079754 3266.342328 3266.399154 3267.765652 3269.230461
226.000000 3264.894968 3266.036084 3267.289166 3267.402337 3268.800126 3270.369870
226.142857 3265.656255 3266.952433 3268.264429 3268.380039 3269.825691 3271.596784
226.285714 3266.546948 3267.733752 3269.214216 3269.361982 3271.007141 3272.739764
226.428571 3267.429236 3268.587339 3270.230895 3270.382570 3272.174648 3274.107871
226.571429 3268.308663 3269.562468 3271.255924 3271.422685 3273.297504 3275.410349
226.714286 3269.224712 3270.476434 3272.237657 3272.422782 3274.429290 3276.422769
226.857143 3270.039024 3271.450842 3273.264682 3273.444493 3275.491857 3277.429557
227.000000 3270.831780 3272.484618 3274.415759 3274.529411 3276.614227 3278.489534
227.142857 3271.682798 3273.486283 3275.590777 3275.646994 3277.834798 3279.824509
227.285714 3272.700115 3274.650007 3276.773294 3276.794794 3279.022932 3280.971521
227.428571 3273.732884 3275.705027 3277.929379 3277.916187 3280.123650 3282.006041
227.571429 3274.749183 3276.808712 3279.142018 3278.997880 3281.155118 3282.926042
227.714286 3275.974442 3277.955051 3280.193348 3280.069194 3282.026721 3283.787756
227.857143 3277.269685 3279.176715 3281.321506 3281.154909 3282.924073 3284.798615
228.000000 3278.480946 3280.370781 3282.419109 3282.246570 3283.895394 3285.849387
228.142857 3279.331193 3281.507964 3283.408262 3283.285453 3284.926848 3286.999219
228.285714 3280.445820 3282.527267 3284.432660 3284.327904 3285.972749 3288.130858
228.428571 3281.481974 3283.613774 3285.370455 3285.345421 3287.013325 3289.261146
228.571429 3282.640064 3284.727250 3286.242221 3286.334573 3288.020234 3290.585001
228.714286 3283.726540 3285.760526 3287.105597 3287.280191 3288.957636 3291.301227
228.857143 3285.017543 3286.661413 3288.026137 3288.230324 3289.872794 3292.409656
229.000000 3286.174160 3287.602833 3288.869784 3289.105696 3290.763965 3293.246084
229.142857 3287.042416 3288.397191 3289.626223 3289.902066 3291.548803 3294.075249
229.285714 3287.856607 3289.133980 3290.358580 3290.668472 3292.484910 3294.861644
229.428571 3288.641635 3289.898516 3291.075200 3291.415736 3293.248461 3295.512513
229.571429 3289.261929 3290.569805 3291.783683 3292.134344 3294.000521 3296.299776
229.714286 3290.140893 3291.318511 3292.461737 3292.854841 3294.710882 3297.015909
229.857143 3290.919388 3292.030812 3293.209544 3293.581778 3295.553756 3297.698493
230.000000 3291.705745 3292.753066 3293.888718 3294.295460 3296.238118 3298.427369
230.142857 3292.315319 3293.502703 3294.633982 3295.021743 3296.993214 3299.105985
230.285714 3293.031226 3294.175443 3295.367315 3295.734138 3297.717385 3299.886727
230.428571 3293.742286 3294.853689 3296.068045 3296.436772 3298.424713 3300.511980
230.571429 3294.443107 3295.538038 3296.802047 3297.159615 3299.210528 3301.278459
230.714286 3295.185685 3296.261913 3297.534822 3297.874201 3299.909684 3301.821000
230.857143 3295.815974 3296.974845 3298.307036 3298.600017 3300.612792 3302.461128
231.000000 3296.376722 3297.705181 3299.036297 3299.324188 3301.378290 3303.191629
231.142857 3297.072012 3298.415059 3299.835808 3300.078465 3302.158990 3303.885333
231.285714 3297.814271 3299.174977 3300.559241 3300.833835 3302.883039 3304.608688
231.428571 3298.481670 3299.890055 3301.347079 3301.584579 3303.558176 3305.273502
231.571429 3299.284210 3300.646147 3302.128356 3302.356050 3304.279981 3305.972733
231.714286 3300.028826 3301.450853 3302.957402 3303.122653 3305.020187 3306.553084
231.857143 3300.801330 3302.226030 3303.779978 3303.887596 3305.736886 3307.298409
232.000000 3301.480828 3303.037427 3304.621590 3304.677400 3306.452643 3307.965090
232.142857 3302.463551 3303.857973 3305.499448 3305.501985 3307.224482 3308.642924
232.285714 3303.274990 3304.703024 3306.291382 3306.336521 3308.068029 3309.284529
232.428571 3304.008280 3305.580071 3307.172092 3307.168751 3308.820732 3310.011439
232.571429 3304.927720 3306.390817 3308.039492 3307.993418 3309.565937 3310.592727
232.714286 3305.894661 3307.301228 3308.872228 3308.816975 3310.304724 3311.524194
232.857143 3306.689104 3308.203732 3309.662667 3309.629805 3311.002874 3312.392272
233.000000 3307.483283 3309.078357 3310.466295 3310.461162 3311.758267 3313.183721
233.142857 3308.187739 3309.961305 3311.262460 3311.258618 3312.520637 3314.208425
233.285714 3308.977772 3310.711109 3312.024424 3312.027006 3313.297578 3315.071403
233.428571 3309.712937 3311.480650 3312.769378 3312.785411 3314.023210 3316.065987
233.571429 3310.329511 3312.225397 3313.485659 3313.563344 3314.799678 3317.450412
233.714286 3311.208866 3313.044722 3314.249193 3314.334165 3315.578866 3318.380643
233.857143 3312.024085 3313.654340 3314.964219 3315.084697 3316.355926 3319.733932
234.000000 3312.771479 3314.408495 3315.719610 3315.851629 3317.079266 3320.943942
234.142857 3313.409770 3315.061531 3316.409626 3316.573987 3317.868625 3321.860926
234.285714 3314.033682 3315.821874 3317.083719 3317.295204 3318.623522 3322.699456
234.428571 3314.823819 3316.566064 3317.794238 3318.038080 3319.418443 3323.327333
234.571429 3315.362497 3317.233157 3318.473349 3318.774624 3320.242941 3324.640973
234.714286 3316.193564 3317.900580 3319.196255 3319.533814 3321.053511 3325.456724
234.857143 3316.883074 3318.657830 3319.992973 3320.320646 3321.866464 3326.149535
235.000000 3317.615332 3319.389605 3320.718497 3321.110522 3322.905195 3326.818048
235.142857 3318.133149 3320.086102 3321.454314 3321.918279 3323.850213 3327.934821
235.285714 3318.744220 3320.806326 3322.252431 3322.751543 3325.037675 3328.936336
235.428571 3319.454815 3321.461844 3323.046229 3323.565417 3325.963208 3329.974479
235.571429 3320.232340 3322.252739 3323.873674 3324.451180 3327.146123 3331.170351
235.714286 3321.004659 3322.942267 3324.715693 3325.356615 3328.228293 3332.400017
235.857143 3321.740212 3323.736658 3325.578718 3326.249791 3329.354577 3333.416803
236.000000 3322.417992 3324.539157 3326.420711 3327.195558 3330.407144 3334.576083
236.142857 3323.373956 3325.219534 3327.352450 3328.164588 3331.582979 3336.046377
236.285714 3324.190594 3326.049257 3328.338019 3329.154671 3332.721894 3337.337724
236.428571 3324.945158 3326.879528 3329.249116 3330.152192 3334.026659 3338.899075
236.571429 3325.562181 3327.703067 3330.264866 3331.252024 3335.297979 3340.937389
236.714286 3326.347526 3328.563318 3331.330292 3332.327675 3336.513040 3342.349312
236.857143 3327.002732 3329.372735 3332.413283 3333.375465 3337.551151 3343.842246
237.000000 3327.684711 3330.236191 3333.497402 3334.447128 3338.857680 3345.226696
237.142857 3328.342696 3331.095203 3334.751136 3335.594592 3340.462329 3346.704397
237.285714 3329.231246 3332.020278 3336.032127 3336.707313 3341.826986 3347.804608
237.428571 3329.987422 3332.814713 3337.330678 3337.815779 3343.092129 3348.783208
237.571429 3330.860937 3333.702233 3338.517666 3338.919882 3344.288531 3349.868873
237.714286 3331.473870 3334.696197 3339.592184 3340.047948 3345.610254 3351.203413
237.857143 3332.164079 3335.638758 3340.904280 3341.159922 3347.135191 3352.159857
238.000000 3332.958966 3336.524343 3342.148944 3342.286417 3348.226119 3353.118301
238.142857 3333.933212 3337.451522 3343.368178 3343.399048 3349.553333 3354.143495
238.285714 3334.555166 3338.370667 3344.482796 3344.523047 3350.690891 3355.238489
238.428571 3335.273181 3339.345758 3345.467129 3345.625260 3351.941802 3356.148704
238.571429 3336.014801 3340.413204 3346.577542 3346.728585 3352.993852 3357.068860
238.714286 3336.703610 3341.518042 3347.850195 3347.841286 3354.015339 3358.813417
238.857143 3337.513535 3342.512399 3349.012362 3348.941957 3355.078903 3360.619514
239.000000 3338.706243 3343.805979 3350.089161 3350.072406 3356.213346 3361.623572
239.142857 3339.843535 3345.110044 3351.616956 3351.279535 3357.245066 3362.529184
239.285714 3340.824917 3346.324804 3352.862136 3352.484521 3358.198336 3363.398979
239.428571 3341.958887 3347.825814 3354.106338 3353.674446 3359.235494 3364.487897
239.571429 3343.158940 3349.103015 3355.256658 3354.889303 3360.263574 3365.383429
239.714286 3344.418931 3350.700886 3356.613965 3356.153455 3361.448692 3366.228402
239.857143 3345.368715 3351.870355 3357.868398 3357.350899 3362.355463 3367.090063
240.000000 3346.454565 3353.256693 3359.243423 3358.617831 3363.453051 3368.074987
240.142857 3347.398996 3354.805537 3360.515777 3359.845025 3364.570484 3368.734649
240.285714 3348.562023 3356.088985 3361.760087 3361.065783 3365.576214 3369.286083
240.428571 3350.399957 3357.689700 3363.202362 3362.339064 3366.438937 3370.162462
240.571429 3351.702044 3359.356003 3364.421459 3363.590656 3367.330290 3370.694273
240.714286 3353.379237 3360.791730 3365.709992 3364.838125 3368.492536 3371.594574
240.857143 3354.846820 3362.283470 3367.022411 3366.050213 3369.436371 3372.377590
241.000000 3356.211107 3363.846654 3368.189184 3367.274299 3370.459277 3373.416084
241.142857 3357.715728 3365.286096 3369.255898 3368.450895 3371.488276 3374.396746
241.285714 3359.638478 3366.927983 3370.246910 3369.632877 3372.481053 3375.100468
241.428571 3361.636740 3368.179477 3371.272915 3370.812240 3373.529791 3376.104189
241.571429 3364.173973 3369.351063 3372.171031 3371.988481 3374.523793 3377.083176
241.714286 3366.506108 3370.613212 3373.144796 3373.080014 3375.423447 3378.058268
241.857143 3368.911591 3371.910218 3374.120162 3374.167354 3376.355971 3378.990574
242.000000 3370.528213 3373.074135 3375.044579 3375.234054 3377.377144 3379.837791
242.142857 3371.706276 3373.940688 3375.982751 3376.175937 3378.311642 3380.966945
242.285714 3372.482887 3374.867488 3376.772393 3377.058247 3379.267693 3381.779431
242.428571 3373.364107 3375.685079 3377.587083 3377.918617 3380.265786 3382.887099
242.571429 3374.221192 3376.406692 3378.408544 3378.760302 3381.104678 3383.824043
242.714286 3374.994407 3377.219902 3379.313280 3379.637425 3382.109095 3384.866297
242.857143 3375.776796 3378.000234 3380.205251 3380.501436 3383.072193 3385.658284
243.000000 3376.677274 3378.734870 3381.075834 3381.390296 3384.125808 3386.685839
243.142857 3377.442550 3379.598164 3382.027763 3382.376351 3385.165561 3389.176265
243.285714 3378.029273 3380.238247 3382.920104 3383.344547 3386.272264 3390.982543
243.428571 3379.085761 3381.003110 3383.887426 3384.341856 3387.323776 3392.317534
243.571429 3379.936879 3381.734716 3384.893050 3385.374501 3388.519320 3393.842800
243.714286 3380.611419 3382.527573 3385.794479 3386.418259 3389.706599 3395.777869
243.857143 3381.303638 3383.343061 3386.703262 3387.452332 3390.668230 3397.265259
244.000000 3381.884715 3384.093338 3387.839366 3388.477028 3391.804511 3399.936898
244.142857 3382.442819 3384.929772 3388.754140 3389.561869 3393.221235 3402.284781
244.285714 3383.071931 3385.813573 3389.776826 3390.627850 3394.460967 3404.007754
244.428571 3383.635730 3386.836065 3390.838536 3391.754949 3395.697387 3406.570411
244.571429 3384.061749 3387.774249 3391.801984 3392.914640 3397.123195 3411.281282
244.714286 3384.700404 3388.633162 3392.877958 3394.056725 3398.058907 3414.736595
244.857143 3385.236947 3389.556552 3393.983244 3395.159394 3398.998900 3419.493524
245.000000 3385.605730 3390.514523 3394.988609 3396.356221 3400.119633 3424.503285
245.142857 3386.261705 3391.387832 3396.046645 3397.585483 3401.212119 3427.603448
245.285714 3387.002934 3392.444231 3397.213234 3398.837232 3402.480014 3431.780819
245.428571 3387.437890 3393.425183 3398.183046 3400.061996 3403.552664 3436.103315
245.571429 3387.955379 3394.368356 3399.255324 3401.351695 3404.645476 3442.792040
245.714286 3388.550851 3395.642278 3400.357342 3402.637784 3405.611172 3446.800970
245.857143 3389.035168 3396.542432 3401.615961 3403.982803 3407.072465 3450.461123
246.000000 3389.626054 3397.776248 3402.797678 3405.395100 3408.500885 3457.234270
246.142857 3390.262488 3398.890481 3403.932965 3406.890053 3410.632758 3462.265575
246.285714 3390.812460 3400.073961 3405.264209 3408.460353 3412.946895 3466.229796
246.428571 3391.439127 3400.955621 3406.459945 3410.007528 3415.542115 3470.192244
246.571429 3391.895007 3402.138818 3407.612903 3411.631088 3417.852615 3475.216547
246.714286 3392.503567 3403.153117 3408.847606 3413.228870 3419.848954 3480.386682
246.857143 3393.083762 3404.214574 3409.965662 3414.977932 3422.839736 3486.428268
247.000000 3393.769748 3405.578551 3410.983629 3416.665496 3425.557765 3493.864926
247.142857 3394.429266 3406.376046 3412.345422 3418.301752 3427.901550 3496.854354
247.285714 3395.103145 3407.128190 3413.736809 3420.054181 3430.386517 3498.601601
247.428571 3395.727601 3408.115199 3414.995947 3421.816645 3433.601411 3501.059882
247.571429 3396.254466 3409.055641 3416.391786 3423.537032 3437.011511 3502.472848
247.714286 3396.686250 3410.178329 3417.664266 3425.285744 3439.650839 3504.189095
247.857143 3397.393198 3411.116312 3419.360136 3427.050557 3442.503590 3506.671909
248.000000 3398.245054 3411.847016 3420.850330 3428.854522 3445.506330 3508.148116
248.142857 3398.763434 3412.810040 3422.105488 3430.597210 3447.184816 3509.404999
248.285714 3399.389821 3414.330349 3423.384718 3432.346215 3449.872231 3512.142909
248.428571 3400.252188 3415.536841 3424.730172 3434.164472 3452.646810 3514.898414
248.571429 3401.073298 3416.440711 3426.065975 3436.032719 3455.220138 3516.712250
248.714286 3401.775418 3417.963681 3427.500486 3437.778628 3458.102082 3518.809802
248.857143 3402.463942 3418.588332 3428.551383 3439.564944 3460.622358 3520.361242
249.000000 3403.255513 3419.764213 3429.568857 3441.271794 3462.694565 3521.492955
249.142857 3404.077780 3420.628572 3430.764246 3442.897431 3465.153891 3522.496014
249.285714 3404.904674 3421.850673 3431.967061 3444.582846 3468.063688 3523.710334
249.428571 3405.687145 3422.826135 3432.978579 3446.188046 3469.751690 3524.740755
249.571429 3406.495577 3423.838915 3434.192073 3447.856866 3472.316535 3526.229547
249.714286 3407.346904 3424.729279 3435.758189 3449.449717 3474.470309 3527.517718
249.857143 3408.103413 3425.702322 3436.784613 3451.033771 3476.320986 3528.514645
250.000000 3408.615148 3427.069908 3437.720974 3452.623070 3478.130056 3530.138676
250.142857 3409.601230 3428.236718 3438.850154 3454.135266 3479.908510 3532.716582
250.285714 3410.488068 3429.127763 3440.152268 3455.688639 3481.902526 3534.188633
250.428571 3411.557055 3430.146049 3440.927475 3457.266591 3483.555740 3535.477113
250.571429 3412.475876 3431.115010 3441.867061 3458.799974 3485.526551 3536.287038
250.714286 3413.667234 3431.981113 3442.700563 3460.407294 3488.292459 3538.713863
250.857143 3414.991683 3432.973661 3443.659473 3461.968939 3491.138583 3540.631559
251.000000 3415.819440 3434.251624 3444.566467 3463.699044 3493.542472 3542.082232
251.142857 3417.267190 3435.474832 3445.406068 3465.390228 3497.255778 3550.525304
251.285714 3418.118047 3436.315093 3446.306948 3467.173471 3500.224121 3557.542388
251.428571 3420.188687 3437.330010 3447.255691 3468.910456 3503.424406 3561.814624
251.571429 3421.579698 3438.605562 3448.181036 3470.667820 3507.254540 3566.246762
251.714286 3423.122748 3439.684600 3449.080561 3472.503397 3511.196166 3571.976472
251.857143 3423.816693 3440.676474 3449.835294 3474.342681 3514.330887 3582.139485
252.000000 3425.585807 3441.989550 3450.770536 3476.222031 3518.355881 3586.541602
252.142857 3427.339354 3443.128855 3451.568355 3478.030288 3521.643685 3589.164253
252.285714 3429.851944 3444.284900 3452.542623 3480.012943 3524.401172 3592.218177
252.428571 3431.471181 3445.379711 3453.368331 3481.929065 3528.397242 3595.243547
252.571429 3433.943260 3446.770176 3454.235540 3483.805226 3531.358884 3597.614751
252.714286 3437.216989 3447.878154 3455.299652 3485.733241 3534.536033 3599.578487
252.857143 3438.775002 3449.092294 3456.170588 3487.783676 3537.889345 3602.292813
253.000000 3441.296924 3450.239830 3457.400107 3489.716955 3539.871399 3605.121659
253.142857 3443.385519 3451.279340 3458.830660 3491.733882 3542.650263 3608.892540
253.285714 3445.527243 3452.649759 3460.308939 3493.797247 3544.912525 3610.142313
253.428571 3447.700851 3454.127055 3461.568508 3495.899872 3547.486885 3612.044115
253.571429 3449.239823 3455.822799 3463.039317 3498.096385 3550.087242 3613.931752
253.714286 3451.753590 3457.424888 3464.424070 3500.248571 3552.807673 3616.617550
253.857143 3454.126944 3459.046665 3466.034962 3502.417889 3555.951087 3619.382022
254.000000 3456.006004 3460.566227 3467.372679 3504.495015 3558.623991 3621.912159
254.142857 3457.308727 3461.929971 3468.795911 3506.604814 3562.306910 3624.647223
254.285714 3458.962239 3463.560448 3470.570550 3508.731149 3566.929216 3627.528084
254.428571 3460.155861 3465.091839 3472.132553 3510.824333 3570.335019 3629.909139
254.571429 3461.446523 3466.709741 3473.664947 3512.937454 3573.427778 3631.794047
254.714286 3463.321875 3468.517047 3475.038780 3515.083151 3577.036802 3633.817061
254.857143 3464.546196 3470.097605 3476.539470 3517.238219 3580.212672 3635.927890
255.000000 3466.703935 3471.746646 3478.122770 3519.444655 3583.520383 3638.124886
255.142857 3468.923704 3473.435740 3480.105834 3521.672320 3586.746906 3640.033265
255.285714 3470.377974 3475.033128 3482.278504 3523.991511 3590.359466 3641.932203
255.428571 3472.461229 3476.749538 3485.248436 3526.361209 3594.152396 3644.162011
255.571429 3473.725336 3478.480716 3488.061947 3528.731287 3597.176144 3646.135975
255.714286 3475.304383 3480.188272 3490.221043 3531.078591 3600.878620 3648.061571
255.857143 3476.209323 3481.764214 3492.998364 3533.450962 3603.820201 3649.762793
256.000000 3477.417417 3483.178832 3496.565779 3535.922587 3607.006987 3651.166824
256.142857 3478.280863 3484.685962 3501.456174 3538.629562 3609.954274 3653.720233
256.285714 3479.074884 3485.910069 3506.095766 3541.458451 3613.512736 3656.816475
256.428571 3479.985023 3487.107625 3510.797328 3544.202833 3617.275235 3659.531670
256.571429 3481.096498 3488.252506 3515.453543 3547.122405 3620.444522 3662.197582
256.714286 3482.051400 3489.463516 3518.957565 3550.073373 3623.825002 3664.432586
256.857143 3482.909612 3490.592076 3523.923195 3552.962503 3626.956048 3667.012762
257.000000 3483.924262 3491.744992 3527.502250 3555.900140 3630.029403 3669.502933
257.142857 3485.220263 3492.862672 3529.964501 3558.841575 3632.720767 3672.258376
257.285714 3486.400875 3493.894518 3532.384069 3561.855962 3635.249237 3675.215448
257.428571 3487.469884 3495.173398 3535.039377 3564.913448 3637.914117 3677.433371
257.571429 3488.328221 3496.452073 3537.016842 3568.049726 3640.569639 3679.702152
257.714286 3489.379579 3497.881230 3538.877224 3571.119481 3644.060407 3682.252514
257.857143 3490.821988 3499.091541 3540.374887 3574.127815 3646.731098 3684.573509
258.000000 3492.060064 3500.643664 3542.205899 3577.206379 3650.935198 3687.244009
258.142857 3493.694993 3502.555651 3548.398260 3580.125657 3658.383622 3689.693930
258.285714 3495.181715 3504.928004 3554.055230 3583.125562 3665.135860 3691.645581
258.428571 3496.479329 3507.905899 3561.607349 3586.130877 3671.518025 3693.577105
258.571429 3498.191587 3510.448616 3566.670532 3589.216834 3676.005529 3695.691917
258.714286 3499.688807 3513.362129 3572.685458 3592.417250 3679.937729 3697.703203
258.857143 3501.202044 3516.746718 3578.231992 3595.537595 3686.303740 3699.538410
259.000000 3502.713733 3520.329094 3584.906366 3598.874194 3689.414243 3701.400410
259.142857 3503.800839 3523.588323 3588.635982 3601.844947 3693.064422 3703.441049
259.285714 3505.096866 3528.682317 3595.819804 3605.058544 3695.902627 3705.611627
259.428571 3506.460911 3533.715752 3602.706190 3608.261673 3698.185531 3707.126303
259.571429 3508.630466 3537.451071 3608.400002 3611.301222 3700.071468 3709.307656
259.714286 3509.469285 3542.774254 3611.958905 3614.543440 3702.239704 3711.554089
259.857143 3510.387473 3547.254166 3617.557053 3617.744358 3704.166047 3713.444125
260.000000 3512.069923 3550.426864 3622.650817 3620.949097 3705.975662 3715.596926
260.142857 3513.370326 3554.060140 3626.716027 3624.166034 3707.778901 3717.964179
260.285714 3515.187766 3556.020829 3629.954373 3627.484591 3710.313385 3720.653811
260.428571 3516.451740 3558.793690 3633.974536 3630.769389 3711.979004 3723.972597
260.571429 3517.550441 3560.888244 3637.264350 3634.011930 3713.833205 3726.294551
260.714286 3519.074173 3564.388755 3643.126946 3637.345801 3715.187485 3728.919372
260.857143 3521.116311 3567.971289 3647.828274 3640.823722 3717.186648 3730.730454
261.000000 3523.111101 3571.282478 3651.852569 3644.243113 3719.101082 3732.871803
261.142857 3524.671575 3575.562563 3657.446179 3647.707046 3721.182935 3735.487778
261.285714 3526.508040 3578.990763 3662.256983 3651.163868 3722.944324 3739.055923
261.428571 3527.938971 3582.009670 3669.464804 3654.539754 3724.841096 3741.614273
261.571429 3530.154318 3586.773375 3674.256297 3657.972508 3726.459514 3745.224570
261.714286 3533.018392 3590.389517 3680.354086 3661.443707 3728.200788 3748.198805
261.857143 3535.292774 3594.570627 3684.132409 3664.928932 3729.923371 3750.305393
262.000000 3537.893587 3599.121643 3688.708536 3668.235279 3731.812908 3753.662388
262.142857 3541.269777 3603.349534 3692.012850 3671.649565 3733.541694 3755.594514
262.285714 3543.721280 3606.726885 3694.256863 3675.051409 3735.585119 3757.470598
262.428571 3547.697823 3610.619077 3696.906405 3678.485907 3737.596466 3758.649795
262.571429 3550.786371 3614.844281 3699.130918 3681.780823 3739.278472 3760.433592
262.714286 3554.550628 3617.524627 3701.429052 3684.985163 3741.243370 3762.139341
262.857143 3557.883094 3621.020256 3703.820991 3688.127385 3742.924814 3764.455115
263.000000 3560.842809 3625.124003 3706.442533 3691.454766 3744.563673 3766.234084
263.142857 3562.533450 3628.918041 3708.552655 3694.674420 3746.147392 3768.676348
263.285714 3565.033071 3632.308874 3711.182690 3698.022574 3747.911907 3770.629787
263.428571 3567.237683 3636.252958 3714.182492 3701.418641 3749.801844 3772.099987
263.571429 3571.282939 3639.127874 3717.842469 3704.675324 3751.556095 3773.547941
263.714286 3574.037010 3644.745858 3721.985314 3707.849924 3753.589827 3775.259124
263.857143 3577.767481 3648.983213 3725.209130 3711.027843 3755.502240 3777.367714
264.000000 3581.700378 3652.931077 3730.214435 3714.083871 3757.530799 3779.648677
264.142857 3585.287342 3658.059552 3735.019391 3717.398748 3759.755584 3781.767138
264.285714 3588.376078 3664.029016 3740.678415 3720.658711 3761.643041 3783.359649
264.428571 3592.308211 3669.700857 3744.586151 3724.010194 3764.056281 3785.147747
264.571429 3595.429664 3675.208567 3750.944811 3727.378189 3766.191293 3787.297816
264.714286 3599.047284 3680.027083 3754.535939 3730.587821 3768.615951 3789.205776
264.857143 3603.201184 3684.984514 3758.269894 3733.712030 3770.648747 3791.174444
265.000000 3607.676863 3689.873356 3761.597287 3736.806053 3772.467874 3793.514283
265.142857 3614.757458 3693.981201 3763.540917 3740.057146 3774.759150 3795.716214
265.285714 3624.486218 3697.421008 3765.568331 3743.221225 3777.116881 3797.554912
265.428571 3630.060263 3700.342119 3767.562366 3746.351268 3779.533722 3799.524556
265.571429 3636.379067 3703.595975 3769.854346 3749.480300 3781.860344 3801.496190
265.714286 3646.751571 3707.879025 3772.132492 3752.695441 3783.933355 3803.340320
265.857143 3655.462692 3711.730616 3774.109292 3755.724568 3786.002835 3805.457101
266.000000 3660.428600 3714.708520 3776.151391 3758.759797 3788.278063 3807.666615
266.142857 3666.094066 3717.414227 3777.968406 3761.786830 3790.473752 3808.981245
266.285714 3670.124110 3721.854529 3780.213552 3764.873468 3792.668307 3810.997208
266.428571 3673.133789 3725.808045 3782.335641 3768.090031 3795.273852 3812.961369
266.571429 3677.596460 3730.751506 3784.789933 3771.240297 3797.280141 3815.618416
266.714286 3680.200812 3734.760389 3787.575033 3774.289593 3799.512557 3817.729138
266.857143 3684.702137 3738.065146 3790.077645 3777.254024 3801.536659 3819.598427
267.000000 3688.672240 3740.880952 3792.503980 3780.242516 3803.820472 3821.492011
267.142857 3693.416224 3748.363724 3795.198300 3783.138148 3806.526625 3823.008718
267.285714 3697.406705 3757.477249 3798.001647 3786.086914 3809.085719 3824.782698
267.428571 3700.288890 3763.242172 3800.390381 3788.951105 3812.091758 3826.584536
267.571429 3704.084627 3765.109274 3802.867851 3791.849760 3815.194887 3828.301543
267.714286 3708.002120 3767.411785 3805.239194 3794.630713 3817.669307 3830.836573
267.857143 3712.661240 3769.584423 3807.887203 3797.437037 3820.238282 3832.886088
268.000000 3716.651837 3772.645693 3810.031093 3800.149780 3822.957379 3836.080915
268.142857 3721.233947 3774.640969 3812.266003 3802.882376 3825.267016 3838.581577
268.285714 3725.374282 3776.574163 3814.568893 3805.742857 3827.706072 3841.682431
268.428571 3727.272014 3779.543676 3817.026869 3808.359531 3830.166894 3844.480725
268.571429 3732.753235 3782.056353 3819.282717 3810.976241 3832.594048 3847.182016
268.714286 3736.417292 3785.777060 3821.528252 3813.634563 3834.907452 3850.614673
268.857143 3742.915120 3788.576058 3824.000521 3816.303968 3836.832670 3855.517158
269.000000 3746.272448 3790.671746 3826.766918 3818.882329 3838.568051 3861.867147
269.142857 3750.084247 3792.903292 3829.624153 3821.525610 3840.712111 3863.805020
269.285714 3752.845374 3795.132201 3832.036245 3824.177111 3842.838509 3866.931931
269.428571 3758.223003 3797.507437 3834.508068 3826.790572 3845.000500 3870.740084
269.571429 3760.590288 3800.050671 3836.998764 3829.393462 3846.883699 3874.763627
269.714286 3763.320872 3801.829993 3839.671725 3832.070530 3848.817418 3877.373954
269.857143 3766.140303 3804.123910 3842.545110 3834.716910 3851.081300 3880.181240
270.000000 3768.362977 3806.717271 3845.352631 3837.348229 3853.459784 3883.434343
270.142857 3772.122255 3809.150483 3847.929183 3839.935075 3855.849782 3886.288254
270.285714 3773.856134 3812.809342 3850.421345 3842.487991 3858.387762 3888.496105
270.428571 3775.779461 3817.158777 3853.205078 3845.041447 3860.834611 3889.966073
270.571429 3778.278739 3820.375162 3855.911204 3847.750953 3863.294535 3891.663096
270.714286 3779.488323 3823.300935 3858.632870 3850.353128 3865.701532 3895.442444
270.857143 3783.552215 3826.521415 3860.936109 3852.890373 3867.698140 3898.293157
271.000000 3785.428306 3830.615913 3863.262927 3855.375266 3869.990677 3900.346007
271.142857 3788.632819 3836.930068 3865.484701 3857.810904 3872.182234 3903.248345
271.285714 3790.438251 3840.887819 3867.693622 3860.219831 3874.385842 3905.141810
271.428571 3792.578105 3845.065621 3869.869970 3862.628894 3876.700682 3908.656766
271.571429 3795.099659 3847.627556 3871.795183 3864.978005 3878.624148 3910.925141
271.714286 3798.657712 3851.286462 3873.924978 3867.293128 3881.222169 3913.036607
271.857143 3802.605928 3853.830438 3875.840773 3869.574838 3883.736602 3914.914758
272.000000 3804.301281 3857.333899 3877.671333 3871.784791 3885.562457 3916.181362
272.142857 3807.372832 3860.283035 3879.564272 3874.064471 3888.177647 3919.039715
272.285714 3810.234408 3862.963079 3881.224295 3876.318071 3890.514510 3920.692804
272.428571 3812.931779 3867.671817 3883.127737 3878.621913 3892.396788 3922.449608
272.571429 3814.980885 3870.536100 3885.020392 3880.883161 3894.594525 3924.245563
272.714286 3817.170136 3873.042189 3886.816669 3883.122823 3896.884359 3926.894766
272.857143 3818.735784 3875.979191 3888.859421 3885.412249 3898.798166 3929.064734
273.000000 3820.503639 3878.729606 3890.715906 3887.653390 3901.075541 3931.531497
273.142857 3822.685319 3880.708052 3892.624998 3889.870351 3903.645209 3933.016611
273.285714 3824.955483 3884.223609 3894.600902 3892.150869 3906.225913 3935.681648
273.428571 3826.949016 3886.756105 3896.490541 3894.372093 3908.817338 3938.705802
273.571429 3829.628535 3888.644732 3898.368448 3896.636863 3911.096501 3941.183848
273.714286 3831.998593 3890.496199 3900.353333 3898.806920 3913.929452 3943.688111
273.857143 3834.409686 3892.697199 3902.421230 3901.063588 3915.886465 3946.616206
274.000000 3836.528062 3894.584183 3904.391254 3903.276802 3917.932580 3948.902777
274.142857 3839.732241 3895.984640 3906.492109 3905.473590 3920.412722 3952.278511
274.285714 3841.867815 3897.879312 3908.550976 3907.690878 3924.171948 3954.615634
274.428571 3843.355830 3899.967807 3910.604638 3909.964253 3927.638743 3959.005750
274.571429 3845.406867 3901.660379 3912.551594 3912.219564 3930.685828 3963.506538
274.714286 3848.172917 3903.520670 3914.439296 3914.526617 3933.206171 3966.961355
274.857143 3850.935823 3905.571422 3916.470059 3916.910310 3936.423312 3969.807125
275.000000 3852.489886 3907.725371 3918.231489 3919.256255 3938.690141 3972.437986
275.142857 3856.111929 3910.077757 3920.195859 3921.735420 3940.800803 3977.039507
275.285714 3857.874953 3912.940761 3922.178845 3924.151452 3943.257206 3983.036660
275.428571 3859.957662 3915.518520 3924.324696 3926.630697 3945.603421 3988.862344
275.571429 3863.036969 3918.228321 3926.662055 3929.139766 3947.970754 3994.324635
275.714286 3867.609503 3920.787792 3929.030948 3931.667492 3950.066017 3999.093497
275.857143 3870.561027 3923.369050 3931.236868 3934.185232 3952.900968 4006.298044
276.000000 3879.481499 3925.772336 3933.273875 3936.732996 3955.126278 4010.755758
276.142857 3882.128247 3927.449767 3935.657928 3939.378270 3957.904333 4013.441186
276.285714 3883.373211 3928.986989 3937.785960 3942.039726 3961.610920 4015.729014
276.428571 3885.365463 3931.056547 3940.015334 3944.679676 3963.912066 4017.863051
276.571429 3888.067112 3932.894422 3942.032231 3947.338675 3966.776235 4021.114169
276.714286 3891.339563 3934.802579 3944.334899 3950.198384 3970.915359 4024.573860
276.857143 3894.359143 3936.607942 3946.972303 3953.180976 3974.007210 4027.317528
277.000000 3895.952271 3938.466918 3949.041068 3956.279265 3977.423700 4030.053871
277.142857 3901.406851 3940.435859 3951.438016 3959.613406 3983.553345 4033.350958
277.285714 3904.207670 3942.194925 3953.992845 3963.035428 3989.868850 4037.030021
277.428571 3906.604822 3944.099339 3956.627058 3966.631841 3995.577320 4040.057573
277.571429 3909.938485 3946.012470 3959.486322 3970.332936 4002.710622 4042.328503
277.714286 3911.388570 3947.959710 3963.343090 3974.083070 4008.080767 4045.805437
277.857143 3913.572325 3950.155718 3966.774735 3978.017815 4013.555305 4048.062852
278.000000 3915.524342 3952.086593 3970.485406 3981.944081 4019.624538 4052.630479
278.142857 3919.603209 3954.251973 3977.472308 3986.546772 4026.260185 4054.511010
278.285714 3924.542688 3956.308054 3984.143418 3991.104110 4031.014578 4057.135547
278.428571 3928.553564 3958.998342 3991.769193 3996.039319 4036.952204 4059.996338
278.571429 3930.932685 3961.385527 3999.149227 4000.961082 4042.263330 4062.568517
278.714286 3934.987526 3963.668407 4006.837787 4005.726399 4046.809079 4064.382663
278.857143 3939.048371 3966.555304 4013.263556 4010.447285 4051.191314 4066.349802
279.000000 3943.030518 3970.362240 4019.480686 4015.135711 4055.521264 4069.216428
279.142857 3946.219655 3974.783490 4026.912831 4020.008256 4058.418064 4073.139791
279.285714 3949.437571 3980.439724 4032.943755 4024.715549 4061.107599 4076.628783
279.428571 3952.436032 3986.697375 4039.414442 4029.664266 4063.658095 4080.177995
279.571429 3957.344519 3993.277504 4045.294724 4034.354474 4066.180211 4082.766947
279.714286 3961.549800 4000.130794 4050.980951 4038.857616 4068.601224 4085.703170
279.857143 3964.915163 4006.845258 4056.116435 4043.625487 4071.033427 4089.473582
280.000000 3967.810666 4013.518642 4060.623143 4047.949376 4073.372477 4094.201409
280.142857 3971.499981 4018.567261 4064.567700 4051.919546 4076.102878 4096.490606
280.285714 3976.451686 4023.656309 4067.870727 4056.005851 4078.956049 4099.096757
280.428571 3980.408111 4028.162085 4071.528511 4059.791817 4081.760308 4100.774038
280.571429 3984.856540 4033.488417 4074.800257 4063.684252 4084.465020 4103.396760
280.714286 3989.103531 4037.074894 4077.941141 4067.516928 4086.864583 4104.948365
280.857143 3994.397279 4042.199016 4081.065188 4071.353883 4089.636339 4107.107625
281.000000 3998.443402 4047.162306 4084.087857 4075.069858 4092.281440 4111.662898
281.142857 4004.677211 4052.972206 4086.943509 4078.828387 4095.101879 4113.184029
281.285714 4007.904120 4057.223471 4089.424647 4082.367780 4097.631134 4114.813332
281.428571 4017.120576 4062.892858 4091.923759 4085.834707 4099.908663 4122.375108
281.571429 4022.731988 4068.143715 4094.717524 4089.404306 4102.273893 4127.128624
281.714286 4025.934114 4074.046903 4097.439439 4092.828232 4104.859496 4129.742664
281.857143 4029.994628 4079.733191 4100.033604 4096.229544 4107.104008 4132.307313
282.000000 4043.897661 4084.271131 4102.543130 4099.420448 4109.606089 4136.833165
282.142857 4053.917008 4089.103622 4105.059196 4102.649695 4112.051807 4143.432312
282.285714 4065.168045 4095.331147 4107.713457 4105.961267 4114.178088 4145.196270
282.428571 4075.354721 4099.505639 4110.345680 4109.289144 4116.799532 4152.220258
282.571429 4082.664201 4103.454004 4112.731830 4112.460505 4119.214427 4154.830112
282.714286 4091.209975 4107.060875 4115.043677 4115.638625 4121.734078 4157.039335
282.857143 4099.599141 4110.437921 4117.513284 4118.925775 4124.492467 4160.566859
283.000000 4103.695253 4114.137158 4120.203481 4122.102510 4127.473079 4164.972953
283.142857 4106.651352 4116.694295 4122.842226 4124.971329 4130.069698 4175.042093
283.285714 4109.347961 4118.859118 4125.260339 4127.860196 4132.740486 4182.920907
283.428571 4112.101773 4120.884882 4127.687394 4130.619893 4135.374405 4192.326020
283.571429 4115.522671 4122.915634 4130.215389 4133.468123 4137.810274 4196.090086
283.714286 4117.298041 4125.508075 4133.022551 4136.345167 4140.407578 4204.394618
283.857143 4120.138648 4127.634323 4135.813531 4139.330175 4142.883674 4207.824066
284.000000 4122.913139 4129.913659 4138.987178 4142.555403 4146.236231 4216.341077
284.142857 4124.917667 4132.051519 4143.722309 4147.401699 4156.639772 4219.724686
284.285714 4126.831932 4133.900219 4149.004824 4152.429231 4166.039391 4222.239410
284.428571 4128.477464 4135.933043 4154.727165 4157.503380 4176.270427 4224.222842
284.571429 4130.823331 4138.036532 4159.878287 4162.529588 4184.856676 4227.752196
284.714286 4133.267331 4140.075863 4166.019928 4167.620280 4193.728994 4232.757640
284.857143 4135.361666 4142.146915 4171.856031 4172.525804 4202.262786 4235.854395
285.000000 4138.322273 4144.978657 4177.480169 4177.511087 4210.376371 4239.121814
285.142857 4141.123389 4148.619169 4182.827404 4182.638004 4215.294375 4242.312191
285.285714 4143.500385 4153.774802 4187.488674 4187.829226 4220.175773 4244.925448
285.428571 4146.150924 4160.150351 4191.923162 4192.874759 4225.257392 4247.183975
285.571429 4148.276706 4167.242797 4197.297625 4197.892969 4229.782648 4249.070824
285.714286 4150.787322 4173.037676 4202.342618 4202.832931 4234.674878 4250.861673
285.857143 4153.253190 4179.218970 4207.500583 4207.771444 4239.281320 4253.542921
286.000000 4156.408148 4184.934631 4213.088036 4212.475609 4242.427760 4256.215672
286.142857 4160.296966 4189.897732 4218.046732 4217.021130 4246.473948 4258.910220
286.285714 4163.009984 4195.414209 4222.572901 4221.321362 4249.878706 4261.102005
286.428571 4166.983724 4200.521038 4227.413660 4225.599591 4252.878223 4263.948999
286.571429 4170.575528 4204.996290 4232.935675 4229.663308 4256.127863 4265.608009
286.714286 4175.368013 4210.813103 4237.517065 4233.855197 4258.699375 4267.657875
286.857143 4178.389494 4216.480965 4244.155065 4237.841399 4261.401041 4269.771320
287.000000 4181.582629 4220.536308 4248.726672 4241.456334 4263.463866 4271.420716
287.142857 4185.130298 4224.103598 4252.615656 4244.857375 4266.120242 4273.366548
287.285714 4190.227625 4227.235763 4255.407841 4248.194429 4268.344575 4275.162455
287.428571 4194.792834 4230.658839 4258.449395 4251.495343 4270.485949 4276.807145
287.571429 4198.629835 4234.573830 4261.540477 4254.632143 4272.603914 4278.474870
287.714286 4204.357643 4238.459675 4264.427970 4257.688180 4274.486034 4280.266606
287.857143 4210.791236 4241.810973 4267.018556 4260.595499 4276.232942 4281.910288
288.000000 4215.187657 4245.926546 4269.525937 4263.522664 4278.105070 4283.185687
288.142857 4218.090527 4249.879241 4272.030212 4266.223817 4280.216175 4284.580163
288.285714 4225.618898 4253.756633 4274.660420 4268.969045 4282.093322 4285.949392
288.428571 4229.253030 4257.991366 4276.584632 4271.507000 4283.604031 4287.655177
288.571429 4232.779416 4262.881440 4278.881526 4274.078973 4285.306879 4289.259694
288.714286 4236.866813 4266.503887 4281.206652 4276.586760 4286.965166 4291.038675
288.857143 4240.395132 4269.775533 4283.499142 4279.035391 4288.878733 4292.740985
289.000000 4242.633804 4273.361458 4285.323109 4281.399211 4290.384649 4294.392696
289.142857 4246.855678 4276.132308 4287.361978 4283.746199 4292.154714 4297.108677
289.285714 4250.532235 4279.482510 4289.353490 4286.060266 4293.845790 4299.005184
289.428571 4252.956883 4282.589687 4291.384171 4288.260164 4295.551736 4300.951005
289.571429 4255.220469 4285.552744 4293.092982 4290.417839 4297.555404 4302.169546
289.714286 4258.261421 4288.031644 4294.913303 4292.541726 4299.516843 4304.295630
289.857143 4261.325514 4290.576544 4296.684975 4294.624551 4301.298280 4305.757602
290.000000 4264.563747 4293.093919 4298.361808 4296.612106 4303.099798 4307.702987
290.142857 4269.424342 4294.780758 4299.878026 4298.363985 4304.674807 4308.958462
290.285714 4272.673400 4296.168049 4301.444475 4299.964842 4306.332582 4310.539387
290.428571 4275.765501 4297.207552 4302.764319 4301.483164 4307.760996 4312.219238
290.571429 4280.508949 4298.569210 4304.081449 4303.053065 4309.195271 4313.940942
290.714286 4284.077023 4299.878040 4305.427850 4304.582567 4310.433284 4315.500889
290.857143 4287.933152 4301.150713 4306.899651 4306.063473 4311.700707 4317.379285
291.000000 4291.144306 4302.373686 4308.299074 4307.493045 4313.045573 4318.615829
291.142857 4292.869820 4303.658548 4309.656201 4308.867939 4314.384945 4319.867692
291.285714 4294.310563 4304.858498 4311.194422 4310.224891 4315.615969 4321.971937
291.428571 4295.873174 4306.114656 4312.599393 4311.570363 4316.811372 4322.908411
291.571429 4297.645769 4307.313329 4313.949793 4312.910738 4318.135575 4324.401888
291.714286 4298.899531 4308.423942 4315.227184 4314.182781 4319.450367 4325.423873
291.857143 4300.136334 4309.535576 4316.356066 4315.449730 4320.642409 4327.551052
292.000000 4301.613359 4310.745923 4317.660306 4316.730860 4321.961535 4329.623267
292.142857 4303.295512 4311.824799 4318.854989 4318.015956 4323.257947 4330.788911
292.285714 4305.277881 4313.080027 4320.111155 4319.325740 4324.498927 4331.929886
292.428571 4306.476542 4314.300887 4321.403534 4320.607115 4325.727181 4332.882177
292.571429 4307.798342 4315.449562 4322.652359 4321.865746 4326.881338 4334.461797
292.714286 4309.905963 4316.673930 4323.839948 4323.123282 4328.136098 4336.065788
292.857143 4312.142649 4317.823514 4324.996646 4324.345540 4329.491785 4337.236909
293.000000 4313.597733 4318.999035 4326.117911 4325.631394 4330.858305 4338.614890
293.142857 4315.003910 4320.384787 4327.380435 4326.893722 4331.969619 4340.205830
293.285714 4316.412537 4321.579644 4328.685189 4328.203197 4333.202130 4341.858008
293.428571 4317.828035 4322.657383 4329.941295 4329.474996 4334.438032 4343.241794
293.571429 4319.296011 4324.013098 4331.149472 4330.750084 4335.810722 4344.399828
293.714286 4320.287358 4325.289584 4332.429630 4332.032446 4337.162795 4345.485089
293.857143 4321.436608 4326.383068 4333.566333 4333.301446 4338.566095 4346.662429
294.000000 4322.669702 4327.846980 4334.725224 4334.618595 4339.940060 4349.312057
294.142857 4323.833625 4329.084148 4335.913236 4335.903525 4341.114702 4350.797690
294.285714 4324.968962 4330.333908 4337.274472 4337.253212 4342.722833 4351.994757
294.428571 4326.289083 4331.684954 4338.763223 4338.644243 4344.033912 4353.285876
294.571429 4327.642938 4333.107462 4340.018757 4340.045447 4345.513938 4354.517819
294.714286 4328.661861 4334.718678 4341.283581 4341.493098 4347.081312 4355.704296
294.857143 4329.941662 4336.553542 4342.605935 4342.985320 4348.605545 4357.017194
295.000000 4331.135930 4338.152925 4344.171829 4344.551972 4350.448281 4358.905159
295.142857 4332.537091 4339.639327 4345.761523 4346.353976 4352.552435 4362.769089
295.285714 4334.006941 4341.194163 4347.291261 4348.200804 4354.798669 4365.959561
295.428571 4335.127254 4342.582539 4348.784040 4349.964973 4356.833656 4370.153966
295.571429 4336.528676 4344.054099 4350.489475 4351.853121 4358.839193 4373.276313
295.714286 4338.121238 4345.477162 4352.223236 4353.767681 4361.244607 4376.831631
295.857143 4339.586622 4347.712431 4353.813512 4355.746130 4363.035208 4381.283448
296.000000 4340.747924 4349.490500 4355.877252 4357.751935 4365.472060 4384.234128
296.142857 4342.149872 4351.198958 4357.880773 4359.873380 4367.539894 4387.762369
296.285714 4343.817792 4353.157544 4359.759604 4361.938871 4371.370388 4392.018574
296.428571 4345.423670 4355.044790 4361.911110 4364.096835 4374.153358 4393.865171
296.571429 4346.779459 4356.886567 4363.962320 4366.310152 4376.537824 4398.672467
296.714286 4348.326641 4359.080230 4365.906631 4368.495939 4379.680715 4400.652010
296.857143 4349.814468 4360.855401 4368.097397 4370.664089 4382.319805 4402.422161
297.000000 4351.651616 4363.030911 4370.146790 4372.812753 4384.483223 4404.543977
297.142857 4352.560103 4364.688884 4372.571773 4375.041289 4387.153821 4407.292279
297.285714 4354.261066 4366.891352 4374.400630 4377.241253 4389.451962 4410.013590
297.428571 4355.913224 4369.124807 4376.680211 4379.531263 4391.504712 4413.113176
297.571429 4357.011272 4371.130418 4378.662838 4381.716751 4394.027811 4415.574866
297.714286 4358.701669 4372.813859 4381.048093 4383.951511 4396.063625 4419.243538
297.857143 4360.836461 4374.403891 4383.246182 4386.176993 4398.452909 4422.054610
298.000000 4362.319473 4376.422276 4385.736986 4388.327552 4400.890273 4424.274221
298.142857 4363.770207 4378.109767 4388.147501 4390.466194 4403.577200 4425.468241
298.285714 4366.038538 4379.688207 4390.868799 4392.630723 4406.220196 4427.152086
298.428571 4367.299740 4381.146218 4393.053566 4394.766064 4408.157430 4428.676560
298.571429 4370.941725 4382.744460 4395.520707 4396.869450 4410.798408 4430.538182
298.714286 4373.134545 4384.433657 4397.834211 4399.028064 4414.262246 4432.063139
298.857143 4374.900967 4386.152472 4400.256166 4401.228120 4416.961479 4434.024143
299.000000 4376.979030 4387.956672 4402.810616 4403.390939 4420.154608 4436.236787
299.142857 4379.850140 4389.829563 4405.167420 4405.544415 4422.376762 4437.853170
299.285714 4381.935325 4391.360133 4407.284026 4407.671588 4425.719027 4439.397153
299.428571 4383.047106 4392.978059 4409.894533 4409.873833 4427.726604 4441.258560
299.571429 4384.191654 4395.149627 4411.978317 4412.142073 4430.057378 4442.864999
299.714286 4385.910779 4397.058010 4414.750579 4414.459156 4432.444945 4445.325444
299.857143 4388.054871 4398.602136 4417.366860 4416.724958 4434.418008 4446.667579
300.000000 4389.200876 4400.435730 4420.119347 4418.998269 4436.906458 4449.519722
300.142857 4391.304688 4402.852420 4422.792185 4421.315394 4439.184440 4451.040186
300.285714 4393.286299 4404.870140 4426.016163 4423.630771 4441.179076 4452.976994
300.428571 4394.925198 4407.591116 4428.799496 4426.008094 4443.163963 4454.916922
300.571429 4396.139811 4409.444158 4431.661681 4428.354443 4445.354380 4456.617264
300.714286 4397.622901 4411.705889 4434.791532 4430.692536 4447.034217 4459.674486
300.857143 4399.020361 4414.461146 4437.441544 4433.001580 4449.005635 4461.431739
301.000000 4401.580964 4416.578559 4440.389648 4435.388554 4450.918537 4463.196390
301.142857 4403.832634 4418.557527 4442.721631 4437.810494 4452.727738 4464.518445
301.285714 4405.514538 4421.777893 4445.061450 4440.283236 4454.920456 4465.781550
301.428571 4406.928840 4424.756456 4447.785696 4442.921594 4457.299823 4467.708771
301.571429 4408.770862 4427.274553 4450.144307 4445.418898 4459.550976 4469.593609
301.714286 4410.638807 4429.816431 4452.494177 4447.884983 4462.012430 4471.470448
301.857143 4412.860846 4432.762573 4454.743809 4450.512284 4464.267801 4473.206836
302.000000 4416.193813 4435.698107 4457.376536 4453.101603 4466.885978 4475.278814
302.142857 4418.606725 4439.024479 4460.141431 4455.846794 4469.669810 4477.166364
302.285714 4423.411563 4441.335841 4462.679060 4458.602777 4471.993054 4478.891388
302.428571 4426.909732 4445.001183 4465.478199 4461.577251 4474.447976 4480.689263
302.571429 4429.471640 4449.239612 4468.365058 4464.464423 4476.678337 4482.320488
302.714286 4433.967189 4452.452232 4471.237932 4467.460986 4479.290610 4483.743270
302.857143 4438.637776 4456.611506 4474.325749 4470.444019 4481.490557 4485.451309
303.000000 4443.004502 4460.314242 4477.399932 4473.545771 4483.802327 4487.044535
303.142857 4449.166391 4464.542523 4480.246960 4476.709120 4486.210117 4489.604168
303.285714 4455.602708 4469.565383 4482.768694 4480.045436 4488.543026 4492.551267
303.428571 4460.540011 4474.738776 4485.389467 4483.429193 4490.637643 4495.332860
303.571429 4468.464455 4479.643849 4488.285717 4486.886752 4493.068425 4497.956542
303.714286 4474.711566 4485.058713 4491.173359 4490.457725 4495.645778 4500.950201
303.857143 4481.929543 4489.644704 4493.996248 4493.964566 4498.263998 4503.352490
304.000000 4491.357342 4493.641202 4496.776650 4497.437221 4501.098482 4506.555226
304.142857 4493.646460 4496.534129 4500.552847 4501.062712 4505.003582 4515.464632
304.285714 4495.890984 4499.070777 4503.590775 4504.562272 4509.480610 4524.273513
304.428571 4498.150539 4501.897488 4506.891410 4508.196924 4514.076187 4530.635104
304.571429 4500.717140 4504.987370 4510.259142 4511.992189 4518.482068 4536.457984
304.714286 4503.498994 4507.955716 4513.568785 4515.588265 4522.774330 4541.890553
304.857143 4506.566598 4511.142141 4517.199647 4519.205143 4527.241821 4545.361454
305.000000 4508.886869 4514.256148 4520.612190 4522.795344 4535.522131 4548.673316
305.142857 4510.403892 4516.931576 4524.528773 4526.566790 4540.560089 4551.359431
305.285714 4512.435424 4519.694377 4528.630427 4530.240209 4544.225792 4553.737522
305.428571 4513.802320 4522.917773 4532.767331 4533.991521 4546.869125 4556.422380
305.571429 4515.497582 4527.210709 4537.529473 4537.809341 4549.443285 4559.085590
305.714286 4517.197678 4530.234321 4541.959685 4541.311962 4552.378458 4560.596161
305.857143 4519.036837 4534.397262 4546.155943 4544.999767 4555.202065 4563.368960
306.000000 4520.847024 4539.523013 4549.950145 4548.590680 4558.355244 4566.006791
306.142857 4522.723027 4542.209834 4553.396514 4551.937540 4562.189449 4574.828503
306.285714 4524.009579 4544.100152 4556.228321 4555.127725 4565.737433 4586.318422
306.428571 4525.786206 4546.710230 4559.092565 4558.295801 4569.737901 4591.990042
306.571429 4527.523644 4549.240885 4562.026852 4561.583388 4574.446351 4603.268810
306.714286 4529.436803 4552.292011 4564.685199 4564.765464 4578.451733 4606.528315
306.857143 4531.599969 4554.925826 4567.358067 4567.792494 4581.816397 4612.113041
307.000000 4533.686621 4557.548546 4569.911727 4570.905176 4585.904252 4615.895214
