depth(m)	initial_age(kiloyear)
9.72	301.7
9.82	305.26
9.9	307.8
9.9	307.8
9.96	309.66
9.96	309.66
9.96	309.66
10.03	311.84
10.12	314.65
10.26	319.01
10.26	319.01
10.41	323.68
10.52	327.1
10.52	327.1
10.59	329.28
10.59	329.28
10.75	334.27
10.9	338.94
10.9	338.94
11.05	343.84
11.17	348.11
11.19	348.82
11.19	348.82
11.25	350.96
11.37	355.23
11.37	355.23
11.4	356.3
11.4	356.3
11.46	358.43
11.47	358.79
11.58	362.7
11.58	362.7
11.72	367.69
11.72	367.69
11.82	371.24
11.82	371.24
11.92	374.81
11.92	374.81
12.03	378.72
12.12	381.92
12.12	381.92
12.22	385.48
12.22	385.48
12.32	389.04
12.32	389.04
12.52	396.65
12.52	396.65
12.62	400.72
12.62	400.72
12.72	404.79
12.72	404.79
13.06	418.62
13.28	427.57
13.58	439.77
13.64	442.21
13.69	444.24
13.69	444.24
13.81	448.57
13.88	451.06
13.95	453.56
14.03	456.4
14.14	460.31
14.14	460.31
14.36	468.15
14.44	470.95
14.53	473.76
14.64	477.18
14.75	480.61
14.87	484.34
14.98	487.77
14.98	487.77
14.98	487.77
15.18	494.0
15.27	496.8
15.37	499.91
15.37	499.91
15.47	503.03
15.47	503.03
15.57	506.14
15.67	509.57
15.67	509.57
15.77	513.13
15.87	516.95
15.97	521.01
16.07	525.08
16.17	529.15
16.37	537.28
16.47	541.35
16.57	545.42
16.67	549.49
16.67	549.49
16.77	553.55
16.87	557.48
16.87	557.48
16.97	561.04
17.07	564.59
17.17	568.16
17.37	574.55
17.47	577.66
17.47	577.66
17.47	577.66
17.57	580.78
17.67	583.89
17.77	587.0
17.87	590.12
17.97	593.23
18.07	596.35
18.17	600.1
18.27	604.17
18.37	608.23
18.47	612.49
18.57	616.76
18.67	621.03
18.87	629.58
18.97	633.85
19.03	636.41
19.07	638.12
19.15	641.53
19.27	646.66
19.38	651.36
19.48	655.63
19.57	659.47
19.66	663.31
19.75	666.97
19.75	666.97
19.85	671.03
19.95	674.88
20.06	678.31
20.17	681.73
20.28	685.16
20.38	688.27
20.47	691.08
20.55	693.57
20.63	696.06
20.7	698.24
20.71	698.55
20.78	700.73
20.85	703.03
20.85	703.03
20.92	705.64
21.0	708.89
21.16	715.4
21.23	718.25
21.24	718.66
21.33	722.32
21.33	722.32
21.41	725.56
21.42	725.92
21.5	728.76
21.59	731.96
21.67	734.86
21.75	738.28
21.75	738.28
21.84	742.12
21.84	742.12
21.93	746.37
21.93	746.37
22.03	751.55
22.13	757.06
22.13	757.06
22.24	763.58
22.24	763.58
22.35	769.94
22.46	775.22
22.46	775.22
22.57	779.85
22.67	783.4
22.76	786.61
22.85	790.2
22.94	794.04
23.03	798.13
23.12	802.59
23.22	807.93
23.22	807.93
23.34	814.34
23.34	814.34
23.47	820.74
23.47	820.74
23.61	827.03
23.61	827.03
23.75	833.05
23.75	833.05
23.88	838.02
23.88	838.02
23.99	841.28
24.1	844.46
24.2	847.13
24.3	849.8
24.3	849.8
24.3	849.8
24.4	852.53
24.4	852.53
24.5	855.38
24.61	859.17
24.61	859.17
24.72	864.06
24.84	870.58
24.84	870.58
24.95	877.11
25.06	883.63
25.14	888.29
25.17	889.72
25.27	894.14
25.37	897.7
25.37	897.7
25.42	899.34
25.46	900.58
25.52	902.45
25.62	905.57
25.71	908.37
25.83	912.11
25.92	914.91
26.02	918.02
26.12	921.14
26.22	924.25
26.32	927.61
26.52	935.28
26.62	939.35
26.74	944.23
26.76	945.04
26.81	947.08
26.86	949.11
26.96	952.98
27.06	955.95
27.26	961.4
27.26	961.4
27.36	963.98
27.46	966.7
27.56	969.55
27.66	972.44
27.76	975.41
27.86	978.52
27.96	982.52
28.06	986.59
28.15	990.25
28.26	994.73
28.37	999.2
28.47	1003.27
28.56	1006.93
28.66	1010.99
28.75	1014.65
28.85	1018.72
28.96	1023.2
29.06	1027.27
29.16	1031.33
29.25	1034.99
29.36	1039.47
29.53	1046.38
29.56	1047.6
29.68	1052.48
29.79	1056.96
29.89	1061.03
29.99	1065.09
30.1	1069.57
30.1	1069.57
30.21	1074.04
30.21	1074.04
30.31	1078.11
30.4	1081.77
30.4	1081.77
30.47	1084.62
30.55	1087.87
30.55	1087.87
30.65	1091.94
30.65	1091.94
30.77	1096.82
30.77	1096.82
30.9	1102.11
30.9	1102.11
31.03	1107.4
31.24	1115.94
31.34	1120.01
31.45	1124.48
31.56	1128.96
31.67	1133.43
31.67	1133.43
31.77	1137.5
31.77	1137.5
31.88	1141.97
31.99	1146.45
32.12	1151.74
32.24	1156.62
32.24	1156.62
32.34	1160.69
32.34	1160.69
32.41	1163.53
32.41	1163.53
32.47	1165.97
32.47	1165.97
32.52	1168.0
32.58	1170.44
32.62	1172.07
32.62	1172.07
32.69	1174.91
32.78	1178.57
32.78	1178.57
32.9	1183.45
32.9	1183.45
33.07	1189.89
33.07	1189.89
33.28	1196.43
33.28	1196.43
33.28	1196.43
33.28	1196.43
33.44	1201.42
33.53	1204.22
33.53	1204.22
33.61	1206.71
33.61	1206.71
33.67	1208.58
33.67	1208.58
33.73	1210.45
33.73	1210.45
33.8	1212.63
33.8	1212.63
33.88	1215.12
33.88	1215.12
33.99	1218.46
34.15	1223.21
34.37	1229.73
34.63	1237.14
34.78	1241.41
34.85	1243.41
34.85	1243.41
34.89	1244.54
34.89	1244.54
34.93	1245.68
34.93	1245.68
34.97	1246.82
34.97	1246.82
35.01	1247.96
35.06	1249.39
35.06	1249.39
35.13	1251.38
35.13	1251.38
35.27	1255.37
35.45	1260.49
35.45	1260.49
35.6	1264.76
35.6	1264.76
35.71	1267.89
35.78	1269.89
35.86	1272.16
35.93	1274.16
36.01	1276.44
36.01	1276.44
36.11	1279.28
36.11	1279.28
36.22	1282.41
36.22	1282.41
36.35	1286.12
36.35	1286.12
36.51	1290.67
36.52	1290.96
36.52	1290.96
36.74	1297.22
36.85	1300.35
36.96	1303.48
37.08	1306.9
37.2	1310.32
37.29	1312.88
37.38	1315.45
37.47	1318.01
37.54	1320.0
37.61	1321.99
37.67	1323.7
37.73	1325.41
37.8	1327.4
37.89	1329.97
38.04	1334.24
38.22	1339.36
38.36	1343.35
38.46	1346.2
38.56	1349.04
38.65	1351.61
38.74	1354.17
38.82	1356.45
38.82	1356.45
38.9	1358.73
38.98	1361.0
39.08	1363.85
39.15	1365.87
39.18	1366.76
39.22	1367.95
39.28	1369.73
39.29	1370.03
39.39	1373.07
39.78	1386.65
39.9	1392.0
40.05	1400.16
40.12	1406.18
40.21	1411.04
40.34	1416.96
40.48	1423.04
40.6	1428.17
40.69	1432.01
40.77	1435.42
40.78	1435.85
40.86	1439.26
40.97	1443.92
41.12	1450.02
41.26	1456.09
41.26	1456.09
41.34	1461.45
41.4	1469.63
41.53	1485.74
41.57	1487.71
41.75	1494.55
41.95	1500.48
42.15	1506.41
42.25	1509.38
42.32	1511.45
42.38	1513.23
42.44	1515.01
42.51	1517.09
42.71	1523.25
42.85	1527.62
42.85	1527.62
43.0	1532.96
43.13	1537.72
43.14	1538.13
43.24	1542.2
43.32	1545.45
43.39	1548.3
43.39	1548.3
43.46	1551.15
43.52	1553.59
43.52	1553.59
43.69	1560.5
43.69	1560.5
43.82	1565.79
43.82	1565.79
43.97	1571.89
43.97	1571.89
44.1	1577.18
44.2	1581.25
44.28	1584.5
44.35	1587.35
44.43	1590.6
44.52	1594.26
44.62	1598.33
44.73	1602.33
44.83	1605.89
44.94	1609.81
45.06	1614.08
45.06	1614.08
45.19	1618.71
45.19	1618.71
45.34	1624.05
45.57	1632.23
45.65	1635.08
45.65	1635.08
45.74	1638.28
45.83	1641.49
45.83	1641.49
45.92	1644.69
46.04	1648.96
46.15	1652.87
46.15	1652.87
46.26	1656.79
46.35	1659.99
46.35	1659.99
46.43	1662.84
46.5	1665.33
46.57	1667.82
46.64	1670.32
46.73	1673.76
46.85	1678.64
47.0	1684.74
47.14	1690.43
47.25	1694.9
47.33	1698.15
47.38	1700.19
47.43	1702.22
47.51	1705.48
47.6	1709.14
47.6	1709.14
47.62	1709.95
47.69	1712.8
47.7	1713.21
47.76	1715.65
47.83	1718.49
47.92	1722.15
48.03	1726.63
48.17	1732.32
48.29	1737.2
48.39	1741.27
48.47	1744.52
48.54	1747.37
48.63	1751.03
48.71	1754.29
48.82	1758.76
49.02	1766.9
49.12	1770.97
49.21	1774.63
49.3	1777.98
49.41	1781.9
49.52	1785.81
49.63	1789.29
49.82	1795.21
50.0	1800.81
50.1	1803.93
50.2	1807.04
50.31	1810.47
50.41	1813.58
50.51	1816.54
50.6	1819.21
50.7	1822.09
50.81	1825.22
50.91	1828.07
51.02	1831.2
51.07	1832.63
51.07	1832.63
51.2	1836.33
51.33	1840.03
51.33	1840.03
51.46	1843.73
51.59	1847.43
51.8	1853.41
51.88	1855.69
51.97	1858.26
52.1	1861.96
52.17	1863.95
52.25	1866.23
52.34	1868.79
52.44	1871.64
52.56	1875.05
52.72	1879.61
52.88	1884.17
53.03	1888.44
53.15	1891.85
53.26	1894.99
53.35	1897.55
53.43	1899.83
53.5	1901.82
53.58	1904.1
53.65	1906.09
53.72	1908.08
53.73	1908.37
53.73	1908.37
53.8	1910.36
53.89	1912.92
53.89	1912.92
53.97	1915.2
54.06	1917.76
54.15	1920.33
54.24	1922.89
54.55	1931.72
54.87	1940.75
54.98	1943.69
55.08	1946.36
55.18	1949.02
55.29	1951.96
55.29	1951.96
55.4	1954.89
55.51	1957.83
55.63	1961.03
55.84	1966.64
55.95	1969.57
56.05	1972.24
56.15	1974.91
56.26	1977.85
56.37	1980.78
56.49	1983.99
56.62	1987.46
56.62	1987.46
56.73	1990.39
56.73	1990.39
56.84	1993.33
56.94	1996.0
56.94	1996.0
57.03	1998.4
57.03	1998.4
57.03	1998.4
57.12	2000.81
57.12	2000.81
57.2	2002.94
57.29	2005.34
57.39	2008.01
57.39	2008.01
57.49	2010.68
57.59	2013.35
57.59	2013.35
57.7	2016.29
57.7	2016.29
57.82	2019.49
57.92	2022.16
58.03	2025.1
58.22	2030.07
58.3	2031.97
58.31	2032.18
58.39	2033.89
58.48	2035.81
58.57	2037.73
58.67	2039.87
58.77	2042.0
58.88	2044.35
59.0	2046.92
59.12	2049.48
59.23	2051.83
59.34	2054.18
59.44	2056.31
59.53	2058.23
59.62	2060.16
59.71	2062.08
59.81	2064.33
59.84	2065.05
59.91	2066.83
59.95	2067.9
60.02	2069.78
60.06	2070.92
60.17	2074.05
60.3	2077.87
60.42	2081.44
60.52	2084.55
60.61	2087.36
60.7	2090.16
60.79	2093.55
60.9	2098.03
61.0	2102.1
61.09	2105.94
61.09	2105.94
61.1	2106.36
61.19	2110.21
61.27	2113.62
61.36	2117.47
61.36	2117.47
61.47	2122.17
61.47	2122.17
61.61	2128.15
61.61	2128.15
61.77	2134.98
62.0	2144.8
62.07	2147.79
62.12	2149.93
62.17	2152.06
62.23	2154.63
62.31	2158.04
62.42	2162.74
62.57	2169.15
62.73	2175.98
62.86	2181.53
62.95	2185.38
63.02	2188.37
63.08	2190.93
63.16	2194.35
63.24	2197.77
63.34	2202.03
63.35	2202.46
63.49	2208.43
63.67	2216.12
63.78	2220.82
63.85	2223.81
63.91	2226.37
63.91	2226.37
63.96	2228.51
64.0	2230.21
64.07	2233.2
64.07	2233.2
64.19	2238.33
64.4	2247.3
64.58	2254.99
64.69	2259.69
64.87	2267.37
65.09	2276.77
65.19	2281.04
65.19	2281.04
65.27	2284.46
65.34	2287.45
65.34	2287.45
65.34	2287.45
65.39	2289.58
65.45	2292.14
65.52	2295.13
65.62	2299.4
65.62	2299.4
65.62	2299.4
65.73	2304.1
65.85	2309.23
65.96	2313.93
65.96	2313.93
65.96	2313.93
66.04	2317.34
66.13	2321.19
66.22	2325.03
66.22	2325.03
66.33	2329.73
66.45	2334.85
66.56	2339.55
66.65	2343.4
66.65	2343.4
66.74	2347.24
66.81	2350.23
66.81	2350.23
66.91	2354.5
66.91	2354.5
66.91	2354.5
67.02	2359.2
67.14	2364.32
67.15	2364.75
67.25	2369.02
67.34	2372.87
67.41	2375.82
67.48	2378.67
67.56	2381.92
67.67	2386.4
67.82	2392.5
67.96	2398.19
