depth(m) lower_95(kyr) lower_68(kyr) median(kyr) mean(kyr) upper_68(kyr) upper_95(kyr)
173.410000 1708.442952 1709.584911 1710.763234 1710.756778 1711.961608 1713.007487
173.510000 1709.145935 1710.456470 1711.855063 1712.038242 1713.530239 1716.091315
173.610000 1709.731969 1711.197709 1713.133737 1713.415309 1715.535866 1718.773766
173.745714 1710.658943 1712.236552 1714.752101 1715.484798 1718.942101 1724.402416
173.881429 1711.618503 1713.212189 1716.387935 1717.607094 1722.374769 1729.229716
174.017143 1712.522811 1714.092271 1718.071980 1719.617452 1725.894020 1732.875045
174.152857 1713.356138 1715.019769 1719.722803 1721.694329 1729.201907 1737.613209
174.288571 1714.216508 1716.055064 1721.431387 1723.734015 1732.260632 1740.763179
174.424286 1715.132921 1717.114129 1723.515571 1725.832416 1735.524109 1745.629295
174.560000 1715.996245 1718.129941 1725.786219 1727.886113 1739.013842 1749.115297
174.660000 1716.694168 1718.913394 1727.119122 1729.206186 1740.833425 1750.833431
174.760000 1717.311952 1719.639250 1728.715334 1730.560044 1742.637972 1752.432748
174.860000 1717.995176 1720.477119 1730.578829 1731.905665 1744.529712 1754.074679
174.960000 1718.735761 1721.195176 1732.393979 1733.268348 1746.216889 1755.551239
175.060000 1719.483518 1722.214006 1734.091443 1734.661473 1747.485037 1756.764355
175.160000 1720.206858 1722.997986 1735.819564 1736.003912 1749.182142 1757.781120
175.260000 1721.013352 1723.946661 1737.574400 1737.359158 1750.643746 1758.711025
175.360000 1721.655985 1725.293678 1739.192214 1738.727140 1751.872844 1759.297235
175.460000 1722.484192 1726.401445 1740.537664 1740.095642 1753.019270 1760.305017
175.560000 1723.059138 1727.105731 1742.627150 1741.492836 1754.180128 1761.183238
175.700000 1724.029084 1728.305977 1745.445386 1743.740272 1755.682938 1762.220304
175.840000 1724.828456 1729.773546 1748.440522 1746.003040 1757.732316 1763.340937
175.980000 1725.731207 1730.791961 1751.823758 1748.254053 1759.330374 1764.447313
176.120000 1726.657188 1731.789999 1755.000427 1750.477458 1761.101864 1765.386222
176.260000 1727.659852 1732.873756 1758.000658 1752.686146 1763.018965 1766.960624
176.360000 1728.411345 1733.779287 1759.387498 1753.906454 1764.209597 1768.008324
176.460000 1729.113951 1734.529317 1760.891012 1755.110877 1765.298124 1768.914132
176.560000 1729.793503 1735.488388 1762.008039 1756.141285 1766.261223 1769.913205
176.660000 1730.557523 1736.149811 1763.050972 1757.157283 1767.411463 1770.870900
176.760000 1731.254116 1736.996786 1764.092362 1758.112003 1768.274789 1771.659363
176.860000 1732.077951 1737.966755 1765.054643 1759.043819 1769.224977 1772.825831
176.960000 1732.814427 1738.941584 1765.843632 1759.995964 1770.229755 1773.520624
177.060000 1733.631502 1739.847258 1766.756554 1760.952436 1771.039472 1774.703035
177.188571 1734.658130 1741.471219 1767.833118 1762.201669 1772.307619 1775.832262
177.317143 1735.651615 1743.789661 1769.032179 1763.513145 1773.409544 1777.729942
177.445714 1736.661069 1745.884035 1770.073636 1764.870409 1774.498025 1779.259407
177.574286 1737.522738 1748.204352 1771.097708 1766.199709 1775.773040 1780.871920
177.702857 1738.522406 1750.002551 1772.135416 1767.502131 1777.100556 1781.993474
177.831429 1739.463273 1752.781366 1773.226370 1768.767078 1778.193990 1783.447460
177.960000 1740.579330 1755.654755 1774.292182 1770.030689 1779.505829 1784.630904
178.060000 1741.449812 1756.567186 1775.061179 1770.991204 1780.598153 1785.878813
178.160000 1742.320535 1758.706235 1775.821187 1771.940785 1781.279761 1786.811504
178.302857 1743.300348 1760.457726 1777.105819 1773.331340 1782.809467 1787.995048
178.445714 1744.854529 1762.814469 1778.450524 1774.700492 1784.053671 1789.515342
178.588571 1746.374230 1764.932013 1779.690164 1776.039683 1785.132188 1791.154329
178.731429 1747.827268 1766.800452 1780.776281 1777.392853 1786.300815 1793.034621
178.874286 1749.729437 1768.536272 1781.840361 1778.753889 1787.570354 1794.591882
179.017143 1751.218968 1770.567855 1782.893912 1780.086910 1788.739183 1796.303042
179.160000 1752.446165 1772.025275 1783.994801 1781.398948 1789.681167 1798.258295
179.303448 1754.615583 1773.767626 1785.188623 1782.693229 1790.676565 1799.772378
179.446897 1756.280177 1775.629043 1786.303907 1783.972851 1791.783081 1800.924481
179.590345 1758.227879 1777.401762 1787.433060 1785.237520 1792.844891 1801.987643
179.733793 1760.166431 1778.725091 1788.524451 1786.528824 1793.998004 1803.216423
179.877241 1762.211138 1780.223987 1789.664666 1787.800512 1795.088442 1804.018121
180.020690 1763.549958 1781.526369 1790.788483 1789.014924 1795.974601 1805.001388
180.164138 1765.529588 1783.261536 1791.947696 1790.256039 1797.297615 1805.742884
180.307586 1767.900494 1784.904161 1793.283204 1791.472161 1798.152302 1806.520452
180.451034 1770.382073 1786.167716 1794.276509 1792.656566 1799.292777 1807.381761
180.594483 1772.045316 1787.511346 1795.333766 1793.853191 1800.251635 1808.194772
180.737931 1774.715465 1788.723967 1796.361682 1795.050364 1801.385239 1808.668209
180.881379 1776.767320 1790.669580 1797.530739 1796.246995 1802.369209 1809.202728
181.024828 1778.886103 1792.082498 1798.809256 1797.468534 1803.376269 1809.883016
181.168276 1781.048163 1793.262510 1799.858869 1798.647858 1804.492979 1810.707923
181.311724 1783.231227 1794.580517 1800.903297 1799.823610 1805.486221 1811.643742
181.455172 1785.210184 1795.822276 1802.096409 1801.029274 1806.557968 1812.465020
181.598621 1787.863813 1797.039879 1803.200392 1802.255281 1807.663546 1813.185448
181.742069 1789.728107 1798.334964 1804.362072 1803.466681 1808.767737 1814.038877
181.885517 1791.682321 1799.826833 1805.439591 1804.692256 1809.996448 1814.751013
182.028966 1793.239236 1801.432646 1806.565571 1805.915206 1811.178484 1815.484075
182.172414 1795.420750 1802.826448 1807.840239 1807.166073 1812.188602 1816.030001
182.315862 1796.984325 1804.068376 1809.012304 1808.347987 1813.278307 1816.900615
182.459310 1798.357369 1805.208461 1810.211738 1809.536234 1814.394822 1817.736357
182.602759 1800.207122 1806.476610 1811.416555 1810.702239 1815.470386 1818.890252
182.746207 1801.776680 1807.500586 1812.590933 1811.866303 1816.486603 1819.832515
182.889655 1803.319229 1808.799575 1813.936786 1813.070799 1817.426998 1820.769588
183.033103 1804.640973 1810.080993 1815.217423 1814.218214 1818.311617 1821.732519
183.176552 1806.447560 1811.154984 1816.367803 1815.416213 1819.258215 1822.733605
183.320000 1807.272194 1812.187819 1817.570144 1816.554691 1820.144168 1823.931246
183.420000 1808.084066 1813.227303 1818.420984 1817.339404 1820.772215 1824.799827
183.520000 1808.987075 1814.086856 1819.337734 1818.152361 1821.334238 1825.775488
183.620000 1809.813546 1814.895757 1820.100036 1818.927307 1822.074149 1826.644710
183.720000 1810.433871 1815.736063 1820.868022 1819.688237 1823.019527 1827.546651
183.815000 1811.242967 1816.346624 1821.512243 1820.403604 1823.856292 1828.644406
183.910000 1812.122168 1816.950823 1822.139961 1821.103006 1824.569160 1829.370961
183.920000 1812.258378 1817.009444 1822.214342 1821.173305 1824.654269 1829.424090
184.020000 1812.661174 1817.940179 1822.802878 1821.829045 1825.242399 1830.054906
184.120000 1813.308541 1819.004860 1823.355927 1822.462391 1825.748015 1830.724573
184.215000 1813.871045 1820.337375 1823.870432 1823.048249 1826.287802 1831.756288
184.310000 1814.551395 1821.029862 1824.384061 1823.642697 1826.845666 1832.520269
184.320000 1814.621595 1821.070811 1824.453818 1823.709992 1826.891087 1832.593824
184.420000 1815.060248 1821.825302 1824.993233 1824.349532 1827.472673 1833.154620
184.520000 1815.781082 1822.743155 1825.534410 1824.991333 1828.148755 1833.831324
184.615000 1816.402239 1823.379167 1826.015917 1825.584294 1828.669396 1834.672158
184.710000 1817.225689 1823.825937 1826.526528 1826.200596 1829.112000 1835.952036
184.820000 1818.104307 1824.947778 1827.114842 1826.890792 1829.667994 1836.849928
184.920000 1818.920123 1825.717471 1827.671279 1827.509667 1830.226595 1837.700242
185.020000 1819.701663 1826.524793 1828.167245 1828.159901 1830.886136 1838.461944
185.120000 1820.203782 1827.192006 1828.703325 1828.795169 1831.511887 1839.493245
185.220000 1820.820648 1827.855200 1829.243504 1829.437401 1832.051380 1840.586673
185.315000 1821.435073 1828.430432 1829.740000 1830.059662 1832.702639 1841.174862
185.410000 1822.067989 1829.026065 1830.257448 1830.684342 1833.355466 1841.752439
185.420000 1822.138651 1829.116915 1830.315854 1830.752200 1833.487237 1841.796338
185.555000 1822.970659 1829.805948 1831.445572 1831.678212 1834.766544 1842.598376
185.690000 1823.734137 1830.438739 1832.432783 1832.595826 1836.034798 1843.590598
185.825000 1824.420703 1831.004123 1833.357458 1833.538853 1837.233854 1844.945446
185.960000 1825.222291 1831.681316 1834.189639 1834.491661 1838.529383 1846.298597
186.088571 1826.110339 1832.343762 1834.915682 1835.396649 1839.592129 1847.964930
186.217143 1826.853000 1832.980234 1835.644900 1836.312118 1840.519921 1849.484059
186.345714 1827.570601 1833.647477 1836.419051 1837.237091 1841.614219 1851.489159
186.474286 1828.159254 1834.286841 1837.266027 1838.213152 1842.843235 1854.080627
186.602857 1829.023534 1834.990485 1838.050676 1839.165234 1843.947807 1856.615970
186.731429 1829.491887 1835.724487 1838.771357 1840.095746 1845.033499 1859.767735
186.860000 1830.567667 1836.325651 1839.574866 1841.003736 1846.034634 1861.410300
186.997500 1831.529851 1836.934654 1840.373711 1842.066774 1847.215226 1864.039817
187.135000 1832.049378 1837.623801 1841.212664 1843.095247 1848.460783 1868.048325
187.272500 1832.558440 1838.340965 1842.148594 1844.152545 1849.533239 1871.254363
187.410000 1833.273277 1839.106041 1843.036066 1845.172961 1850.815783 1872.810352
187.547500 1833.887259 1839.964922 1843.988921 1846.219686 1851.697820 1875.529289
187.685000 1834.442964 1840.697728 1844.833264 1847.223157 1852.584345 1877.557241
187.822500 1835.274699 1841.391239 1845.663283 1848.253815 1853.579257 1880.949225
187.960000 1836.007409 1842.145570 1846.747902 1849.280053 1854.858539 1883.951587
188.102791 1837.078793 1842.933011 1847.553205 1850.309094 1855.891107 1885.404176
188.245581 1838.038506 1843.726677 1848.620734 1851.391160 1857.187749 1887.199715
188.388372 1839.008940 1844.582501 1849.483049 1852.433000 1858.423403 1888.860752
188.531163 1840.286055 1845.340443 1850.412943 1853.485376 1859.434123 1891.234992
188.673953 1841.116453 1846.213139 1851.352960 1854.500363 1861.047616 1892.324625
188.816744 1842.147097 1847.068473 1852.339339 1855.539996 1862.385129 1893.684237
188.959535 1843.229892 1847.959853 1853.085169 1856.566310 1863.825478 1894.683520
189.102326 1844.080834 1849.014062 1853.907865 1857.589764 1864.970361 1895.541091
189.245116 1844.675021 1849.938903 1854.896254 1858.622522 1866.448740 1896.285193
189.387907 1845.772884 1850.665073 1855.739121 1859.629419 1867.941315 1897.166183
189.530698 1846.498664 1851.478711 1856.625645 1860.669699 1870.019308 1897.886242
189.673488 1847.290646 1852.289662 1857.562041 1861.743707 1871.935745 1898.729208
189.816279 1848.168071 1853.259303 1858.433617 1862.791458 1873.632748 1899.651722
189.959070 1849.355608 1854.137190 1859.163403 1863.826658 1875.433987 1900.485764
190.101860 1850.355299 1854.952869 1859.928684 1864.841756 1876.957657 1901.185986
190.244651 1851.066932 1855.767906 1860.692799 1865.872920 1878.617698 1902.233214
190.387442 1851.838947 1856.523841 1861.443345 1866.935153 1880.065225 1903.322075
190.530233 1852.605186 1857.429065 1862.321031 1868.000064 1881.585887 1904.327968
190.673023 1853.393493 1858.197437 1863.119966 1869.010746 1883.316277 1905.691241
190.815814 1854.411428 1859.082392 1864.009529 1870.046707 1884.927657 1906.684113
190.958605 1855.194191 1859.960258 1864.800747 1871.078548 1886.622240 1907.508236
191.101395 1856.026906 1860.878897 1865.700878 1872.100304 1888.368122 1908.726720
191.244186 1856.983629 1861.690593 1866.498844 1873.087874 1889.678813 1909.473411
191.386977 1857.672430 1862.596231 1867.270520 1874.068761 1891.394208 1910.259076
191.529767 1858.809275 1863.326694 1868.036598 1875.065021 1892.929691 1911.422163
191.672558 1859.497018 1864.146187 1868.832756 1876.061877 1894.478847 1912.730108
191.815349 1860.135802 1864.867568 1869.573913 1877.020057 1895.563174 1913.570152
191.958140 1861.050531 1865.517960 1870.316654 1878.062878 1897.422212 1914.959914
192.100930 1861.905539 1866.346251 1871.135290 1879.106857 1899.349017 1915.749227
192.243721 1862.753888 1867.238343 1871.942762 1880.152712 1901.335949 1916.765805
192.386512 1863.792357 1868.053966 1872.810926 1881.157878 1902.581017 1917.608965
192.529302 1864.527991 1868.854128 1873.665653 1882.180460 1904.240951 1918.544562
192.672093 1865.319695 1869.641569 1874.519043 1883.239488 1905.772548 1919.380006
192.814884 1865.948939 1870.408250 1875.361811 1884.303324 1907.483134 1920.471764
192.957674 1866.647728 1871.366286 1876.194025 1885.342387 1909.431587 1921.469922
193.100465 1867.348611 1872.106710 1876.980702 1886.379959 1910.575429 1922.322561
193.243256 1868.099643 1873.002899 1877.728098 1887.422321 1911.722088 1923.363958
193.386047 1868.832388 1873.796833 1878.579698 1888.430344 1913.774177 1924.481178
193.528837 1870.259301 1874.539123 1879.420446 1889.443411 1915.057788 1925.204127
193.671628 1870.657619 1875.457129 1880.242823 1890.493096 1916.857669 1926.021553
193.814419 1871.407693 1876.327962 1881.032337 1891.504486 1918.575902 1926.959095
193.957209 1872.059129 1877.111548 1881.773038 1892.509383 1920.119791 1927.588928
194.100000 1873.040893 1877.964027 1882.478892 1893.498219 1921.418179 1928.655888
194.228750 1873.804013 1878.679050 1883.121882 1894.411728 1922.410672 1929.465994
194.357500 1874.627135 1879.377859 1883.908155 1895.316655 1923.589501 1930.169238
194.486250 1875.479299 1880.156767 1884.639526 1896.228113 1924.645089 1930.913827
194.615000 1876.287321 1880.896496 1885.454979 1897.156665 1925.753126 1931.536966
194.743750 1877.295621 1881.699854 1886.312968 1898.085532 1927.191395 1932.436537
194.872500 1878.219155 1882.604053 1886.993181 1899.034422 1928.421043 1933.288309
195.001250 1879.087826 1883.331019 1887.703761 1899.962025 1929.372423 1934.263798
195.130000 1879.855652 1884.170072 1888.479497 1900.922468 1930.385835 1934.950691
195.270000 1880.964482 1885.151228 1889.260372 1901.963356 1931.474539 1935.755554
195.410000 1881.633495 1886.071853 1889.995713 1903.010048 1932.481967 1936.705872
195.550000 1882.509303 1887.038918 1890.746194 1904.050822 1933.403965 1937.244014
195.690000 1883.386998 1887.943910 1891.601360 1905.117698 1934.248526 1938.223846
195.830000 1884.891467 1888.896476 1892.417211 1906.209866 1935.168673 1938.987913
195.970000 1885.775914 1889.896362 1893.330152 1907.363425 1936.083981 1940.025731
196.110000 1886.811241 1890.849688 1894.172204 1908.560924 1937.058666 1940.605097
196.250000 1888.087210 1891.971913 1895.086782 1909.826912 1938.184712 1941.524916
196.385714 1889.548020 1893.064577 1896.371970 1911.168380 1939.367442 1943.251141
196.521429 1890.539789 1894.057709 1897.644451 1912.535725 1940.566074 1945.210347
196.657143 1891.374055 1895.142608 1899.092259 1913.948747 1941.905247 1946.845087
196.792857 1892.774449 1896.231268 1900.617848 1915.373494 1943.025364 1950.278396
196.928571 1894.060512 1897.374485 1902.210232 1916.850322 1944.400072 1952.082916
197.064286 1895.116341 1898.467809 1903.755783 1918.265989 1945.748486 1953.491162
197.200000 1896.006606 1899.599268 1905.526762 1919.771869 1947.201277 1955.648282
197.343750 1896.812930 1900.640013 1907.071308 1921.287427 1948.574226 1958.005003
197.487500 1898.053650 1901.641823 1909.035992 1922.781063 1949.985287 1959.498709
197.631250 1898.820287 1902.634871 1910.251737 1924.291894 1951.604236 1961.011825
197.775000 1899.819914 1903.619871 1912.014332 1925.754034 1953.069371 1962.489946
197.918750 1900.570911 1904.781615 1913.610305 1927.189801 1954.449288 1964.949262
198.062500 1901.530785 1905.892671 1915.227445 1928.646330 1956.067827 1966.828691
198.206250 1902.374598 1907.184737 1916.744396 1930.031412 1957.061245 1968.196452
198.350000 1903.452585 1908.489498 1918.484428 1931.484971 1958.511809 1969.533928
198.494948 1904.389152 1909.738021 1920.380484 1932.969929 1959.974425 1970.821757
198.639897 1905.198040 1910.901845 1922.466686 1934.471607 1961.372150 1973.013311
198.784845 1906.744257 1912.520529 1924.090444 1935.973484 1963.030515 1975.193334
198.929794 1907.950217 1913.756071 1925.704584 1937.414367 1964.536670 1976.383985
199.074742 1909.198562 1915.219665 1927.584788 1938.940336 1966.047240 1977.848993
199.219691 1910.507978 1916.712074 1929.604139 1940.503217 1967.745145 1980.103270
199.364639 1911.579124 1918.127166 1931.304894 1941.959796 1969.111820 1981.541948
199.509588 1913.361003 1919.893030 1933.313210 1943.434670 1970.187681 1983.182596
199.654536 1914.585212 1921.159081 1935.306531 1944.916301 1971.942026 1984.760078
199.799485 1915.792287 1922.421855 1936.795536 1946.404330 1973.078768 1986.458735
199.944433 1916.628504 1923.989852 1939.263575 1947.904911 1974.250986 1987.441057
200.089381 1918.035763 1925.467909 1940.840624 1949.307170 1975.531457 1988.759686
200.234330 1919.144707 1926.989946 1942.694756 1950.824751 1976.973941 1990.998088
200.379278 1920.035954 1928.474231 1944.521749 1952.281567 1978.160644 1992.434578
200.524227 1921.410723 1930.001301 1946.244613 1953.795408 1980.103184 1993.969677
200.669175 1922.380026 1931.608070 1948.305973 1955.220886 1981.697732 1995.160295
200.814124 1923.320796 1933.487334 1949.709209 1956.672360 1982.964225 1996.098876
200.959072 1924.743765 1934.913205 1951.521369 1958.132458 1984.187445 1996.993433
201.104021 1926.046014 1936.337008 1953.323730 1959.640846 1985.390938 1998.168977
201.248969 1927.179652 1937.806828 1955.266958 1961.167297 1986.766414 1999.943555
201.393918 1928.323541 1938.991608 1957.089795 1962.533581 1988.015971 2000.996845
201.538866 1929.239574 1940.689646 1958.938743 1963.967787 1989.396247 2003.095406
201.683814 1930.284061 1942.338631 1960.511963 1965.443599 1990.956896 2004.917038
201.828763 1931.561184 1943.493839 1962.265150 1966.903022 1992.260237 2006.513642
201.973711 1932.786283 1944.712165 1964.020250 1968.363008 1993.786643 2007.808113
202.118660 1934.083109 1946.039023 1966.024464 1969.822658 1995.166014 2009.331563
202.263608 1935.114298 1947.431895 1968.275901 1971.291658 1996.602983 2012.169357
202.408557 1936.071775 1948.468413 1969.641933 1972.686450 1997.759875 2013.888983
202.553505 1937.005922 1950.051569 1971.261045 1974.160331 1999.058918 2015.342522
202.698454 1938.078225 1951.350790 1972.870051 1975.552039 2000.368407 2016.032677
202.843402 1939.515246 1952.553067 1974.695607 1977.010532 2001.961983 2016.998926
202.988351 1940.686458 1954.152343 1976.934817 1978.493476 2003.266527 2018.364009
203.133299 1941.793618 1955.810102 1978.776892 1979.965606 2004.533901 2019.420238
203.278247 1943.046074 1956.987556 1980.239132 1981.431131 2006.057601 2022.239353
203.423196 1944.417387 1958.141484 1981.749987 1982.913998 2007.530761 2025.218215
203.568144 1945.446649 1959.414816 1983.432464 1984.391475 2009.087725 2026.022963
203.713093 1946.434856 1961.102372 1985.090154 1985.808626 2010.487524 2027.187893
203.858041 1947.511440 1963.046517 1986.556881 1987.310161 2011.588745 2028.747388
204.002990 1948.647637 1964.097730 1988.049043 1988.772326 2012.690785 2030.323782
204.147938 1949.667308 1965.439703 1989.647126 1990.184978 2014.057951 2031.421121
204.292887 1950.751166 1966.751852 1991.121499 1991.681598 2015.498852 2032.605521
204.437835 1952.024251 1968.104656 1993.060155 1993.175020 2017.251866 2034.415942
204.582784 1953.077425 1969.857245 1994.766319 1994.638083 2018.718413 2036.383828
204.727732 1953.458685 1971.048854 1996.218987 1996.085574 2019.850742 2037.082349
204.872680 1954.521587 1972.447464 1997.519313 1997.538352 2021.187536 2038.241218
205.017629 1955.805709 1973.919521 1999.456763 1999.030439 2022.690163 2040.212462
205.162577 1956.857280 1975.206160 2000.810524 2000.484495 2024.391721 2041.310104
205.307526 1957.914208 1976.388635 2002.690379 2001.942567 2026.015061 2042.748931
205.452474 1958.657976 1977.642413 2004.093348 2003.442353 2027.348759 2044.245165
205.597423 1959.679106 1978.847840 2005.811382 2004.925378 2028.738839 2045.969368
205.742371 1960.981142 1980.512705 2007.439081 2006.404903 2029.821188 2048.325001
205.887320 1962.076210 1981.842110 2009.537277 2007.856550 2031.318149 2049.297399
206.032268 1963.187603 1982.847889 2011.075685 2009.323614 2032.801186 2050.726147
206.177216 1964.557088 1984.056226 2012.503199 2010.728398 2033.994765 2051.978982
206.322165 1965.372381 1985.625985 2013.923739 2012.168624 2035.765419 2053.384535
206.467113 1966.258105 1986.754788 2015.529209 2013.602191 2037.323128 2054.496270
206.612062 1967.249800 1987.726211 2017.514237 2015.152988 2038.505806 2055.480557
206.757010 1967.926714 1989.157342 2019.264552 2016.611627 2040.519122 2056.926544
206.901959 1969.116736 1990.439727 2021.101624 2018.083711 2042.186159 2058.114237
207.046907 1969.991655 1992.018925 2022.519706 2019.513370 2043.760235 2059.647414
207.191856 1971.078640 1993.258752 2024.472925 2020.961625 2045.089145 2061.089554
207.336804 1972.280320 1995.079746 2026.108181 2022.373483 2046.758589 2062.391116
207.481753 1973.313489 1996.404567 2027.962015 2023.848105 2048.391401 2063.957827
207.626701 1974.114661 1997.953963 2029.150872 2025.307894 2049.970342 2065.744531
207.771649 1975.802440 1999.448417 2030.826997 2026.731123 2051.746264 2066.811141
207.916598 1976.958523 2000.310086 2032.713977 2028.198432 2053.283972 2067.847684
208.061546 1978.408421 2001.322915 2034.368174 2029.628368 2054.594540 2069.804362
208.206495 1979.097794 2002.571740 2036.196319 2031.054625 2056.173272 2071.122514
208.351443 1980.025885 2003.848278 2038.116412 2032.500011 2057.644953 2072.255526
208.496392 1980.777550 2005.305917 2039.793862 2033.979875 2059.279939 2074.504301
208.641340 1981.742913 2006.247987 2041.631528 2035.448075 2060.435424 2076.567366
208.786289 1983.001153 2007.433221 2043.210936 2036.943118 2062.774951 2078.466401
208.931237 1983.818729 2008.500293 2044.808826 2038.451799 2064.124571 2080.577680
209.076186 1985.275932 2009.581806 2046.297082 2039.903500 2065.406967 2082.536594
209.221134 1986.382486 2011.705532 2047.713887 2041.339255 2066.929220 2084.027338
209.366082 1987.451395 2013.113870 2049.951052 2042.748530 2068.565416 2085.331683
209.511031 1988.274432 2014.261545 2052.189135 2044.208120 2069.926520 2086.762359
209.655979 1989.572143 2015.372231 2054.059200 2045.720467 2071.286969 2088.881155
209.800928 1990.664567 2016.471457 2055.838913 2047.219751 2072.868593 2090.665100
209.945876 1991.817224 2017.407379 2057.726672 2048.676769 2074.441312 2092.040805
210.090825 1992.692747 2018.983337 2059.124282 2050.134991 2076.496467 2094.265616
210.235773 1993.797898 2020.544377 2060.910502 2051.587667 2078.046946 2095.535278
210.380722 1994.764841 2021.702753 2062.586581 2052.992426 2079.354380 2097.193118
210.525670 1995.860186 2022.683460 2064.055279 2054.468521 2081.277322 2098.922971
210.670619 1996.810953 2023.705396 2065.355167 2055.940079 2083.099291 2100.158834
210.815567 1998.235809 2024.971282 2067.182970 2057.456064 2084.798087 2101.927398
210.960515 1999.549609 2026.042106 2068.803581 2058.920897 2086.069946 2104.670202
211.105464 2000.724072 2027.433004 2070.362424 2060.371734 2087.540389 2105.996744
211.250412 2001.708582 2028.601272 2072.003838 2061.856522 2089.103917 2107.505060
211.395361 2002.643037 2029.703592 2073.335150 2063.306654 2091.091627 2109.142996
211.540309 2003.512191 2030.866577 2074.687446 2064.675946 2092.460004 2111.647911
211.685258 2004.404109 2031.984370 2076.608959 2066.069249 2093.596662 2113.197949
211.830206 2005.373889 2033.279686 2078.206802 2067.487992 2094.757283 2116.086116
211.975155 2006.583033 2034.718377 2079.570059 2068.922908 2096.552741 2117.519295
212.120103 2007.725201 2036.001171 2080.964210 2070.400461 2098.184256 2119.682942
212.265052 2008.767369 2037.069190 2082.824556 2071.895502 2099.893348 2120.635658
212.410000 2009.838871 2038.444241 2084.060827 2073.337205 2101.683252 2121.843521
212.545714 2010.487159 2039.563029 2085.222990 2074.729611 2102.999633 2123.081160
212.681429 2011.545003 2040.731549 2086.588654 2076.091645 2104.089091 2124.418775
212.817143 2012.940940 2041.909531 2087.909897 2077.442274 2105.073665 2125.490497
212.952857 2013.783439 2043.157313 2089.353496 2078.823761 2106.512687 2126.310315
213.088571 2014.668210 2044.190061 2090.578577 2080.188102 2107.412757 2127.544159
213.224286 2015.461349 2045.325106 2091.448324 2081.477140 2108.130433 2128.845781
213.360000 2016.472165 2046.228648 2092.898226 2082.802490 2109.239844 2129.618149
213.495714 2017.732623 2047.081456 2093.998233 2084.069565 2110.598334 2130.245452
213.631429 2018.823457 2048.615078 2095.059622 2085.417407 2111.732099 2131.269808
213.767143 2019.906019 2049.480989 2096.238831 2086.740740 2113.664561 2132.051012
213.902857 2021.183761 2050.364703 2097.210362 2088.036699 2114.441025 2132.797228
214.038571 2022.436289 2051.636355 2098.688484 2089.398904 2115.913396 2134.214156
214.174286 2024.454608 2052.702553 2099.855383 2090.634855 2116.752257 2135.983193
214.310000 2025.447672 2054.565218 2101.040946 2091.934535 2117.582720 2137.156239
214.450000 2027.984005 2056.347443 2102.211655 2093.297432 2118.179870 2137.953720
214.590000 2029.415357 2057.825683 2103.359939 2094.590213 2119.231574 2139.281467
214.730000 2030.764934 2059.476730 2104.196662 2095.863844 2120.173680 2140.280568
214.870000 2032.177460 2061.247659 2105.234603 2097.151318 2120.950593 2141.497728
215.010000 2033.546488 2063.419911 2106.476492 2098.437578 2121.839893 2142.638080
215.150000 2034.986195 2065.660560 2107.532964 2099.721282 2123.284582 2143.433973
215.290000 2036.055254 2067.656528 2108.811144 2101.026255 2124.040542 2144.398936
215.430000 2037.215597 2069.871414 2109.983391 2102.253802 2125.208685 2145.101771
215.570000 2039.224047 2072.139710 2110.927418 2103.460756 2126.155332 2147.347991
215.710000 2041.076520 2074.800457 2111.987695 2104.663870 2126.945543 2148.262227
215.850000 2042.525519 2077.060916 2112.759016 2105.816956 2127.897700 2148.947253
215.990000 2044.816784 2079.800739 2113.594953 2106.995850 2128.494870 2151.034877
216.130000 2046.225948 2081.464876 2114.596660 2108.137413 2130.391199 2151.962595
216.274255 2047.846936 2083.040905 2115.644356 2109.305619 2131.669079 2153.317644
216.418511 2050.048177 2084.865806 2116.215720 2110.484558 2132.153470 2154.572447
216.562766 2052.480355 2086.599480 2116.998425 2111.605530 2133.018610 2155.750942
216.707021 2054.900626 2088.041610 2118.322432 2112.713662 2133.912253 2157.225955
216.851277 2056.634249 2089.591508 2119.011141 2113.852997 2135.348404 2157.788983
216.995532 2057.936042 2090.683805 2119.691233 2114.985840 2136.725034 2158.739817
217.139787 2059.040656 2092.151647 2120.394946 2116.058493 2137.611221 2159.864828
217.284043 2060.151407 2093.680726 2121.240519 2117.136736 2138.253090 2160.414597
217.428298 2062.613495 2095.403008 2122.021963 2118.213394 2139.073577 2160.913825
217.572553 2064.709893 2096.435323 2122.785000 2119.330586 2140.344955 2161.443488
217.716809 2066.181463 2097.412030 2123.640588 2120.451186 2141.309622 2161.998718
217.861064 2067.356699 2099.170748 2124.304284 2121.534793 2142.415207 2163.071474
218.005319 2068.599245 2100.200378 2125.023619 2122.602282 2143.111955 2164.210398
218.149574 2070.033551 2101.311739 2125.795961 2123.712090 2144.318193 2165.886186
218.293830 2073.020035 2102.445730 2126.703316 2124.762728 2145.250397 2166.491378
218.438085 2074.802660 2103.998094 2127.440335 2125.822822 2146.453199 2167.143921
218.582340 2076.502962 2105.967982 2128.105294 2126.913421 2147.706897 2168.539223
218.726596 2077.514931 2107.144151 2128.765168 2127.958226 2149.192249 2169.091845
218.870851 2079.224493 2108.540710 2129.471489 2129.049234 2150.597263 2170.742880
219.015106 2082.310648 2110.588569 2130.214527 2130.177180 2151.768100 2171.483829
219.159362 2083.123362 2111.917956 2130.965670 2131.236690 2153.029665 2171.981393
219.303617 2084.993086 2113.256945 2131.685428 2132.352742 2154.619241 2172.758642
219.447872 2086.248539 2114.019076 2132.430558 2133.420905 2156.067192 2173.362708
219.592128 2087.535616 2115.372619 2133.378601 2134.467083 2157.343564 2174.067403
219.736383 2088.771036 2116.287550 2133.957128 2135.522266 2158.857823 2175.017817
219.880638 2090.923972 2117.441214 2134.799457 2136.617862 2160.435015 2176.100492
220.024894 2091.614054 2118.688075 2135.696897 2137.687412 2161.437062 2177.079300
220.169149 2093.096569 2119.855010 2136.524089 2138.782023 2162.796679 2177.862851
220.313404 2094.391512 2121.136409 2137.372818 2139.868546 2163.920934 2178.684090
220.457660 2095.471537 2122.542697 2138.126901 2140.937616 2165.370780 2179.179208
220.601915 2097.386770 2123.663293 2138.779308 2141.999089 2166.387250 2179.593598
220.746170 2098.750096 2124.537810 2139.614645 2143.079850 2168.347572 2180.564438
220.890426 2100.500485 2125.344589 2140.361407 2144.131476 2169.241335 2181.474815
221.034681 2101.286151 2126.355299 2141.171618 2145.172587 2170.624288 2182.331011
221.178936 2103.298459 2127.725678 2141.892939 2146.249610 2171.931557 2183.036996
221.323191 2104.198551 2129.082381 2142.509036 2147.304313 2173.497091 2184.028873
221.467447 2106.321946 2130.055177 2143.095804 2148.390931 2174.610368 2184.563602
221.611702 2107.696788 2131.460488 2143.743881 2149.464755 2176.435886 2185.783685
221.755957 2109.689593 2132.441453 2144.483746 2150.571788 2177.949883 2187.230811
221.900213 2110.695087 2133.472817 2145.144356 2151.627237 2179.160202 2188.028165
222.044468 2111.966106 2134.688414 2145.912564 2152.742351 2180.429699 2188.544262
222.188723 2112.980511 2136.135557 2146.749772 2153.815647 2182.164714 2189.448109
222.332979 2114.570380 2137.289306 2147.518285 2154.902281 2183.416158 2190.177529
222.477234 2116.490697 2138.287068 2148.419304 2156.031872 2184.366676 2190.953971
222.621489 2118.936054 2139.386576 2149.095497 2157.099568 2186.043333 2192.008572
222.765745 2120.399723 2140.531778 2149.720874 2158.216924 2187.230406 2192.458781
222.910000 2122.383291 2141.612261 2150.403591 2159.371415 2188.566242 2193.205100
223.045385 2124.172146 2142.646285 2151.271098 2160.490504 2189.665877 2193.892311
223.180769 2126.198483 2143.521519 2152.025486 2161.563984 2190.666962 2194.961261
223.316154 2129.249863 2144.609833 2152.764053 2162.664052 2191.400237 2195.758040
223.451538 2131.003353 2145.731891 2153.456835 2163.718079 2192.173618 2196.533391
223.586923 2133.815771 2146.972438 2154.180962 2164.823623 2193.146951 2197.186333
223.722308 2136.262779 2148.009154 2155.016997 2165.942307 2193.850088 2197.656508
223.857692 2138.492743 2149.066029 2155.803288 2167.040134 2194.869326 2198.230992
223.993077 2140.843340 2149.989880 2156.716022 2168.074765 2195.587855 2198.682040
224.128462 2142.964452 2151.135977 2157.653519 2169.125394 2196.349909 2199.212216
224.263846 2145.478544 2152.484928 2158.524205 2170.229993 2197.076427 2199.730275
224.399231 2146.833691 2154.020597 2159.363200 2171.331207 2197.765936 2200.365728
224.534615 2148.621040 2155.002538 2160.079072 2172.319483 2198.458743 2201.003617
224.670000 2149.947374 2156.162027 2160.930013 2173.350316 2199.108890 2201.394320
224.803333 2151.710586 2157.126783 2161.745657 2174.263871 2199.809073 2201.908090
224.936667 2153.412428 2158.101004 2162.560033 2175.141386 2200.429537 2202.410752
225.070000 2154.871420 2159.071657 2163.350495 2175.978267 2201.118874 2203.124527
225.170000 2155.896996 2159.733512 2163.970431 2176.556104 2201.566496 2203.605694
225.270000 2156.790314 2160.347665 2164.588058 2177.143841 2202.081635 2204.082886
225.370000 2157.593993 2161.022851 2165.120849 2177.726676 2202.571118 2204.508660
225.503333 2158.413202 2161.857591 2165.810833 2178.447393 2203.214329 2205.196328
225.636667 2159.396439 2162.795624 2166.512315 2179.153048 2203.799909 2205.860596
225.770000 2160.558294 2163.468453 2167.127929 2179.864202 2204.344089 2206.469749
225.903333 2161.344910 2164.242251 2167.760208 2180.571373 2204.989456 2207.063504
226.036667 2162.380268 2164.892088 2168.553107 2181.274286 2205.671242 2207.779995
226.170000 2163.393511 2165.628633 2169.345063 2181.955233 2206.257284 2208.347353
226.303333 2164.170135 2166.289297 2169.949287 2182.603359 2206.903183 2209.276472
226.436667 2164.722288 2166.975739 2170.521921 2183.215942 2207.453990 2210.077478
226.570000 2165.608486 2167.578551 2171.124265 2183.835419 2208.024267 2210.609072
226.682500 2166.094863 2168.129390 2171.632736 2184.361768 2208.478990 2211.164393
226.795000 2166.676237 2168.684175 2172.217765 2184.902548 2209.060337 2211.707468
226.907500 2167.171748 2169.276785 2172.631447 2185.443997 2209.630776 2212.404416
227.020000 2167.753749 2169.886800 2173.062250 2185.951431 2210.111398 2212.991167
227.153333 2168.385897 2170.646215 2173.526552 2186.537714 2210.657180 2213.478250
227.286667 2169.123739 2171.282836 2174.029731 2187.122846 2211.227449 2213.917560
227.420000 2169.674744 2171.916969 2174.580842 2187.705871 2211.796105 2214.558422
227.553333 2170.200134 2172.579924 2175.025450 2188.291345 2212.320779 2215.093984
227.686667 2170.698127 2173.064572 2175.581154 2188.854193 2212.903627 2215.805607
227.820000 2171.217997 2173.496675 2176.122329 2189.439135 2213.435342 2216.399171
227.953333 2171.573215 2173.967803 2176.639037 2189.992954 2213.994483 2216.991888
228.086667 2172.140176 2174.446714 2177.228878 2190.565005 2214.566848 2217.386112
228.220000 2172.544856 2174.895078 2177.760663 2191.120911 2215.091362 2217.847995
228.360455 2173.081773 2175.361733 2178.273049 2191.703031 2215.647742 2218.463678
228.500909 2173.483884 2175.792776 2178.720748 2192.249998 2216.234014 2218.864174
228.641364 2174.008696 2176.214558 2179.326074 2192.831147 2216.796745 2219.431714
228.781818 2174.454522 2176.605213 2179.904008 2193.409794 2217.380638 2219.937894
228.922273 2174.885558 2177.045629 2180.595624 2193.998777 2217.904658 2220.407851
229.062727 2175.251300 2177.479788 2181.060006 2194.585117 2218.382333 2220.882445
229.203182 2175.716157 2177.837778 2181.582008 2195.167952 2218.815359 2221.468748
229.343636 2176.150445 2178.296227 2182.022550 2195.761439 2219.364659 2221.879898
229.484091 2176.604410 2178.718067 2182.350405 2196.358614 2219.861386 2222.292788
229.624545 2177.142414 2179.106855 2182.605805 2196.929817 2220.310208 2222.790505
229.765000 2177.546334 2179.498303 2183.097088 2197.524242 2220.866488 2223.444334
229.905455 2177.845401 2179.861486 2183.468217 2198.115654 2221.482432 2223.854067
230.045909 2178.262106 2180.205177 2183.973624 2198.723197 2221.978648 2224.487171
230.186364 2178.623549 2180.537154 2184.379565 2199.289245 2222.595904 2224.910127
230.326818 2179.111529 2180.907263 2184.865308 2199.884218 2223.044847 2225.438688
230.467273 2179.579786 2181.311868 2185.450553 2200.452459 2223.538302 2225.993644
230.607727 2179.970301 2181.668103 2185.818453 2201.038902 2224.110176 2226.375753
230.748182 2180.410749 2182.036054 2186.286021 2201.631840 2224.716782 2226.831610
230.888636 2180.799525 2182.440188 2186.717241 2202.197120 2225.217945 2227.297538
231.029091 2181.256406 2182.808164 2187.207586 2202.763824 2225.674621 2227.856089
231.169545 2181.657972 2183.210450 2187.745793 2203.321642 2226.244907 2228.271854
231.310000 2182.110172 2183.610670 2188.135564 2203.899589 2226.765361 2228.841717
231.443333 2182.478931 2183.966655 2188.472655 2204.426032 2227.324247 2229.353641
231.576667 2182.858473 2184.343462 2188.994209 2204.969169 2227.907820 2229.848595
231.710000 2183.252627 2184.728741 2189.310511 2205.490738 2228.498259 2230.355783
231.843333 2183.790163 2185.102697 2189.915480 2206.018793 2229.039096 2230.803094
231.976667 2184.228520 2185.486625 2190.618251 2206.544751 2229.650982 2231.245952
232.110000 2184.728257 2185.885665 2191.054085 2207.079446 2230.353254 2231.793900
232.243333 2185.251138 2186.298853 2191.310862 2207.628900 2230.984643 2232.295556
232.376667 2185.620520 2186.703574 2191.818643 2208.178825 2231.535645 2232.810283
232.510000 2186.115527 2187.148767 2192.452476 2208.722414 2232.111859 2233.337776
232.613333 2186.482259 2187.490719 2192.700496 2209.147626 2232.571075 2233.759057
232.716667 2186.716498 2187.795136 2193.052106 2209.586253 2233.030175 2234.138034
232.820000 2187.080060 2188.114637 2193.392500 2210.013414 2233.474771 2234.547114
232.953333 2187.545557 2188.559318 2194.006602 2210.580789 2233.995325 2235.039878
233.086667 2188.038184 2188.993074 2194.644336 2211.155674 2234.538230 2235.528961
233.220000 2188.472669 2189.453375 2195.163175 2211.738783 2235.101026 2236.082438
233.353333 2188.942892 2189.887942 2196.609940 2212.310429 2235.593424 2236.591157
233.486667 2189.352235 2190.321239 2197.652507 2212.879278 2236.085193 2237.083214
233.620000 2189.851612 2190.785727 2198.857305 2213.442848 2236.568218 2237.643397
233.732500 2190.321757 2191.165869 2200.559754 2213.901395 2237.036975 2238.061498
233.845000 2190.706282 2191.576899 2202.408127 2214.359672 2237.478396 2238.542581
233.957500 2191.110284 2191.922983 2203.436265 2214.818035 2237.915518 2239.025581
234.070000 2191.450647 2192.329251 2204.479094 2215.261809 2238.354677 2239.397424
234.203333 2191.829428 2192.794753 2206.458246 2215.788295 2238.822933 2239.975326
234.336667 2192.367870 2193.268733 2207.983879 2216.298488 2239.300032 2240.370437
234.470000 2192.752905 2193.743154 2209.141533 2216.789039 2239.787455 2240.913104
234.603333 2193.167701 2194.171656 2211.286909 2217.283584 2240.342176 2241.382847
234.736667 2193.608638 2194.586588 2212.779401 2217.774698 2240.824305 2241.926131
234.870000 2194.069947 2195.054314 2216.090165 2218.281956 2241.292753 2242.346253
235.010000 2194.470458 2195.575788 2218.891651 2218.819598 2241.823483 2242.783079
235.150000 2194.901631 2196.082711 2222.376463 2219.357526 2242.332696 2243.248486
235.290000 2195.440554 2196.566161 2224.903096 2219.882640 2242.852603 2243.830312
235.430000 2195.958126 2197.049118 2226.780874 2220.419402 2243.376647 2244.302625
235.570000 2196.384270 2197.478837 2230.216698 2220.948887 2243.888447 2244.874620
235.703333 2196.750017 2197.908557 2233.041990 2221.451296 2244.389434 2245.315893
235.836667 2197.196228 2198.376120 2234.210591 2221.946527 2244.899763 2245.840069
235.970000 2197.666076 2198.851180 2235.153644 2222.448245 2245.412011 2246.305481
236.103333 2198.168120 2199.338089 2236.476672 2222.946688 2245.957406 2246.935031
236.236667 2198.600546 2199.846103 2237.670103 2223.453907 2246.500742 2247.388699
236.370000 2198.982558 2200.370516 2238.445230 2223.957568 2246.994811 2247.844522
236.503333 2199.401724 2200.855496 2239.405104 2224.476775 2247.516182 2248.493824
236.636667 2199.908072 2201.412327 2239.701664 2225.002693 2248.049389 2248.996261
236.770000 2200.396241 2201.993182 2240.350916 2225.546456 2248.587822 2249.620094
236.880000 2200.806368 2202.376880 2240.923167 2226.002164 2249.041146 2250.145359
236.990000 2201.176659 2202.765615 2241.498910 2226.458799 2249.509038 2250.623574
237.100000 2201.623781 2203.212286 2241.918177 2226.923355 2249.956664 2251.200545
237.233333 2202.114152 2203.787762 2242.844820 2227.530232 2250.558886 2251.784857
237.366667 2202.741586 2204.447114 2243.153349 2228.140624 2251.104744 2252.381274
237.500000 2203.259772 2205.056364 2244.345743 2228.786189 2251.626934 2253.051671
237.633333 2203.981854 2205.755686 2245.307609 2229.535352 2252.237528 2253.867110
237.766667 2204.680406 2206.636832 2245.851279 2230.359425 2252.816941 2254.748187
237.900000 2205.546769 2207.537742 2246.575044 2231.265913 2253.461108 2255.509899
238.033333 2206.479394 2208.770937 2247.294458 2232.308119 2254.114117 2256.414529
238.166667 2207.394623 2210.664150 2248.033044 2233.464308 2254.774806 2257.470212
238.300000 2208.478640 2212.296975 2249.312172 2234.666492 2255.506979 2258.361080
238.441364 2210.071711 2214.064888 2250.467530 2236.130185 2256.308006 2259.617065
238.582727 2211.977415 2216.496079 2251.287387 2237.721675 2257.150110 2260.663489
238.724091 2214.286799 2218.464283 2252.378668 2239.302795 2258.036632 2261.844445
238.865455 2215.998918 2220.814115 2252.897447 2240.938053 2259.039886 2262.684503
239.006818 2218.091516 2223.353166 2254.040056 2242.604854 2259.971361 2263.550230
239.148182 2220.780061 2225.826850 2255.118333 2244.371694 2261.205282 2264.636120
239.289545 2222.605565 2228.863620 2256.211969 2246.162524 2262.095637 2265.670219
239.430909 2225.692042 2231.763764 2257.009275 2248.033100 2263.043090 2266.830998
239.572273 2227.276537 2234.560639 2257.797819 2249.860143 2263.956768 2268.158283
239.713636 2230.322536 2237.227005 2258.788398 2251.736268 2264.849196 2269.160398
239.855000 2232.590382 2240.386858 2259.687814 2253.574086 2265.836154 2270.179618
239.996364 2235.800632 2243.298077 2260.707153 2255.468616 2266.816371 2271.219333
240.137727 2238.297380 2246.368969 2261.929795 2257.383824 2267.744635 2272.177622
240.279091 2241.457572 2248.990921 2262.998688 2259.309143 2268.755169 2273.491144
240.420455 2243.893032 2251.734342 2264.415998 2261.211879 2269.699678 2274.692561
240.561818 2248.091329 2254.768876 2265.680593 2263.108476 2270.658910 2275.433916
240.703182 2250.661182 2257.558508 2267.264902 2265.018038 2271.697026 2276.291340
240.844545 2254.102376 2260.450052 2268.601503 2266.904629 2272.857372 2277.378534
240.985909 2257.672684 2263.617836 2270.029536 2268.890719 2274.071957 2278.691786
241.127273 2260.306196 2266.596743 2271.569566 2270.799937 2275.280403 2279.584512
241.268636 2264.685736 2269.644930 2273.147785 2272.764165 2276.682350 2281.113370
241.410000 2268.118373 2272.049905 2275.070837 2274.712263 2278.418694 2282.556696
241.510000 2269.806797 2273.342310 2276.184707 2275.865528 2279.508891 2283.286191
241.610000 2271.276283 2274.478640 2277.293739 2276.974889 2280.480625 2284.476207
241.710000 2272.329305 2275.508045 2278.381528 2278.057307 2281.518097 2285.061318
241.810000 2273.276637 2276.589302 2279.358206 2279.063730 2282.482879 2285.998107
241.943333 2274.921234 2277.950821 2280.811997 2280.394288 2283.799042 2287.588032
242.076667 2276.237041 2279.374818 2282.248282 2281.765513 2285.148680 2288.633452
242.210000 2277.406728 2280.691142 2283.551838 2283.053634 2286.391778 2289.927166
242.350000 2278.665464 2282.227751 2285.128858 2284.548106 2287.640114 2291.152495
242.490000 2279.934564 2283.638775 2286.485554 2285.977436 2289.150463 2293.159968
242.623333 2281.210703 2285.062020 2287.728946 2287.427750 2290.914282 2294.873751
242.756667 2282.718419 2286.150968 2289.024377 2288.827180 2292.560000 2296.674383
242.890000 2284.105383 2287.565370 2290.499107 2290.300437 2294.403745 2298.213815
243.023333 2285.261288 2288.719017 2291.976174 2291.720137 2295.759062 2299.693160
243.156667 2286.415291 2289.833911 2293.710557 2293.240048 2297.373603 2301.252419
243.290000 2287.871769 2290.920500 2295.264093 2294.676759 2299.065814 2303.171417
243.420000 2288.677458 2291.963806 2296.824755 2296.073601 2300.610269 2304.530723
243.550000 2289.635938 2293.078454 2298.112339 2297.430032 2302.147437 2306.048510
243.680000 2290.484940 2294.162299 2299.445783 2298.702280 2303.525179 2307.152981
243.783333 2291.040736 2295.214570 2300.595000 2299.719828 2304.425835 2308.267032
243.886667 2291.635011 2296.145197 2301.566352 2300.660092 2305.306780 2309.154414
243.990000 2292.484113 2297.021235 2302.511664 2301.598600 2306.287758 2310.106109
244.120000 2293.193446 2298.392591 2303.556924 2302.698082 2307.337586 2311.056646
244.250000 2293.915190 2299.624540 2304.674592 2303.777740 2308.339049 2311.857353
244.380000 2294.953476 2300.780729 2305.818386 2304.846141 2309.243355 2312.730166
244.517273 2296.054194 2302.221130 2306.865247 2305.950366 2310.199581 2313.931938
244.654545 2296.997168 2303.508364 2308.008695 2307.058810 2311.137900 2314.708465
244.791818 2298.232804 2304.604271 2309.126447 2308.146468 2312.124632 2315.695578
244.929091 2299.346237 2305.657739 2310.177623 2309.270002 2313.214118 2316.706340
245.066364 2300.935598 2306.849944 2311.108008 2310.340101 2314.095055 2317.486546
245.203636 2302.207078 2307.953132 2312.161716 2311.422203 2315.056406 2318.583067
245.340909 2304.029203 2309.056043 2313.068330 2312.520849 2316.046288 2319.460486
245.478182 2305.965965 2310.068712 2314.060111 2313.571812 2317.125257 2320.574362
245.615455 2307.183871 2311.222762 2315.157402 2314.620847 2317.977054 2321.569046
245.752727 2308.513117 2312.387778 2316.161652 2315.629510 2318.882984 2322.496615
245.890000 2309.930765 2313.539382 2317.168456 2316.703077 2320.007467 2323.534635
246.023333 2310.876828 2314.583281 2318.037665 2317.679876 2321.013091 2324.323153
246.156667 2312.254766 2315.575393 2319.006158 2318.663511 2321.932369 2325.502240
246.290000 2313.181560 2316.696376 2319.931441 2319.645247 2322.929900 2326.338036
246.423333 2314.093209 2317.786929 2320.840857 2320.628326 2323.911567 2327.299872
246.556667 2315.113562 2318.622421 2321.820387 2321.648831 2325.149696 2328.520740
246.690000 2316.369716 2319.521631 2322.779074 2322.657493 2326.340961 2329.551390
246.835185 2317.216804 2320.566586 2323.829277 2323.784669 2327.384975 2331.010663
246.980370 2318.473599 2321.862235 2325.124963 2324.964801 2328.594174 2331.758557
247.125556 2319.375263 2322.980367 2326.251581 2326.153578 2329.739823 2332.920262
247.270741 2320.433816 2324.108276 2327.376697 2327.327496 2331.021545 2334.139406
247.415926 2321.967876 2325.170057 2328.599099 2328.507391 2332.239814 2335.343924
247.561111 2323.131344 2326.162703 2329.752522 2329.663922 2333.218553 2336.591060
247.706296 2324.005021 2327.205423 2331.006208 2330.809591 2334.488188 2337.548123
247.851481 2325.030636 2328.528028 2332.175154 2331.957878 2335.545581 2338.657436
247.996667 2326.242657 2329.798110 2333.297927 2333.155743 2336.774036 2340.373048
248.141852 2327.019432 2331.074857 2334.423700 2334.309780 2337.864575 2341.246995
248.287037 2328.384535 2332.138437 2335.568076 2335.466381 2338.987403 2342.517519
248.432222 2329.290656 2333.210167 2336.687729 2336.553748 2340.163076 2343.681702
248.577407 2330.202456 2334.286955 2337.891804 2337.692271 2341.310708 2344.824832
248.722593 2331.189374 2335.489725 2339.033233 2338.816389 2342.404638 2345.912843
248.867778 2332.426714 2336.547903 2340.125534 2339.977405 2343.632984 2347.297580
249.012963 2333.328810 2337.639586 2341.205400 2341.084778 2344.928576 2348.552820
249.158148 2334.304528 2338.693631 2342.275584 2342.214628 2345.986897 2350.119424
249.303333 2335.205131 2339.709791 2343.350647 2343.353855 2347.183679 2351.386351
249.448519 2336.278736 2340.783307 2344.453074 2344.445239 2348.352465 2352.724410
249.593704 2337.318419 2341.876801 2345.449187 2345.537218 2349.442529 2353.911102
249.738889 2338.382369 2343.000193 2346.552543 2346.663034 2350.639143 2355.007656
249.884074 2339.867377 2344.115773 2347.663793 2347.823543 2351.806565 2356.645702
250.029259 2340.461609 2345.475319 2348.771798 2348.997553 2352.878024 2357.857826
250.174444 2341.973718 2346.635682 2349.770997 2350.120933 2353.985953 2358.953985
250.319630 2343.058139 2347.797627 2350.890137 2351.258046 2355.283009 2360.294209
250.464815 2344.493826 2348.793991 2351.930686 2352.428916 2356.554125 2361.187476
250.610000 2346.136225 2350.053445 2353.159796 2353.604923 2357.685798 2362.169656
250.736667 2347.110162 2350.936784 2354.134183 2354.593476 2358.756713 2363.219287
250.863333 2348.206009 2351.899875 2355.072294 2355.598295 2359.765031 2364.356157
250.990000 2349.163885 2352.898409 2356.214032 2356.634889 2360.772358 2365.212945
251.130000 2350.168165 2354.017487 2357.351982 2357.776075 2361.945540 2366.190207
251.270000 2351.374491 2355.259181 2358.552320 2358.984629 2362.875647 2367.594682
251.410000 2353.063047 2356.358408 2359.725959 2360.186148 2364.038022 2368.910099
251.543333 2354.536484 2357.565005 2361.011610 2361.410052 2365.374373 2370.258542
251.676667 2355.529465 2358.736846 2362.303274 2362.659575 2366.572266 2371.351768
251.810000 2356.832743 2360.049842 2363.745309 2364.052546 2367.917368 2372.771933
251.910000 2357.733699 2361.002969 2364.810193 2365.130762 2369.046920 2374.224672
252.010000 2358.934122 2362.217817 2365.999543 2366.361830 2370.419806 2375.185140
252.110000 2360.167677 2363.272629 2367.366613 2367.730422 2371.740201 2377.008172
252.243333 2362.124143 2365.677737 2369.560554 2369.977930 2374.079391 2379.808662
252.376667 2364.152013 2368.001379 2371.815455 2372.477666 2376.892665 2384.435237
252.510000 2366.838803 2370.302514 2374.324868 2375.158512 2379.929829 2388.130869
252.643333 2369.064683 2373.582273 2378.495278 2378.946903 2384.114062 2391.010230
252.776667 2371.809824 2377.420023 2383.265558 2382.996399 2388.075985 2393.769727
252.910000 2375.015910 2381.163190 2387.962770 2387.137371 2392.439217 2395.576405
253.043333 2381.273756 2386.802863 2391.785862 2391.139606 2395.320665 2397.320136
253.176667 2388.173875 2391.465636 2395.921227 2395.009749 2397.584960 2398.828513
253.310000 2396.750871 2397.576581 2398.517495 2398.570689 2399.603884 2400.493377
