depth(m) lower_95(kyr) lower_68(kyr) median(kyr) mean(kyr) upper_68(kyr) upper_95(kyr)
0.000000 1.147054 1.963033 2.780090 2.775557 3.597802 4.341664
0.050000 2.405891 3.147979 3.991596 4.025274 4.876490 5.732707
0.060000 2.726538 3.433311 4.288112 4.309495 5.178500 5.982330
0.080000 3.314769 4.067832 4.893130 4.898708 5.756832 6.589640
0.100000 3.901271 4.656423 5.505517 5.518691 6.379879 7.158604
0.120000 4.417335 5.266385 6.085156 6.098977 6.959105 7.735426
0.140000 4.933145 5.938157 6.706957 6.730505 7.578539 8.368672
0.160000 5.736704 6.586207 7.429265 7.447414 8.348563 9.191363
0.180000 6.442228 7.212376 8.134565 8.171367 9.130992 10.058207
0.200000 7.199717 8.108675 9.156594 9.114384 10.059181 11.099096
0.220000 8.459881 9.471805 10.451807 10.534051 11.509157 13.270712
0.240000 10.725692 12.286709 13.727898 13.502854 14.623585 15.297080
0.260000 13.102884 14.102817 14.948574 14.840330 15.533852 16.094497
0.280000 14.346442 15.010283 15.648755 15.601225 16.154539 16.683040
0.300000 15.087817 15.614983 16.172956 16.144751 16.673713 17.201617
0.320000 15.524373 16.065053 16.602583 16.595874 17.105914 17.624713
0.340000 15.984917 16.501867 17.022728 17.030214 17.581903 18.042543
0.360000 16.439517 16.935145 17.439476 17.461113 18.004293 18.633865
0.380000 16.836668 17.379859 17.844416 17.881465 18.459613 19.073367
0.400000 17.276703 17.786346 18.256964 18.310626 18.853975 19.563184
0.420000 17.723347 18.189885 18.687147 18.738511 19.266068 19.997679
0.440000 18.157383 18.616819 19.121458 19.165990 19.721850 20.377104
0.460000 18.495674 19.003024 19.551064 19.586535 20.175466 20.879381
0.480000 19.014173 19.398435 19.956944 20.010069 20.595182 21.360965
0.500000 19.354923 19.793548 20.380128 20.441660 21.085921 21.821924
0.520000 19.786094 20.203170 20.792214 20.864866 21.536338 22.340238
0.540000 20.109375 20.633450 21.235469 21.301442 21.977074 22.868737
0.560000 20.460184 21.052523 21.662079 21.753872 22.446417 23.393570
0.580000 20.933151 21.483488 22.111344 22.206877 23.004057 23.960161
0.600000 21.326942 21.889539 22.562191 22.695726 23.562602 24.632992
0.620000 21.712689 22.306105 23.099336 23.203133 24.131009 25.332085
0.640000 22.162506 22.770742 23.553372 23.708037 24.684640 25.866212
0.660000 22.632129 23.243337 24.109418 24.249490 25.347343 26.425949
0.680000 23.085322 23.768228 24.708830 24.791817 25.893498 26.940471
0.700000 23.522187 24.289378 25.313024 25.376015 26.470081 27.545588
0.720000 23.967757 24.882021 26.001056 25.987097 27.138524 28.092200
0.740000 24.447668 25.413803 26.604281 26.593288 27.748411 28.735472
0.760000 24.975402 25.988690 27.297630 27.241925 28.354520 29.406330
0.780000 25.556904 26.694478 27.973038 27.908138 29.038523 30.175827
0.800000 26.146375 27.442829 28.659939 28.604481 29.732665 30.981485
0.820000 26.975852 28.135733 29.375694 29.329332 30.445377 31.648448
0.840000 27.716841 28.948292 30.115356 30.102500 31.243499 32.345376
0.860000 28.385981 29.669034 30.831007 30.801479 31.906270 33.010340
0.880000 29.266987 30.391311 31.469557 31.484608 32.598134 33.629666
0.900000 29.827704 30.979633 32.116591 32.122448 33.248871 34.487253
0.920000 30.403919 31.578346 32.759687 32.752743 33.883914 35.106327
0.940000 31.003563 32.152102 33.284935 33.340778 34.458922 36.149875
0.960000 31.618467 32.678069 33.803127 33.900635 35.036049 37.029557
0.980000 32.291956 33.246989 34.385451 34.525199 35.737359 37.960340
1.000000 32.850299 33.839784 34.973141 35.189028 36.513468 39.008542
1.020000 33.397641 34.377246 35.625537 35.869283 37.553629 39.787117
1.040000 33.914909 34.906276 36.268641 36.601262 38.423873 40.390589
1.060000 34.510161 35.560854 37.215970 37.397480 39.251101 40.942485
1.080000 35.068110 36.258203 38.230171 38.193885 40.036216 41.521906
1.100000 35.723441 37.100410 39.089474 39.004931 40.720425 42.337197
1.120000 36.438134 38.061979 39.773237 39.808478 41.506845 43.093492
1.140000 37.280716 39.122426 40.645116 40.642756 42.189185 44.043459
1.160000 38.387936 39.965425 41.356645 41.427086 42.916727 44.990143
1.180000 39.130326 40.722092 42.077451 42.206319 43.723972 45.882896
1.200000 39.785001 41.483428 42.818111 43.040627 44.773047 46.949601
1.220000 40.704174 42.214427 43.554833 43.882781 46.033426 47.689321
1.240000 41.506712 42.942158 44.362793 44.723766 47.070472 48.387360
1.260000 42.299884 43.644272 45.329248 45.552706 47.788355 49.061238
1.280000 43.091007 44.439390 46.371210 46.428452 48.622682 49.835913
1.290000 43.466786 44.825719 46.868752 46.840968 49.008428 50.156098
1.300000 43.844358 45.170827 47.282143 47.241088 49.393498 50.492262
1.320000 44.645583 45.960989 48.145388 48.063481 50.074135 51.262733
1.340000 45.367844 46.924574 49.006923 48.886932 50.800571 52.285453
1.360000 46.250309 47.974341 49.733605 49.703232 51.521236 52.885709
1.380000 47.016477 48.912494 50.401540 50.494812 52.354144 53.608069
1.400000 47.932644 49.721858 51.105368 51.222710 53.075222 54.244578
1.420000 49.108808 50.400405 51.755383 51.965992 53.819079 55.015443
1.440000 49.807206 51.053549 52.458746 52.701003 54.505037 55.969753
1.460000 50.774793 51.657887 53.274945 53.400060 55.227817 56.658157
1.480000 51.337840 52.258856 53.993006 54.073867 55.903159 57.342359
1.500000 51.882102 52.890001 54.629267 54.730732 56.609107 58.067761
1.520000 52.563453 53.545086 55.342866 55.410346 57.370291 58.773573
1.540000 53.187996 54.194867 55.979828 56.106929 58.072904 59.377520
1.560000 54.003091 54.944436 56.751715 56.826086 58.692690 59.976956
1.580000 54.958859 55.946669 57.562959 57.611678 59.358542 60.562756
1.600000 55.817577 56.901884 58.437445 58.445454 60.042822 61.235550
1.620000 56.704898 58.120134 59.448232 59.456127 60.785435 61.970206
1.640000 57.917906 59.136649 60.525585 60.430663 61.615525 62.686171
1.660000 58.828487 60.045885 61.319721 61.242219 62.412624 63.371647
1.680000 59.725347 60.884538 62.056184 62.019567 63.134736 64.106148
1.700000 60.565159 61.628434 62.776037 62.725772 63.829456 64.659258
1.720000 61.207956 62.346472 63.402460 63.391310 64.473698 65.369538
1.740000 61.908985 63.007592 64.034292 64.019424 65.047012 65.925074
1.760000 62.580259 63.633829 64.641130 64.612869 65.607088 66.441680
1.800000 63.848419 64.755123 65.765486 65.701840 66.619058 67.355500
1.820000 64.604234 65.524685 66.420207 66.363444 67.186240 67.877988
1.840000 65.487634 66.231364 67.089058 67.066663 67.870339 68.569529
