age(kyr) mean(permil) sigma(permil)
680.000000 3.686102 0.244656
681.000000 3.685146 0.240297
682.000000 3.683253 0.235725
683.000000 3.679648 0.231190
684.000000 3.673864 0.226637
685.000000 3.665915 0.222226
686.000000 3.656295 0.217241
687.000000 3.645702 0.212088
688.000000 3.634147 0.206509
689.000000 3.623188 0.199812
690.000000 3.611878 0.191096
691.000000 3.600362 0.181170
692.000000 3.589838 0.170633
693.000000 3.582115 0.158945
694.000000 3.577235 0.147665
695.000000 3.577447 0.139975
696.000000 3.574474 0.137326
697.000000 3.560411 0.136827
698.000000 3.518515 0.137336
699.000000 3.470798 0.137285
700.000000 3.481238 0.136254
701.000000 3.560056 0.137784
702.000000 3.654300 0.134426
703.000000 3.705689 0.132468
704.000000 3.706144 0.132671
705.000000 3.676653 0.132649
706.000000 3.683464 0.132052
707.000000 3.730884 0.132245
708.000000 3.758562 0.132394
709.000000 3.753833 0.132621
710.000000 3.735922 0.133677
711.000000 3.754994 0.133855
712.000000 3.818277 0.134842
713.000000 3.910555 0.135563
714.000000 4.023152 0.136956
715.000000 4.159294 0.138342
716.000000 4.290074 0.138161
717.000000 4.387051 0.137915
718.000000 4.455894 0.138134
719.000000 4.485109 0.138894
720.000000 4.455940 0.140451
721.000000 4.380937 0.142310
722.000000 4.297238 0.143639
723.000000 4.221142 0.145151
724.000000 4.122580 0.147447
725.000000 4.028696 0.149240
726.000000 3.976586 0.150681
727.000000 3.944711 0.152691
728.000000 3.936481 0.155613
729.000000 3.919670 0.157918
730.000000 3.895600 0.161155
731.000000 3.866192 0.163203
732.000000 3.849262 0.165127
733.000000 3.867132 0.167419
734.000000 3.915123 0.169742
735.000000 3.953472 0.170983
736.000000 3.968495 0.173306
737.000000 3.982472 0.173650
738.000000 3.992273 0.173512
739.000000 3.968305 0.173517
740.000000 3.932604 0.174751
741.000000 3.940115 0.171431
742.000000 3.991868 0.167824
743.000000 4.066483 0.165292
744.000000 4.189800 0.163636
745.000000 4.357223 0.158900
746.000000 4.461617 0.153620
747.000000 4.485235 0.149090
748.000000 4.456775 0.145556
749.000000 4.403036 0.142536
750.000000 4.370671 0.139560
751.000000 4.363088 0.137192
752.000000 4.343374 0.135244
753.000000 4.322567 0.134123
754.000000 4.300186 0.133631
755.000000 4.264574 0.134147
756.000000 4.209523 0.135294
757.000000 4.137984 0.136277
758.000000 4.069582 0.137710
759.000000 4.011939 0.139329
760.000000 3.941377 0.141416
761.000000 3.886864 0.142658
762.000000 3.868205 0.144072
763.000000 3.862994 0.145193
764.000000 3.856369 0.145832
765.000000 3.829996 0.145896
766.000000 3.807983 0.144805
767.000000 3.811248 0.143939
768.000000 3.829513 0.142969
769.000000 3.817454 0.140621
770.000000 3.766269 0.139169
771.000000 3.682202 0.137262
772.000000 3.599484 0.134329
773.000000 3.564439 0.131891
774.000000 3.554048 0.130634
775.000000 3.540479 0.129175
776.000000 3.505739 0.128894
777.000000 3.451739 0.128460
778.000000 3.410025 0.127742
779.000000 3.398691 0.128105
780.000000 3.388291 0.129107
781.000000 3.354804 0.130433
782.000000 3.332010 0.132059
783.000000 3.323031 0.134225
784.000000 3.308079 0.136551
785.000000 3.291907 0.138227
786.000000 3.300663 0.140406
787.000000 3.365439 0.142870
788.000000 3.487548 0.144688
789.000000 3.650047 0.145804
790.000000 3.827151 0.144292
791.000000 3.969977 0.142467
792.000000 4.143154 0.142411
793.000000 4.377967 0.140676
794.000000 4.535815 0.134385
795.000000 4.563028 0.129871
796.000000 4.551664 0.126169
797.000000 4.534273 0.122806
798.000000 4.510408 0.119643
799.000000 4.474069 0.117259
800.000000 4.424718 0.114244
801.000000 4.397559 0.111515
802.000000 4.383391 0.109852
803.000000 4.356480 0.108969
804.000000 4.304535 0.108120
805.000000 4.259021 0.107705
806.000000 4.216440 0.108444
807.000000 4.164407 0.109840
808.000000 4.125649 0.110561
809.000000 4.098764 0.112167
810.000000 4.053497 0.114211
811.000000 3.993762 0.115461
812.000000 3.957624 0.117441
813.000000 3.913421 0.119538
814.000000 3.860906 0.121283
815.000000 3.800004 0.123046
816.000000 3.734355 0.124710
817.000000 3.681102 0.125824
818.000000 3.659965 0.127433
819.000000 3.626013 0.129607
820.000000 3.572740 0.131179
821.000000 3.544238 0.132483
822.000000 3.543466 0.134272
823.000000 3.565899 0.136413
824.000000 3.638637 0.138932
825.000000 3.794532 0.141277
826.000000 3.933565 0.141922
827.000000 3.954807 0.142011
828.000000 3.918054 0.143151
829.000000 3.859802 0.144953
830.000000 3.794260 0.145829
831.000000 3.741553 0.145923
832.000000 3.699874 0.146744
833.000000 3.670909 0.146991
834.000000 3.660851 0.146306
835.000000 3.657639 0.145643
836.000000 3.653032 0.144004
837.000000 3.670605 0.143174
838.000000 3.729122 0.141348
839.000000 3.747591 0.138920
840.000000 3.693126 0.137108
841.000000 3.642960 0.134546
842.000000 3.630470 0.132228
843.000000 3.616744 0.130407
844.000000 3.569617 0.129055
845.000000 3.521807 0.127462
846.000000 3.476754 0.126304
847.000000 3.418179 0.125060
848.000000 3.336690 0.124561
849.000000 3.287235 0.122963
850.000000 3.376621 0.124029
851.000000 3.533034 0.123079
852.000000 3.584441 0.120498
853.000000 3.542942 0.120359
854.000000 3.467144 0.120256
855.000000 3.401681 0.120123
856.000000 3.355460 0.120814
857.000000 3.320329 0.122595
858.000000 3.276115 0.124725
859.000000 3.240970 0.127863
860.000000 3.233918 0.131387
861.000000 3.213781 0.135627
862.000000 3.197977 0.139885
863.000000 3.280270 0.144777
864.000000 3.435584 0.149062
865.000000 3.621240 0.151097
866.000000 3.825121 0.152628
867.000000 4.012615 0.151731
868.000000 4.133937 0.151542
869.000000 4.225245 0.150477
870.000000 4.332547 0.148878
871.000000 4.446143 0.145914
872.000000 4.508899 0.143345
873.000000 4.560293 0.141005
874.000000 4.594881 0.139195
875.000000 4.587859 0.137847
876.000000 4.558560 0.136132
877.000000 4.520641 0.135531
878.000000 4.476834 0.135167
879.000000 4.431775 0.134577
880.000000 4.395424 0.134580
881.000000 4.373015 0.134609
882.000000 4.331384 0.134962
883.000000 4.311582 0.135502
884.000000 4.334169 0.135179
885.000000 4.320922 0.134910
886.000000 4.294364 0.134422
887.000000 4.272161 0.132934
888.000000 4.280165 0.131311
889.000000 4.321706 0.129267
890.000000 4.337268 0.127636
891.000000 4.318637 0.126147
892.000000 4.294289 0.124581
893.000000 4.250486 0.123095
894.000000 4.205540 0.121187
895.000000 4.168458 0.119853
896.000000 4.123667 0.118725
897.000000 4.076884 0.117442
898.000000 4.020334 0.116365
899.000000 3.970733 0.116290
900.000000 3.924170 0.116489
901.000000 3.880849 0.116733
902.000000 3.851042 0.117671
903.000000 3.850067 0.118715
904.000000 3.870065 0.119953
905.000000 3.874092 0.121748
906.000000 3.877901 0.124095
907.000000 3.904463 0.126507
908.000000 3.935265 0.128168
909.000000 3.935542 0.129848
910.000000 3.901809 0.131901
911.000000 3.838781 0.134261
912.000000 3.788051 0.136135
913.000000 3.777571 0.138406
914.000000 3.795738 0.141246
915.000000 3.817773 0.143520
916.000000 3.886486 0.146747
917.000000 3.993416 0.149180
918.000000 4.139513 0.152334
919.000000 4.285424 0.152693
920.000000 4.363123 0.152931
921.000000 4.402443 0.153872
922.000000 4.395001 0.154888
923.000000 4.336310 0.156431
924.000000 4.258308 0.156660
925.000000 4.180932 0.156491
926.000000 4.099283 0.156568
927.000000 4.018362 0.156952
928.000000 3.958372 0.155854
929.000000 3.935193 0.154635
930.000000 3.930174 0.152697
931.000000 3.907042 0.150977
932.000000 3.866897 0.149067
933.000000 3.814729 0.146586
934.000000 3.742686 0.144344
935.000000 3.676400 0.141659
936.000000 3.653873 0.138973
937.000000 3.614620 0.136557
938.000000 3.565449 0.134554
939.000000 3.527026 0.132002
940.000000 3.493838 0.129574
941.000000 3.489088 0.128020
942.000000 3.463948 0.124722
943.000000 3.441163 0.122155
944.000000 3.425332 0.119902
945.000000 3.377347 0.118123
946.000000 3.325285 0.116929
947.000000 3.274428 0.116436
948.000000 3.231145 0.117922
949.000000 3.216288 0.118781
950.000000 3.197942 0.121356
951.000000 3.199111 0.124925
952.000000 3.199785 0.129622
953.000000 3.200358 0.134920
954.000000 3.191052 0.140818
955.000000 3.159007 0.146767
956.000000 3.122766 0.152171
957.000000 3.149608 0.158051
958.000000 3.332385 0.165227
959.000000 3.633313 0.169740
960.000000 3.891187 0.171962
961.000000 4.101669 0.173447
962.000000 4.267429 0.172928
963.000000 4.323411 0.171682
964.000000 4.304633 0.170891
965.000000 4.256413 0.169258
966.000000 4.194549 0.166730
967.000000 4.121753 0.164362
968.000000 4.044815 0.161776
969.000000 3.961404 0.159464
970.000000 3.881290 0.157104
971.000000 3.822313 0.154750
972.000000 3.770282 0.153099
973.000000 3.737174 0.151569
974.000000 3.725429 0.149658
975.000000 3.690976 0.148483
976.000000 3.644876 0.145902
977.000000 3.606566 0.143717
978.000000 3.573819 0.141750
979.000000 3.568088 0.140245
980.000000 3.609764 0.138777
981.000000 3.692797 0.136708
982.000000 3.813418 0.134753
983.000000 3.946838 0.131973
984.000000 3.974698 0.128450
985.000000 3.978811 0.125437
986.000000 4.030775 0.122768
987.000000 4.034646 0.119547
988.000000 3.991613 0.116738
989.000000 3.930384 0.114026
990.000000 3.866475 0.111612
991.000000 3.820273 0.109372
992.000000 3.778004 0.108185
993.000000 3.748408 0.107395
994.000000 3.724490 0.107531
995.000000 3.685959 0.108592
996.000000 3.645825 0.110277
997.000000 3.629881 0.111284
998.000000 3.630970 0.113406
999.000000 3.657585 0.116697
1000.000000 3.683233 0.119901
1001.000000 3.765848 0.125043
1002.000000 3.923791 0.129237
1003.000000 4.071165 0.131534
1004.000000 4.156236 0.135137
1005.000000 4.118101 0.139355
1006.000000 4.027996 0.143164
1007.000000 3.958137 0.146079
1008.000000 3.931991 0.149206
1009.000000 3.917518 0.152114
1010.000000 3.891853 0.154642
1011.000000 3.847840 0.156316
1012.000000 3.797852 0.157299
1013.000000 3.768310 0.157871
1014.000000 3.753486 0.157880
1015.000000 3.681647 0.157825
1016.000000 3.617372 0.156634
1017.000000 3.643063 0.156135
1018.000000 3.704197 0.155054
1019.000000 3.724312 0.153649
1020.000000 3.679084 0.152673
1021.000000 3.605554 0.151598
1022.000000 3.522650 0.151111
1023.000000 3.447881 0.150124
1024.000000 3.428185 0.149732
1025.000000 3.454733 0.149232
1026.000000 3.463944 0.148577
1027.000000 3.499003 0.148029
1028.000000 3.552814 0.147502
1029.000000 3.615961 0.146824
1030.000000 3.686552 0.146144
1031.000000 3.780824 0.145735
1032.000000 3.877848 0.145206
1033.000000 3.970424 0.143704
1034.000000 4.078941 0.141470
1035.000000 4.157298 0.138939
1036.000000 4.192385 0.136606
1037.000000 4.226863 0.135593
1038.000000 4.253559 0.133034
1039.000000 4.260130 0.130305
1040.000000 4.245020 0.128553
1041.000000 4.236571 0.127230
1042.000000 4.240504 0.125923
1043.000000 4.238691 0.124646
1044.000000 4.232047 0.124022
1045.000000 4.225179 0.124171
1046.000000 4.205868 0.124510
1047.000000 4.181329 0.125291
1048.000000 4.149829 0.126514
1049.000000 4.130664 0.127989
1050.000000 4.112628 0.129912
1051.000000 4.086891 0.132606
1052.000000 4.062052 0.134884
1053.000000 4.050139 0.136807
1054.000000 4.039583 0.139242
1055.000000 4.018442 0.141675
1056.000000 3.996894 0.143779
1057.000000 3.940670 0.146476
1058.000000 3.841592 0.147121
1059.000000 3.753910 0.146890
1060.000000 3.686838 0.146557
1061.000000 3.626464 0.145640
1062.000000 3.567745 0.145144
1063.000000 3.481655 0.143190
1064.000000 3.384392 0.141033
1065.000000 3.300342 0.138092
1066.000000 3.233721 0.135055
1067.000000 3.180785 0.132114
1068.000000 3.145267 0.129828
1069.000000 3.139848 0.127596
1070.000000 3.195313 0.126461
1071.000000 3.210416 0.124785
1072.000000 3.172075 0.123273
1073.000000 3.171376 0.122373
1074.000000 3.176701 0.121582
1075.000000 3.209506 0.121414
1076.000000 3.294889 0.121373
1077.000000 3.363538 0.119431
1078.000000 3.400786 0.118759
1079.000000 3.433955 0.117063
1080.000000 3.442124 0.115576
1081.000000 3.461493 0.113797
1082.000000 3.492023 0.112588
1083.000000 3.536309 0.110951
1084.000000 3.558733 0.109738
1085.000000 3.575258 0.108864
1086.000000 3.596644 0.108914
1087.000000 3.611127 0.109106
1088.000000 3.627292 0.109309
1089.000000 3.660391 0.110442
1090.000000 3.690121 0.111163
1091.000000 3.710500 0.112349
1092.000000 3.733673 0.113627
1093.000000 3.760480 0.115547
1094.000000 3.800620 0.118608
1095.000000 3.864248 0.119772
1096.000000 3.937510 0.120070
1097.000000 4.015472 0.120996
1098.000000 4.089290 0.121216
1099.000000 4.085085 0.121785
1100.000000 4.025487 0.122127
1101.000000 3.950179 0.122133
1102.000000 3.883487 0.121054
1103.000000 3.824546 0.121467
1104.000000 3.708285 0.122142
1105.000000 3.595667 0.122004
1106.000000 3.511423 0.120384
1107.000000 3.459098 0.119170
1108.000000 3.406584 0.118427
1109.000000 3.404827 0.117500
1110.000000 3.472118 0.117734
1111.000000 3.545169 0.116353
1112.000000 3.618911 0.115969
1113.000000 3.707415 0.116132
1114.000000 3.780259 0.116608
1115.000000 3.841623 0.116652
1116.000000 3.887060 0.117079
1117.000000 3.933211 0.117302
1118.000000 3.960988 0.117879
1119.000000 3.966879 0.118454
1120.000000 4.010911 0.120070
1121.000000 4.101868 0.122058
1122.000000 4.226496 0.124173
1123.000000 4.376263 0.125108
1124.000000 4.425514 0.125413
1125.000000 4.377412 0.126741
1126.000000 4.348523 0.127480
1127.000000 4.302078 0.130185
1128.000000 4.237595 0.131263
1129.000000 4.198239 0.133071
1130.000000 4.148956 0.135351
1131.000000 4.088897 0.137328
1132.000000 4.053112 0.138563
1133.000000 4.049802 0.140361
1134.000000 4.041800 0.141957
1135.000000 4.005237 0.143710
1136.000000 3.957530 0.145662
1137.000000 3.886112 0.147952
1138.000000 3.808104 0.149285
1139.000000 3.751070 0.149571
1140.000000 3.751597 0.151214
1141.000000 3.805462 0.151246
1142.000000 3.837885 0.150327
1143.000000 3.801209 0.150150
1144.000000 3.720798 0.150211
1145.000000 3.661348 0.148423
1146.000000 3.688991 0.147316
1147.000000 3.733009 0.145274
1148.000000 3.692235 0.144265
1149.000000 3.628508 0.141812
1150.000000 3.603928 0.139469
1151.000000 3.594203 0.137473
1152.000000 3.605784 0.135598
1153.000000 3.613528 0.133004
1154.000000 3.601523 0.130568
1155.000000 3.569446 0.127982
1156.000000 3.535214 0.125035
1157.000000 3.495492 0.122953
1158.000000 3.456338 0.120182
1159.000000 3.426142 0.117503
1160.000000 3.400569 0.115731
1161.000000 3.386112 0.113516
1162.000000 3.404865 0.111371
1163.000000 3.405901 0.110220
1164.000000 3.402678 0.108776
1165.000000 3.381285 0.108216
1166.000000 3.341327 0.107973
1167.000000 3.310180 0.106305
1168.000000 3.308836 0.105136
1169.000000 3.333504 0.104552
1170.000000 3.373304 0.104211
1171.000000 3.417362 0.103213
1172.000000 3.450473 0.102511
1173.000000 3.473304 0.101745
1174.000000 3.486680 0.101583
1175.000000 3.491494 0.101894
1176.000000 3.477852 0.101770
1177.000000 3.451274 0.101325
1178.000000 3.443320 0.101206
1179.000000 3.434357 0.101125
1180.000000 3.452538 0.101476
1181.000000 3.488459 0.101949
1182.000000 3.518146 0.101924
1183.000000 3.524037 0.101852
1184.000000 3.523186 0.102378
1185.000000 3.509983 0.102478
1186.000000 3.493624 0.103037
1187.000000 3.495231 0.103709
1188.000000 3.524699 0.105170
1189.000000 3.577897 0.106598
1190.000000 3.672469 0.108872
1191.000000 3.842128 0.112109
1192.000000 4.023015 0.110119
1193.000000 4.113564 0.109019
1194.000000 4.159519 0.109884
1195.000000 4.200533 0.110789
1196.000000 4.255733 0.112445
1197.000000 4.331936 0.113722
1198.000000 4.383544 0.113209
1199.000000 4.394787 0.114073
1200.000000 4.377523 0.114677
1201.000000 4.355934 0.115816
1202.000000 4.333495 0.116903
1203.000000 4.316436 0.117881
1204.000000 4.328547 0.119246
1205.000000 4.332472 0.120652
1206.000000 4.290977 0.122789
1207.000000 4.236199 0.123987
1208.000000 4.180997 0.126905
1209.000000 4.104143 0.129609
1210.000000 4.025619 0.132124
1211.000000 3.949196 0.135041
1212.000000 3.875178 0.137255
1213.000000 3.817710 0.138606
1214.000000 3.792146 0.140001
1215.000000 3.810069 0.143048
1216.000000 3.851088 0.145225
1217.000000 3.889140 0.144931
1218.000000 3.897126 0.144929
1219.000000 3.876914 0.145445
1220.000000 3.840137 0.145249
1221.000000 3.803356 0.144490
1222.000000 3.754984 0.144634
1223.000000 3.674191 0.143707
1224.000000 3.627593 0.141132
1225.000000 3.615591 0.139343
1226.000000 3.562919 0.137916
1227.000000 3.455159 0.137968
1228.000000 3.344570 0.136350
1229.000000 3.283882 0.133747
1230.000000 3.254453 0.131657
1231.000000 3.209678 0.130184
1232.000000 3.152478 0.129372
1233.000000 3.138574 0.128581
1234.000000 3.175338 0.128594
1235.000000 3.202196 0.128177
1236.000000 3.206757 0.127879
1237.000000 3.191013 0.127888
1238.000000 3.145232 0.128011
1239.000000 3.122039 0.128749
1240.000000 3.086000 0.129633
1241.000000 3.115984 0.131023
1242.000000 3.276484 0.133527
1243.000000 3.505790 0.135526
1244.000000 3.744244 0.137227
1245.000000 3.960917 0.136754
1246.000000 4.109916 0.133950
1247.000000 4.219283 0.132609
1248.000000 4.318857 0.133193
1249.000000 4.399458 0.130760
1250.000000 4.397042 0.131070
1251.000000 4.353969 0.130037
1252.000000 4.299846 0.131852
1253.000000 4.218234 0.129368
1254.000000 4.145043 0.129715
1255.000000 4.033314 0.129902
1256.000000 3.988335 0.129252
1257.000000 4.008475 0.129330
1258.000000 3.997165 0.130038
1259.000000 3.972035 0.130954
1260.000000 3.964288 0.132013
1261.000000 3.960715 0.132296
1262.000000 3.918263 0.132732
1263.000000 3.834331 0.134159
1264.000000 3.732627 0.134935
1265.000000 3.658652 0.134223
1266.000000 3.652276 0.134687
1267.000000 3.682150 0.135455
1268.000000 3.697397 0.134388
1269.000000 3.681330 0.133797
1270.000000 3.646522 0.132936
1271.000000 3.608032 0.132309
1272.000000 3.560127 0.131836
1273.000000 3.520253 0.131962
1274.000000 3.490038 0.132227
1275.000000 3.464078 0.131735
1276.000000 3.463421 0.132115
1277.000000 3.478074 0.132609
1278.000000 3.502177 0.132663
1279.000000 3.496896 0.133265
1280.000000 3.464771 0.133772
1281.000000 3.483001 0.134692
1282.000000 3.533022 0.135462
1283.000000 3.613935 0.136607
1284.000000 3.733309 0.137301
1285.000000 3.820059 0.137788
1286.000000 3.853803 0.138718
1287.000000 3.936906 0.138857
1288.000000 4.040951 0.139809
1289.000000 4.138592 0.139640
1290.000000 4.144826 0.139549
1291.000000 4.126516 0.139996
1292.000000 4.095315 0.141068
1293.000000 4.021690 0.142076
1294.000000 3.924149 0.142785
1295.000000 3.844509 0.142914
1296.000000 3.888742 0.143466
1297.000000 3.941890 0.142548
1298.000000 3.951807 0.141409
1299.000000 3.924083 0.140418
1300.000000 3.878247 0.139466
1301.000000 3.842413 0.137624
1302.000000 3.768626 0.136423
1303.000000 3.650980 0.134462
1304.000000 3.521447 0.132970
1305.000000 3.455070 0.131660
1306.000000 3.532881 0.130750
1307.000000 3.603121 0.128523
1308.000000 3.586879 0.127784
1309.000000 3.520961 0.128517
1310.000000 3.436516 0.128353
1311.000000 3.356561 0.128999
1312.000000 3.330356 0.129866
1313.000000 3.340866 0.130962
1314.000000 3.365910 0.132493
1315.000000 3.406592 0.133505
1316.000000 3.441759 0.134274
1317.000000 3.487526 0.135019
1318.000000 3.531998 0.135342
1319.000000 3.533275 0.136179
1320.000000 3.550562 0.136433
1321.000000 3.614238 0.136499
1322.000000 3.659381 0.134252
1323.000000 3.685016 0.133356
1324.000000 3.717346 0.131796
1325.000000 3.741001 0.130294
1326.000000 3.785323 0.128282
1327.000000 3.833391 0.126920
1328.000000 3.864823 0.125706
1329.000000 3.882890 0.124887
1330.000000 3.905503 0.124427
1331.000000 3.940230 0.124735
1332.000000 3.973907 0.124467
1333.000000 3.970725 0.124869
1334.000000 3.981572 0.125497
1335.000000 4.010947 0.126587
1336.000000 4.042526 0.127741
1337.000000 4.059007 0.128622
1338.000000 4.035023 0.130631
1339.000000 3.999002 0.130657
1340.000000 3.971741 0.131040
1341.000000 3.942989 0.131936
1342.000000 3.874816 0.132579
1343.000000 3.752496 0.133892
1344.000000 3.646222 0.134685
1345.000000 3.573440 0.135061
1346.000000 3.501302 0.135431
1347.000000 3.410880 0.134594
1348.000000 3.310296 0.133610
1349.000000 3.240852 0.132142
1350.000000 3.214709 0.130806
1351.000000 3.203035 0.129725
1352.000000 3.201888 0.128782
1353.000000 3.201036 0.127914
1354.000000 3.183922 0.127657
1355.000000 3.153332 0.127022
1356.000000 3.168873 0.126015
1357.000000 3.214779 0.126058
1358.000000 3.289660 0.124931
1359.000000 3.382751 0.123772
1360.000000 3.457892 0.123436
1361.000000 3.523570 0.123346
1362.000000 3.572771 0.121345
1363.000000 3.613834 0.119825
1364.000000 3.661859 0.118782
1365.000000 3.702079 0.117797
1366.000000 3.752106 0.117186
1367.000000 3.813259 0.116171
1368.000000 3.845839 0.114843
1369.000000 3.886913 0.113994
1370.000000 3.933164 0.113061
1371.000000 3.954406 0.112094
1372.000000 3.982889 0.112797
1373.000000 4.052095 0.112843
1374.000000 4.096255 0.111600
1375.000000 4.094140 0.111114
1376.000000 4.086444 0.111116
1377.000000 4.082582 0.110631
1378.000000 4.026508 0.110624
1379.000000 3.909901 0.112184
1380.000000 3.794998 0.112041
1381.000000 3.748876 0.109939
1382.000000 3.753410 0.108788
1383.000000 3.768272 0.107811
1384.000000 3.750263 0.107371
1385.000000 3.702540 0.107116
1386.000000 3.645368 0.106598
1387.000000 3.580792 0.106039
1388.000000 3.529858 0.105052
1389.000000 3.487749 0.104702
1390.000000 3.451687 0.105472
1391.000000 3.423108 0.105470
1392.000000 3.388366 0.105442
1393.000000 3.361795 0.105378
1394.000000 3.361960 0.106280
1395.000000 3.381032 0.106693
1396.000000 3.383017 0.107328
1397.000000 3.368415 0.108161
1398.000000 3.368850 0.109479
1399.000000 3.404270 0.111192
1400.000000 3.433317 0.113005
1401.000000 3.433656 0.114980
1402.000000 3.469962 0.116269
1403.000000 3.526531 0.118687
1404.000000 3.616107 0.120317
1405.000000 3.695288 0.121056
1406.000000 3.750996 0.122742
1407.000000 3.797865 0.123045
1408.000000 3.850103 0.124168
1409.000000 3.935296 0.125823
1410.000000 4.005569 0.127558
1411.000000 4.056320 0.129255
1412.000000 4.083623 0.130632
1413.000000 4.115678 0.132248
1414.000000 4.100065 0.135111
1415.000000 3.998673 0.137259
1416.000000 3.905973 0.139005
1417.000000 3.826455 0.141338
1418.000000 3.770625 0.142618
1419.000000 3.751006 0.144146
1420.000000 3.752759 0.144478
1421.000000 3.742732 0.146254
1422.000000 3.682675 0.145710
1423.000000 3.616867 0.145147
1424.000000 3.606796 0.144173
1425.000000 3.613959 0.143917
1426.000000 3.626310 0.142617
1427.000000 3.608984 0.140944
1428.000000 3.583071 0.140155
1429.000000 3.532290 0.138653
1430.000000 3.453812 0.137608
1431.000000 3.333181 0.135934
1432.000000 3.236964 0.133541
1433.000000 3.195048 0.132854
1434.000000 3.177895 0.131960
1435.000000 3.166100 0.131160
1436.000000 3.155897 0.130809
1437.000000 3.137597 0.130593
1438.000000 3.129000 0.130374
1439.000000 3.144027 0.131422
1440.000000 3.189725 0.132356
1441.000000 3.239004 0.132801
1442.000000 3.238855 0.134329
1443.000000 3.179714 0.134865
1444.000000 3.147355 0.135445
1445.000000 3.128700 0.137077
1446.000000 3.108745 0.138229
1447.000000 3.064692 0.139886
1448.000000 3.019998 0.140515
1449.000000 3.067827 0.142355
1450.000000 3.198992 0.145148
1451.000000 3.405253 0.150496
1452.000000 3.673287 0.152441
1453.000000 3.912141 0.148206
1454.000000 4.105716 0.147805
1455.000000 4.251154 0.145118
1456.000000 4.281532 0.143688
1457.000000 4.258951 0.143938
1458.000000 4.240784 0.143159
1459.000000 4.189727 0.142834
1460.000000 4.127164 0.141597
1461.000000 4.070094 0.141018
1462.000000 3.996807 0.140257
1463.000000 3.928033 0.139706
1464.000000 3.849741 0.140308
1465.000000 3.753742 0.139920
1466.000000 3.698719 0.138977
1467.000000 3.669397 0.139108
1468.000000 3.610682 0.138470
1469.000000 3.536870 0.138058
1470.000000 3.463256 0.138165
1471.000000 3.396157 0.137431
1472.000000 3.344831 0.136484
1473.000000 3.303701 0.136198
1474.000000 3.269593 0.135698
1475.000000 3.240119 0.135406
1476.000000 3.220255 0.135799
1477.000000 3.213066 0.135545
1478.000000 3.216545 0.135354
1479.000000 3.226268 0.135719
1480.000000 3.236254 0.135466
1481.000000 3.239124 0.135571
1482.000000 3.236280 0.135342
1483.000000 3.230454 0.135803
1484.000000 3.223006 0.136451
1485.000000 3.214055 0.137293
1486.000000 3.205631 0.137313
1487.000000 3.191387 0.137262
1488.000000 3.178379 0.137173
1489.000000 3.194369 0.138027
1490.000000 3.278838 0.140381
1491.000000 3.413298 0.142047
1492.000000 3.569289 0.143978
1493.000000 3.734640 0.144039
1494.000000 3.889496 0.144559
1495.000000 4.024161 0.144057
1496.000000 4.119401 0.142322
1497.000000 4.163859 0.140722
1498.000000 4.174467 0.140469
1499.000000 4.163611 0.142219
1500.000000 4.149161 0.143290
1501.000000 4.132430 0.143352
1502.000000 4.116548 0.142346
1503.000000 4.107580 0.142063
1504.000000 4.087518 0.142728
1505.000000 4.038608 0.144480
1506.000000 3.975194 0.145671
1507.000000 3.908889 0.145959
1508.000000 3.848210 0.144703
1509.000000 3.788874 0.145593
1510.000000 3.712003 0.146919
1511.000000 3.637970 0.145797
1512.000000 3.585389 0.144043
1513.000000 3.553784 0.143884
1514.000000 3.535210 0.143799
1515.000000 3.520577 0.144428
1516.000000 3.491383 0.146232
1517.000000 3.457775 0.147768
1518.000000 3.432071 0.147424
1519.000000 3.419211 0.148072
1520.000000 3.412051 0.148053
1521.000000 3.414072 0.148393
1522.000000 3.430599 0.149065
1523.000000 3.458587 0.149847
1524.000000 3.493815 0.151160
1525.000000 3.530916 0.152031
1526.000000 3.570299 0.152864
1527.000000 3.613953 0.154446
1528.000000 3.666662 0.155527
1529.000000 3.729293 0.155038
1530.000000 3.791546 0.153977
1531.000000 3.851867 0.153610
1532.000000 3.925358 0.154702
1533.000000 4.026034 0.155776
1534.000000 4.140877 0.156248
1535.000000 4.238988 0.154663
1536.000000 4.301787 0.154264
1537.000000 4.331028 0.153752
1538.000000 4.341260 0.153882
1539.000000 4.332998 0.154111
1540.000000 4.285630 0.155294
1541.000000 4.201620 0.155185
1542.000000 4.110145 0.155136
1543.000000 4.022229 0.155438
1544.000000 3.940937 0.155486
1545.000000 3.865576 0.156077
1546.000000 3.790303 0.157104
1547.000000 3.728618 0.156051
1548.000000 3.684307 0.154515
1549.000000 3.654167 0.153687
1550.000000 3.634275 0.153178
1551.000000 3.622676 0.152376
1552.000000 3.621294 0.151986
1553.000000 3.626938 0.151646
1554.000000 3.632956 0.150615
1555.000000 3.629443 0.149800
1556.000000 3.619097 0.150022
1557.000000 3.595588 0.148760
1558.000000 3.558547 0.147603
1559.000000 3.512511 0.146044
1560.000000 3.467000 0.143944
1561.000000 3.439011 0.142552
1562.000000 3.425153 0.141407
1563.000000 3.419508 0.140589
1564.000000 3.419321 0.139857
1565.000000 3.429072 0.139131
1566.000000 3.463367 0.139364
1567.000000 3.526160 0.139900
1568.000000 3.614786 0.138866
1569.000000 3.697889 0.136992
1570.000000 3.767364 0.136558
1571.000000 3.852024 0.135799
1572.000000 3.937939 0.133189
1573.000000 4.009267 0.131501
1574.000000 4.056580 0.130553
1575.000000 4.083188 0.129340
1576.000000 4.069393 0.128868
1577.000000 4.030811 0.128780
1578.000000 3.985740 0.128664
1579.000000 3.946239 0.127741
1580.000000 3.914940 0.125909
1581.000000 3.888452 0.124540
1582.000000 3.853002 0.124128
1583.000000 3.802672 0.124071
1584.000000 3.742609 0.123578
1585.000000 3.681069 0.122332
1586.000000 3.630558 0.121429
1587.000000 3.589110 0.120399
1588.000000 3.558162 0.118802
1589.000000 3.546105 0.118489
1590.000000 3.567302 0.118708
1591.000000 3.627024 0.120351
1592.000000 3.680999 0.118706
1593.000000 3.692241 0.116763
1594.000000 3.665855 0.116472
1595.000000 3.621707 0.116418
1596.000000 3.567433 0.116742
1597.000000 3.516815 0.115693
1598.000000 3.488795 0.114292
1599.000000 3.461943 0.114593
1600.000000 3.430645 0.114938
1601.000000 3.407277 0.114539
1602.000000 3.385216 0.114518
1603.000000 3.370370 0.114562
1604.000000 3.376000 0.115374
1605.000000 3.405259 0.115894
1606.000000 3.435830 0.115869
1607.000000 3.465384 0.116895
1608.000000 3.514606 0.118485
1609.000000 3.576585 0.119475
1610.000000 3.633353 0.119179
1611.000000 3.678032 0.119602
1612.000000 3.711472 0.120263
1613.000000 3.727080 0.120862
1614.000000 3.725199 0.122081
1615.000000 3.706985 0.123652
1616.000000 3.683915 0.125051
1617.000000 3.655364 0.126245
1618.000000 3.615347 0.127036
1619.000000 3.586849 0.128112
1620.000000 3.565436 0.129909
1621.000000 3.556063 0.132484
1622.000000 3.570524 0.135255
1623.000000 3.598625 0.137441
1624.000000 3.621494 0.138764
1625.000000 3.637339 0.139766
1626.000000 3.640016 0.141486
1627.000000 3.624149 0.143528
1628.000000 3.599647 0.146034
1629.000000 3.564829 0.147196
1630.000000 3.523895 0.149292
1631.000000 3.482063 0.151185
1632.000000 3.439380 0.151752
1633.000000 3.405281 0.152165
1634.000000 3.381555 0.153428
1635.000000 3.371822 0.154911
1636.000000 3.378751 0.155702
1637.000000 3.399248 0.157023
1638.000000 3.429432 0.158937
1639.000000 3.473614 0.161038
1640.000000 3.530524 0.163352
1641.000000 3.595250 0.164821
1642.000000 3.657404 0.166683
1643.000000 3.724766 0.168605
1644.000000 3.791364 0.168755
1645.000000 3.852469 0.168472
1646.000000 3.898723 0.168529
1647.000000 3.933404 0.168581
1648.000000 3.962137 0.169674
1649.000000 3.991833 0.170725
1650.000000 4.021530 0.170653
1651.000000 4.050608 0.170911
1652.000000 4.074782 0.171353
1653.000000 4.090700 0.171855
1654.000000 4.100485 0.172393
1655.000000 4.103995 0.172668
1656.000000 4.102736 0.173008
1657.000000 4.099557 0.173159
1658.000000 4.089596 0.173811
1659.000000 4.066012 0.174595
1660.000000 4.031112 0.175533
1661.000000 3.985507 0.176831
1662.000000 3.931093 0.177244
1663.000000 3.877305 0.177831
1664.000000 3.829213 0.177826
1665.000000 3.789547 0.177349
1666.000000 3.758010 0.177513
1667.000000 3.731491 0.178074
1668.000000 3.706457 0.178870
1669.000000 3.679063 0.179683
1670.000000 3.652116 0.180238
1671.000000 3.626186 0.180828
1672.000000 3.598177 0.181230
1673.000000 3.572137 0.181572
1674.000000 3.547118 0.181594
1675.000000 3.528689 0.181570
1676.000000 3.514763 0.181406
1677.000000 3.502976 0.181507
1678.000000 3.495628 0.182209
1679.000000 3.493019 0.183133
1680.000000 3.491079 0.184010
1681.000000 3.490444 0.184394
1682.000000 3.489810 0.184722
1683.000000 3.487164 0.185354
1684.000000 3.485428 0.186153
1685.000000 3.482257 0.186456
1686.000000 3.477854 0.186703
1687.000000 3.475683 0.187205
1688.000000 3.478047 0.187868
1689.000000 3.485367 0.188891
1690.000000 3.497702 0.190170
1691.000000 3.513773 0.191274
1692.000000 3.528422 0.192348
1693.000000 3.542849 0.193237
1694.000000 3.560143 0.194386
1695.000000 3.581447 0.195481
1696.000000 3.613127 0.196969
1697.000000 3.655388 0.198831
1698.000000 3.704669 0.200168
1699.000000 3.753612 0.200951
1700.000000 3.800643 0.201693
1701.000000 3.842487 0.201974
1702.000000 3.871501 0.202226
1703.000000 3.886046 0.202539
1704.000000 3.892532 0.202945
1705.000000 3.893658 0.203877
1706.000000 3.889688 0.204793
1707.000000 3.879954 0.205179
1708.000000 3.865639 0.205845
1709.000000 3.843512 0.206982
1710.000000 3.814102 0.207660
1711.000000 3.775511 0.208682
1712.000000 3.729145 0.209447
1713.000000 3.678804 0.210115
1714.000000 3.628622 0.210760
1715.000000 3.584893 0.211367
1716.000000 3.540508 0.212668
1717.000000 3.502203 0.213172
1718.000000 3.476996 0.212993
1719.000000 3.467135 0.212880
1720.000000 3.470618 0.213927
1721.000000 3.487624 0.214623
1722.000000 3.518685 0.214994
1723.000000 3.555278 0.215076
1724.000000 3.591046 0.215748
1725.000000 3.626003 0.216252
1726.000000 3.653204 0.216242
1727.000000 3.668998 0.216240
1728.000000 3.672599 0.216420
1729.000000 3.664600 0.216786
1730.000000 3.651393 0.216745
1731.000000 3.638134 0.216799
1732.000000 3.624107 0.217312
1733.000000 3.608163 0.217016
1734.000000 3.589425 0.217026
1735.000000 3.575536 0.217080
1736.000000 3.567218 0.216827
1737.000000 3.562653 0.216756
1738.000000 3.568969 0.216666
1739.000000 3.582509 0.216541
1740.000000 3.597833 0.216478
1741.000000 3.618829 0.216520
1742.000000 3.650812 0.217206
1743.000000 3.700003 0.217869
1744.000000 3.764412 0.217069
1745.000000 3.829593 0.215656
1746.000000 3.878107 0.214248
1747.000000 3.903350 0.212846
1748.000000 3.903006 0.211806
1749.000000 3.876526 0.211549
1750.000000 3.832831 0.211448
1751.000000 3.779956 0.210805
1752.000000 3.723593 0.209623
1753.000000 3.673623 0.208502
1754.000000 3.634137 0.207989
1755.000000 3.597522 0.206810
1756.000000 3.556574 0.205440
1757.000000 3.514957 0.204269
1758.000000 3.477135 0.202903
1759.000000 3.443571 0.201645
1760.000000 3.413985 0.200434
1761.000000 3.381447 0.199246
1762.000000 3.349117 0.197799
1763.000000 3.324438 0.196919
1764.000000 3.307672 0.196560
1765.000000 3.293802 0.195844
1766.000000 3.278936 0.194696
1767.000000 3.267161 0.193715
1768.000000 3.264570 0.192728
1769.000000 3.271220 0.191797
1770.000000 3.284152 0.190769
1771.000000 3.301603 0.189873
1772.000000 3.321388 0.189250
1773.000000 3.338969 0.188974
1774.000000 3.352829 0.188591
1775.000000 3.363747 0.188128
1776.000000 3.375365 0.187960
1777.000000 3.387288 0.188060
1778.000000 3.399960 0.188450
1779.000000 3.416023 0.189088
1780.000000 3.437945 0.189352
1781.000000 3.465450 0.189624
1782.000000 3.498392 0.189932
1783.000000 3.538319 0.190524
1784.000000 3.582704 0.191192
1785.000000 3.627709 0.191571
1786.000000 3.672956 0.192191
1787.000000 3.714431 0.192622
1788.000000 3.749357 0.193242
1789.000000 3.783450 0.194584
1790.000000 3.828289 0.196494
1791.000000 3.892126 0.198324
1792.000000 3.957890 0.198703
1793.000000 4.001353 0.198098
1794.000000 4.014077 0.198027
1795.000000 3.999835 0.198750
1796.000000 3.960291 0.200099
1797.000000 3.908208 0.201282
1798.000000 3.851935 0.202413
1799.000000 3.790208 0.203575
1800.000000 3.726247 0.205038
1801.000000 3.660647 0.205864
1802.000000 3.598304 0.206374
1803.000000 3.547160 0.207010
1804.000000 3.510224 0.207593
1805.000000 3.483886 0.207991
1806.000000 3.467231 0.208440
1807.000000 3.460487 0.209752
1808.000000 3.457848 0.211238
1809.000000 3.456745 0.212123
1810.000000 3.454640 0.212600
1811.000000 3.451730 0.212997
1812.000000 3.449558 0.213683
1813.000000 3.447900 0.214557
1814.000000 3.449025 0.215225
1815.000000 3.455195 0.216113
1816.000000 3.465146 0.217125
1817.000000 3.479630 0.218536
1818.000000 3.511900 0.219474
1819.000000 3.556304 0.220379
1820.000000 3.596888 0.221861
1821.000000 3.621735 0.223124
1822.000000 3.631331 0.224558
1823.000000 3.631163 0.225808
1824.000000 3.622051 0.225477
1825.000000 3.609519 0.225008
1826.000000 3.597580 0.225516
1827.000000 3.588874 0.225766
1828.000000 3.578466 0.225371
1829.000000 3.568762 0.224710
1830.000000 3.562324 0.224282
1831.000000 3.555797 0.223991
1832.000000 3.552687 0.223910
1833.000000 3.552835 0.223301
1834.000000 3.551127 0.222660
1835.000000 3.548776 0.222538
1836.000000 3.546082 0.222081
1837.000000 3.544608 0.221336
1838.000000 3.546072 0.221378
1839.000000 3.544923 0.220882
1840.000000 3.542213 0.219642
1841.000000 3.538321 0.218472
1842.000000 3.536088 0.217013
1843.000000 3.538111 0.215869
1844.000000 3.539440 0.214759
1845.000000 3.541381 0.213598
1846.000000 3.543458 0.212474
1847.000000 3.544579 0.211464
1848.000000 3.549984 0.210179
1849.000000 3.554296 0.208642
1850.000000 3.557891 0.207404
1851.000000 3.564929 0.206205
1852.000000 3.573446 0.204448
1853.000000 3.585085 0.203143
1854.000000 3.604189 0.202180
1855.000000 3.622084 0.200663
1856.000000 3.643547 0.198873
1857.000000 3.667020 0.197349
1858.000000 3.685693 0.195580
1859.000000 3.697359 0.193389
1860.000000 3.700105 0.191678
1861.000000 3.697717 0.190279
1862.000000 3.688689 0.188668
1863.000000 3.675563 0.187158
1864.000000 3.659785 0.185516
1865.000000 3.644022 0.183964
1866.000000 3.629148 0.182693
1867.000000 3.611639 0.181510
1868.000000 3.594580 0.180113
1869.000000 3.574724 0.178490
1870.000000 3.557147 0.177049
1871.000000 3.543355 0.175988
1872.000000 3.533679 0.175171
1873.000000 3.530015 0.174653
1874.000000 3.529373 0.173747
1875.000000 3.526015 0.172580
1876.000000 3.519288 0.171910
1877.000000 3.508032 0.171601
1878.000000 3.488467 0.171238
1879.000000 3.465876 0.170707
1880.000000 3.444321 0.170292
1881.000000 3.423837 0.169606
1882.000000 3.400478 0.168952
1883.000000 3.379730 0.168420
1884.000000 3.363019 0.168474
1885.000000 3.348224 0.168734
1886.000000 3.332960 0.168813
1887.000000 3.319565 0.168507
1888.000000 3.312365 0.168578
1889.000000 3.311519 0.168662
1890.000000 3.317484 0.168705
1891.000000 3.327887 0.169212
1892.000000 3.342086 0.169749
1893.000000 3.361274 0.170283
1894.000000 3.387642 0.171144
1895.000000 3.421109 0.171424
1896.000000 3.460743 0.171811
1897.000000 3.510180 0.172096
1898.000000 3.572697 0.172790
1899.000000 3.659921 0.173946
1900.000000 3.765416 0.174447
1901.000000 3.862942 0.174954
1902.000000 3.942506 0.174832
1903.000000 3.994110 0.174155
1904.000000 4.008698 0.174263
1905.000000 3.981927 0.175636
1906.000000 3.930914 0.176385
1907.000000 3.877231 0.175553
1908.000000 3.829289 0.175048
1909.000000 3.787455 0.175261
1910.000000 3.758493 0.175218
1911.000000 3.737992 0.175049
1912.000000 3.716788 0.174830
1913.000000 3.694089 0.175127
1914.000000 3.664419 0.175497
1915.000000 3.632740 0.175804
1916.000000 3.602573 0.175908
1917.000000 3.576121 0.175234
1918.000000 3.548336 0.174692
1919.000000 3.520969 0.174480
1920.000000 3.495544 0.174348
1921.000000 3.471821 0.174369
1922.000000 3.448093 0.173934
1923.000000 3.424190 0.173664
1924.000000 3.401553 0.173137
1925.000000 3.382478 0.172568
1926.000000 3.366528 0.172580
1927.000000 3.354349 0.172434
1928.000000 3.345248 0.172552
1929.000000 3.337510 0.172496
1930.000000 3.330974 0.172595
1931.000000 3.328913 0.172510
1932.000000 3.328610 0.172498
1933.000000 3.330554 0.172977
1934.000000 3.332857 0.172946
1935.000000 3.336166 0.173349
1936.000000 3.344218 0.173767
1937.000000 3.355572 0.174243
1938.000000 3.373134 0.174660
1939.000000 3.395280 0.174885
1940.000000 3.428219 0.175404
1941.000000 3.475013 0.176852
1942.000000 3.538696 0.178651
1943.000000 3.613391 0.180655
1944.000000 3.687000 0.180076
1945.000000 3.749071 0.178502
1946.000000 3.799327 0.177165
1947.000000 3.837461 0.176616
1948.000000 3.859565 0.176948
1949.000000 3.864177 0.177726
1950.000000 3.857096 0.177890
1951.000000 3.841966 0.177684
1952.000000 3.821679 0.177537
1953.000000 3.802007 0.177689
1954.000000 3.786151 0.177960
1955.000000 3.766663 0.178591
1956.000000 3.736494 0.178419
1957.000000 3.697342 0.178883
1958.000000 3.658789 0.178211
1959.000000 3.627381 0.177488
1960.000000 3.603783 0.176483
1961.000000 3.585922 0.175969
1962.000000 3.574865 0.175516
1963.000000 3.566998 0.175211
1964.000000 3.557410 0.175080
1965.000000 3.549713 0.175133
1966.000000 3.543842 0.174686
1967.000000 3.533707 0.174317
1968.000000 3.521314 0.174002
1969.000000 3.503963 0.174050
1970.000000 3.482256 0.173979
1971.000000 3.455566 0.173818
1972.000000 3.423461 0.173596
1973.000000 3.390478 0.173125
1974.000000 3.356512 0.172996
1975.000000 3.322584 0.173712
1976.000000 3.285321 0.173114
1977.000000 3.246878 0.171882
1978.000000 3.217842 0.171176
1979.000000 3.201835 0.170681
1980.000000 3.198799 0.170339
1981.000000 3.205226 0.170123
1982.000000 3.217515 0.170124
1983.000000 3.229053 0.169703
1984.000000 3.237901 0.169506
1985.000000 3.249701 0.169646
1986.000000 3.265931 0.169726
1987.000000 3.286804 0.169728
1988.000000 3.316560 0.170318
1989.000000 3.355970 0.171156
1990.000000 3.401901 0.172599
1991.000000 3.457948 0.174249
1992.000000 3.515811 0.174721
1993.000000 3.567356 0.174737
1994.000000 3.615056 0.174306
1995.000000 3.664153 0.172462
1996.000000 3.713178 0.170915
1997.000000 3.759262 0.169837
1998.000000 3.803413 0.169581
1999.000000 3.830387 0.168877
2000.000000 3.839894 0.168155
2001.000000 3.839211 0.167200
2002.000000 3.824845 0.166661
2003.000000 3.795869 0.166276
2004.000000 3.761310 0.165671
2005.000000 3.737663 0.164745
2006.000000 3.723243 0.164145
2007.000000 3.709179 0.164110
2008.000000 3.684991 0.163509
2009.000000 3.652625 0.163322
2010.000000 3.624138 0.162426
2011.000000 3.602096 0.162086
2012.000000 3.583603 0.161195
2013.000000 3.562316 0.159917
2014.000000 3.541044 0.158924
2015.000000 3.521746 0.158239
2016.000000 3.509337 0.157836
2017.000000 3.483368 0.157855
2018.000000 3.443371 0.157904
2019.000000 3.400130 0.158033
2020.000000 3.361685 0.157648
2021.000000 3.328994 0.157095
2022.000000 3.303570 0.155862
2023.000000 3.281616 0.154944
2024.000000 3.263641 0.154593
2025.000000 3.247912 0.154261
2026.000000 3.234469 0.153567
2027.000000 3.227895 0.153073
2028.000000 3.227821 0.153043
2029.000000 3.231296 0.153216
2030.000000 3.237602 0.153009
2031.000000 3.250718 0.153159
2032.000000 3.273105 0.153705
2033.000000 3.301456 0.154195
2034.000000 3.335882 0.154853
2035.000000 3.376987 0.155669
2036.000000 3.421492 0.155384
2037.000000 3.462570 0.155272
2038.000000 3.494086 0.155435
2039.000000 3.517927 0.155918
2040.000000 3.538643 0.156342
2041.000000 3.556268 0.156876
2042.000000 3.572218 0.156870
2043.000000 3.581621 0.157264
2044.000000 3.583294 0.158238
2045.000000 3.577132 0.158938
2046.000000 3.565146 0.160040
2047.000000 3.547309 0.160967
2048.000000 3.524868 0.161735
2049.000000 3.494161 0.163387
2050.000000 3.459233 0.164640
2051.000000 3.430541 0.165261
2052.000000 3.408077 0.165103
2053.000000 3.394878 0.165991
2054.000000 3.392567 0.167589
2055.000000 3.406512 0.168439
2056.000000 3.431009 0.169629
2057.000000 3.458704 0.170590
2058.000000 3.492391 0.170471
2059.000000 3.533131 0.170636
2060.000000 3.570717 0.171099
2061.000000 3.608390 0.171440
2062.000000 3.654752 0.172306
2063.000000 3.717081 0.174242
2064.000000 3.793624 0.175613
2065.000000 3.872121 0.175388
2066.000000 3.936686 0.174797
2067.000000 3.990234 0.174588
2068.000000 4.034271 0.174712
2069.000000 4.062214 0.174895
2070.000000 4.071296 0.174560
2071.000000 4.064504 0.174193
2072.000000 4.042310 0.175124
2073.000000 4.011909 0.175206
2074.000000 3.984139 0.175267
2075.000000 3.957237 0.175401
2076.000000 3.928831 0.175449
2077.000000 3.898293 0.174957
2078.000000 3.867582 0.174734
2079.000000 3.835694 0.175122
2080.000000 3.804136 0.175951
2081.000000 3.777481 0.176331
2082.000000 3.762207 0.176105
2083.000000 3.751743 0.175810
2084.000000 3.735479 0.175696
2085.000000 3.714817 0.175480
2086.000000 3.697067 0.175586
2087.000000 3.676968 0.175027
2088.000000 3.652566 0.174862
2089.000000 3.628945 0.174901
2090.000000 3.605920 0.175524
2091.000000 3.586439 0.175469
2092.000000 3.566341 0.174887
2093.000000 3.551032 0.174404
2094.000000 3.536728 0.174074
2095.000000 3.527679 0.174310
2096.000000 3.518100 0.174363
2097.000000 3.507955 0.175035
2098.000000 3.500363 0.175113
2099.000000 3.494363 0.174800
2100.000000 3.488779 0.174900
2101.000000 3.480270 0.174960
2102.000000 3.470552 0.175355
2103.000000 3.460419 0.175746
2104.000000 3.450589 0.176078
2105.000000 3.436433 0.175869
2106.000000 3.421247 0.175961
2107.000000 3.408421 0.176325
2108.000000 3.397496 0.176533
2109.000000 3.390064 0.176586
2110.000000 3.383427 0.176816
2111.000000 3.381749 0.177263
2112.000000 3.387316 0.177878
2113.000000 3.402965 0.178439
2114.000000 3.430128 0.178928
2115.000000 3.470164 0.179573
2116.000000 3.517725 0.181087
2117.000000 3.566409 0.181472
2118.000000 3.605810 0.180199
2119.000000 3.631866 0.179015
2120.000000 3.645677 0.178772
2121.000000 3.648590 0.178887
2122.000000 3.637447 0.179320
2123.000000 3.613216 0.180011
2124.000000 3.573161 0.180587
2125.000000 3.521565 0.181210
2126.000000 3.460603 0.181484
2127.000000 3.397901 0.181505
2128.000000 3.339576 0.181553
2129.000000 3.295423 0.181568
2130.000000 3.260348 0.181251
2131.000000 3.228932 0.180731
2132.000000 3.205478 0.181154
2133.000000 3.186180 0.181276
2134.000000 3.171088 0.181390
2135.000000 3.159534 0.181515
2136.000000 3.159666 0.182053
2137.000000 3.165611 0.182538
2138.000000 3.185948 0.183511
2139.000000 3.219876 0.184168
2140.000000 3.267876 0.183367
2141.000000 3.323902 0.182188
2142.000000 3.391022 0.180822
2143.000000 3.466496 0.180076
2144.000000 3.554138 0.180453
2145.000000 3.652278 0.181226
2146.000000 3.743773 0.179826
2147.000000 3.822375 0.177361
2148.000000 3.894747 0.176804
2149.000000 3.966450 0.176761
2150.000000 4.035400 0.175668
2151.000000 4.085862 0.172934
2152.000000 4.115469 0.170959
2153.000000 4.122754 0.169610
2154.000000 4.115165 0.168713
2155.000000 4.101074 0.167557
2156.000000 4.079197 0.166630
2157.000000 4.049346 0.165983
2158.000000 4.017859 0.165471
2159.000000 3.987339 0.164737
2160.000000 3.954518 0.164032
2161.000000 3.917336 0.163309
2162.000000 3.877197 0.163148
2163.000000 3.833649 0.162356
2164.000000 3.791151 0.161034
2165.000000 3.755457 0.159942
2166.000000 3.722388 0.158911
2167.000000 3.693090 0.157479
2168.000000 3.672230 0.156210
2169.000000 3.655477 0.155384
2170.000000 3.639181 0.154285
2171.000000 3.619219 0.153489
2172.000000 3.594918 0.153259
2173.000000 3.563995 0.152838
2174.000000 3.524193 0.152209
2175.000000 3.482954 0.151430
2176.000000 3.441522 0.150687
2177.000000 3.400148 0.149871
2178.000000 3.362085 0.149380
2179.000000 3.327332 0.148792
2180.000000 3.299003 0.148260
2181.000000 3.282349 0.147670
2182.000000 3.278482 0.147295
2183.000000 3.284756 0.147267
2184.000000 3.299746 0.147138
2185.000000 3.321744 0.147182
2186.000000 3.343724 0.147351
2187.000000 3.369313 0.147440
2188.000000 3.397002 0.147791
2189.000000 3.429936 0.148497
2190.000000 3.467429 0.148902
2191.000000 3.506763 0.148491
2192.000000 3.543573 0.148203
2193.000000 3.575470 0.148361
2194.000000 3.604807 0.149428
2195.000000 3.631723 0.149392
2196.000000 3.656409 0.149904
2197.000000 3.678013 0.150153
2198.000000 3.693442 0.149762
2199.000000 3.705390 0.149721
2200.000000 3.710165 0.150095
2201.000000 3.712430 0.150617
2202.000000 3.704540 0.151299
2203.000000 3.687280 0.151861
2204.000000 3.658595 0.152906
2205.000000 3.618940 0.154572
2206.000000 3.568011 0.155891
2207.000000 3.515971 0.156609
2208.000000 3.472398 0.156069
2209.000000 3.437692 0.155727
2210.000000 3.416610 0.156043
2211.000000 3.409418 0.156246
2212.000000 3.407800 0.156711
2213.000000 3.409128 0.157220
2214.000000 3.411186 0.158130
2215.000000 3.410970 0.159439
2216.000000 3.410429 0.160697
2217.000000 3.404065 0.161047
2218.000000 3.393701 0.161783
2219.000000 3.382397 0.162655
2220.000000 3.369477 0.163671
2221.000000 3.354392 0.164557
2222.000000 3.339734 0.165303
2223.000000 3.327843 0.165907
2224.000000 3.316847 0.166354
2225.000000 3.309212 0.167168
2226.000000 3.299987 0.168020
2227.000000 3.293785 0.168417
2228.000000 3.289658 0.169533
2229.000000 3.288493 0.170563
2230.000000 3.300675 0.172009
2231.000000 3.329107 0.173847
2232.000000 3.371393 0.176309
2233.000000 3.425864 0.178567
2234.000000 3.490570 0.179495
2235.000000 3.554233 0.179553
2236.000000 3.607568 0.179349
2237.000000 3.650753 0.180102
2238.000000 3.686122 0.180715
2239.000000 3.714637 0.180695
2240.000000 3.734091 0.180577
2241.000000 3.740657 0.180911
2242.000000 3.737635 0.181786
2243.000000 3.725038 0.182409
2244.000000 3.704322 0.182433
2245.000000 3.678657 0.182691
2246.000000 3.647415 0.183796
2247.000000 3.608688 0.184910
2248.000000 3.563934 0.186299
2249.000000 3.515047 0.186384
2250.000000 3.461702 0.186572
2251.000000 3.402133 0.186900
2252.000000 3.333463 0.186062
2253.000000 3.272835 0.184444
2254.000000 3.227475 0.183402
2255.000000 3.202202 0.184084
2256.000000 3.187835 0.184522
2257.000000 3.176116 0.184379
2258.000000 3.171765 0.184432
2259.000000 3.173095 0.184543
2260.000000 3.176547 0.184992
2261.000000 3.174530 0.185117
2262.000000 3.173044 0.184587
2263.000000 3.177048 0.184764
2264.000000 3.182053 0.184317
2265.000000 3.193012 0.183875
2266.000000 3.213305 0.183411
2267.000000 3.237122 0.182977
2268.000000 3.264511 0.182467
2269.000000 3.293940 0.182876
2270.000000 3.334367 0.183679
2271.000000 3.386862 0.184426
2272.000000 3.444817 0.185224
2273.000000 3.507575 0.186070
2274.000000 3.567904 0.185764
2275.000000 3.620480 0.185271
2276.000000 3.664754 0.184447
2277.000000 3.705845 0.183999
2278.000000 3.743851 0.183991
2279.000000 3.775947 0.184161
2280.000000 3.799231 0.184469
2281.000000 3.817323 0.184249
2282.000000 3.826327 0.184271
2283.000000 3.828438 0.184447
2284.000000 3.826103 0.184711
2285.000000 3.819389 0.184637
2286.000000 3.806809 0.185154
2287.000000 3.778373 0.185836
2288.000000 3.731495 0.186759
2289.000000 3.663734 0.188492
2290.000000 3.584220 0.189245
2291.000000 3.501752 0.189390
2292.000000 3.427514 0.189090
2293.000000 3.366775 0.187647
2294.000000 3.319482 0.186556
2295.000000 3.287042 0.186242
2296.000000 3.266536 0.186346
2297.000000 3.251254 0.186543
2298.000000 3.241800 0.186578
2299.000000 3.239399 0.186516
2300.000000 3.244052 0.186690
2301.000000 3.252207 0.187166
2302.000000 3.267237 0.187253
2303.000000 3.284261 0.187378
2304.000000 3.309042 0.187828
2305.000000 3.338699 0.188184
2306.000000 3.373449 0.188764
2307.000000 3.412206 0.188509
2308.000000 3.452301 0.187879
2309.000000 3.489880 0.187860
2310.000000 3.525624 0.187848
2311.000000 3.551555 0.187076
2312.000000 3.574166 0.187424
2313.000000 3.592685 0.188114
2314.000000 3.608111 0.188342
2315.000000 3.617730 0.188635
2316.000000 3.621464 0.189048
2317.000000 3.620971 0.188579
2318.000000 3.613077 0.188133
2319.000000 3.600517 0.187360
2320.000000 3.587266 0.187073
2321.000000 3.575007 0.186879
2322.000000 3.559715 0.186289
2323.000000 3.544780 0.186134
2324.000000 3.531902 0.185723
2325.000000 3.518492 0.185184
2326.000000 3.505236 0.185290
2327.000000 3.493021 0.185288
2328.000000 3.484711 0.184633
2329.000000 3.476087 0.183998
2330.000000 3.464896 0.183768
2331.000000 3.448434 0.183354
2332.000000 3.423064 0.183451
2333.000000 3.388284 0.183728
2334.000000 3.344109 0.183579
2335.000000 3.294878 0.182760
2336.000000 3.246071 0.181954
2337.000000 3.201960 0.180643
2338.000000 3.169450 0.179434
2339.000000 3.150602 0.178496
2340.000000 3.137965 0.178448
2341.000000 3.128988 0.177628
2342.000000 3.124265 0.176568
2343.000000 3.122637 0.175943
2344.000000 3.129126 0.175341
2345.000000 3.149018 0.175187
2346.000000 3.180951 0.175430
2347.000000 3.232312 0.175491
2348.000000 3.301969 0.175177
2349.000000 3.381956 0.174796
2350.000000 3.468628 0.175221
2351.000000 3.555563 0.175498
2352.000000 3.636211 0.173668
2353.000000 3.701833 0.171332
2354.000000 3.747053 0.169456
2355.000000 3.777593 0.168280
2356.000000 3.794381 0.167684
2357.000000 3.796216 0.166522
2358.000000 3.787824 0.165550
2359.000000 3.770969 0.164836
2360.000000 3.752231 0.164263
2361.000000 3.735510 0.164174
2362.000000 3.720332 0.163888
2363.000000 3.704057 0.163337
2364.000000 3.690460 0.162437
2365.000000 3.675585 0.161925
2366.000000 3.657795 0.161537
2367.000000 3.634069 0.161296
2368.000000 3.602166 0.161221
2369.000000 3.565511 0.161127
2370.000000 3.522961 0.161129
2371.000000 3.477202 0.160805
2372.000000 3.430301 0.159842
2373.000000 3.382655 0.159175
2374.000000 3.335019 0.159200
2375.000000 3.284089 0.159213
2376.000000 3.235608 0.158913
2377.000000 3.199000 0.158802
2378.000000 3.175513 0.158440
2379.000000 3.163210 0.157708
2380.000000 3.156024 0.157138
2381.000000 3.152665 0.157413
2382.000000 3.154934 0.157424
2383.000000 3.164178 0.157201
2384.000000 3.179135 0.157235
2385.000000 3.199339 0.157792
2386.000000 3.220578 0.158735
2387.000000 3.244697 0.158985
2388.000000 3.272479 0.159245
2389.000000 3.297569 0.160002
2390.000000 3.324751 0.160588
2391.000000 3.354053 0.161300
2392.000000 3.379964 0.161541
2393.000000 3.399015 0.161976
2394.000000 3.415687 0.161967
2395.000000 3.428613 0.162445
2396.000000 3.436979 0.162884
2397.000000 3.445697 0.164093
2398.000000 3.448532 0.165150
2399.000000 3.442409 0.165393
2400.000000 3.431468 0.165896
2401.000000 3.420735 0.166244
2402.000000 3.403450 0.167316
2403.000000 3.376881 0.168825
2404.000000 3.350229 0.170049
2405.000000 3.322533 0.170808
2406.000000 3.299175 0.171769
2407.000000 3.278684 0.172343
2408.000000 3.256653 0.173760
2409.000000 3.233997 0.174942
2410.000000 3.210171 0.175600
2411.000000 3.184541 0.176660
2412.000000 3.163509 0.178109
2413.000000 3.144834 0.179451
2414.000000 3.133179 0.180324
2415.000000 3.121396 0.181138
2416.000000 3.117397 0.182267
2417.000000 3.122110 0.183745
2418.000000 3.134071 0.185188
2419.000000 3.149004 0.186520
2420.000000 3.170037 0.187885
2421.000000 3.193295 0.188881
2422.000000 3.218061 0.190525
2423.000000 3.250056 0.191497
2424.000000 3.287132 0.192717
2425.000000 3.330148 0.194151
2426.000000 3.377913 0.194958
2427.000000 3.439518 0.196549
2428.000000 3.520654 0.198656
2429.000000 3.624777 0.200781
2430.000000 3.741329 0.202294
2431.000000 3.856821 0.203293
2432.000000 3.955560 0.203662
2433.000000 4.026029 0.204067
2434.000000 4.066963 0.204531
2435.000000 4.087047 0.205094
2436.000000 4.096340 0.205351
2437.000000 4.092870 0.205840
2438.000000 4.079743 0.206381
2439.000000 4.057511 0.207184
2440.000000 4.027279 0.208503
2441.000000 3.989694 0.209603
2442.000000 3.944437 0.210971
2443.000000 3.893773 0.211890
2444.000000 3.843906 0.211206
2445.000000 3.795701 0.211103
2446.000000 3.750165 0.210853
2447.000000 3.709114 0.210445
2448.000000 3.671273 0.210387
2449.000000 3.634977 0.210404
2450.000000 3.596049 0.210313
2451.000000 3.552015 0.210310
2452.000000 3.504866 0.210498
2453.000000 3.456853 0.210564
2454.000000 3.413657 0.210460
2455.000000 3.372062 0.210172
2456.000000 3.329797 0.210007
2457.000000 3.291884 0.209991
2458.000000 3.261406 0.209521
2459.000000 3.236693 0.209201
2460.000000 3.212563 0.209285
2461.000000 3.189645 0.209177
2462.000000 3.168344 0.208860
2463.000000 3.153343 0.207889
2464.000000 3.145309 0.207527
2465.000000 3.139214 0.207095
2466.000000 3.134638 0.206703
2467.000000 3.134008 0.206772
2468.000000 3.139947 0.206648
2469.000000 3.147222 0.206209
2470.000000 3.154173 0.206000
2471.000000 3.169112 0.205874
2472.000000 3.194545 0.205816
2473.000000 3.233556 0.206099
2474.000000 3.289631 0.206075
2475.000000 3.355643 0.205932
2476.000000 3.427645 0.205984
2477.000000 3.499181 0.205419
2478.000000 3.565388 0.204671
2479.000000 3.629920 0.203727
2480.000000 3.697639 0.203663
2481.000000 3.773114 0.204115
2482.000000 3.860884 0.204429
2483.000000 3.948917 0.204144
2484.000000 4.022559 0.202416
2485.000000 4.054592 0.200823
2486.000000 4.035565 0.200410
2487.000000 3.979865 0.200667
2488.000000 3.911464 0.200224
2489.000000 3.834960 0.198729
2490.000000 3.758525 0.198071
2491.000000 3.685069 0.197690
2492.000000 3.608178 0.197078
2493.000000 3.534068 0.195719
2494.000000 3.472960 0.194219
2495.000000 3.417795 0.193333
2496.000000 3.368927 0.192029
2497.000000 3.324023 0.190886
2498.000000 3.283420 0.190306
2499.000000 3.248977 0.189152
2500.000000 3.217344 0.187095
2501.000000 3.200073 0.185418
2502.000000 3.199148 0.184115
2503.000000 3.208328 0.182923
2504.000000 3.223471 0.181957
2505.000000 3.244960 0.180987
2506.000000 3.272764 0.180340
2507.000000 3.311904 0.179411
2508.000000 3.357575 0.178072
2509.000000 3.403263 0.176934
2510.000000 3.452138 0.175804
2511.000000 3.509047 0.174786
2512.000000 3.580965 0.174348
2513.000000 3.678346 0.175040
2514.000000 3.790389 0.174613
2515.000000 3.906022 0.173201
2516.000000 4.020081 0.170927
2517.000000 4.105570 0.168021
2518.000000 4.154064 0.165991
2519.000000 4.191308 0.164323
2520.000000 4.212452 0.163182
2521.000000 4.206853 0.162608
2522.000000 4.167126 0.162791
2523.000000 4.116326 0.162298
2524.000000 4.080122 0.160795
2525.000000 4.067320 0.159927
2526.000000 4.063369 0.158829
2527.000000 4.059191 0.158233
2528.000000 4.040330 0.158098
2529.000000 4.006375 0.157784
2530.000000 3.959182 0.157437
2531.000000 3.894262 0.158199
2532.000000 3.805584 0.158866
2533.000000 3.719417 0.157550
2534.000000 3.659386 0.155178
2535.000000 3.614768 0.155068
2536.000000 3.565184 0.155355
2537.000000 3.502467 0.155700
2538.000000 3.433660 0.154920
2539.000000 3.366572 0.153689
2540.000000 3.301532 0.152406
2541.000000 3.234977 0.152214
2542.000000 3.172090 0.151724
2543.000000 3.122882 0.150494
2544.000000 3.090395 0.148992
2545.000000 3.073216 0.148241
2546.000000 3.067351 0.147641
2547.000000 3.065671 0.147110
2548.000000 3.067891 0.147031
2549.000000 3.066792 0.146661
2550.000000 3.068410 0.146117
2551.000000 3.068697 0.145372
2552.000000 3.067258 0.145295
2553.000000 3.079633 0.144499
2554.000000 3.116327 0.144410
2555.000000 3.168509 0.144490
2556.000000 3.216417 0.144007
2557.000000 3.254066 0.142723
2558.000000 3.286266 0.141670
2559.000000 3.315358 0.140889
2560.000000 3.341292 0.140572
2561.000000 3.366239 0.139951
2562.000000 3.392383 0.139939
2563.000000 3.412817 0.140046
2564.000000 3.427018 0.139671
2565.000000 3.435282 0.139409
2566.000000 3.440234 0.139369
2567.000000 3.437982 0.139514
2568.000000 3.429235 0.139882
2569.000000 3.407073 0.140489
2570.000000 3.376795 0.140366
2571.000000 3.342706 0.139943
2572.000000 3.311202 0.139944
2573.000000 3.278897 0.140390
2574.000000 3.246324 0.140996
2575.000000 3.212650 0.141252
2576.000000 3.179545 0.141449
2577.000000 3.150499 0.142223
2578.000000 3.130319 0.142932
2579.000000 3.115235 0.143516
2580.000000 3.098771 0.144642
2581.000000 3.072174 0.146198
2582.000000 3.042306 0.147020
2583.000000 3.019668 0.147352
2584.000000 3.005745 0.148100
2585.000000 3.009088 0.148823
2586.000000 3.028521 0.150219
2587.000000 3.058982 0.151764
2588.000000 3.093732 0.153050
2589.000000 3.126772 0.154175
2590.000000 3.158218 0.154898
2591.000000 3.187826 0.156371
2592.000000 3.224753 0.158066
2593.000000 3.270836 0.159790
2594.000000 3.323282 0.161305
2595.000000 3.377166 0.161815
2596.000000 3.427140 0.162489
2597.000000 3.471398 0.163838
2598.000000 3.516180 0.164993
2599.000000 3.561643 0.166878
2600.000000 3.608904 0.169012
2601.000000 3.657375 0.170455
2602.000000 3.694438 0.171517
2603.000000 3.711516 0.171716
2604.000000 3.711157 0.172164
2605.000000 3.693937 0.173024
2606.000000 3.666368 0.174136
2607.000000 3.631821 0.175172
2608.000000 3.589969 0.175453
2609.000000 3.548083 0.175994
2610.000000 3.512428 0.176986
2611.000000 3.478740 0.178368
2612.000000 3.445783 0.179195
2613.000000 3.406262 0.179709
2614.000000 3.368966 0.179798
2615.000000 3.335052 0.180410
2616.000000 3.297193 0.180938
2617.000000 3.256199 0.181322
2618.000000 3.217242 0.181646
2619.000000 3.183926 0.181862
2620.000000 3.152534 0.181769
2621.000000 3.121216 0.182094
2622.000000 3.093528 0.182835
2623.000000 3.072458 0.183315
2624.000000 3.059195 0.183029
2625.000000 3.057777 0.182981
2626.000000 3.066672 0.182995
2627.000000 3.079121 0.183077
2628.000000 3.092718 0.183067
2629.000000 3.112643 0.183074
2630.000000 3.139992 0.183561
2631.000000 3.168792 0.183463
2632.000000 3.201161 0.183106
2633.000000 3.230442 0.182311
2634.000000 3.263090 0.182018
2635.000000 3.301598 0.182706
2636.000000 3.350022 0.183553
2637.000000 3.407324 0.183830
2638.000000 3.465568 0.183136
2639.000000 3.520495 0.182306
2640.000000 3.569138 0.181468
2641.000000 3.612237 0.181282
2642.000000 3.645940 0.181406
2643.000000 3.676832 0.181088
2644.000000 3.700434 0.180375
2645.000000 3.706170 0.180393
2646.000000 3.688478 0.180198
2647.000000 3.648774 0.179772
2648.000000 3.590875 0.179479
2649.000000 3.522519 0.179335
2650.000000 3.450866 0.179715
2651.000000 3.380161 0.179506
2652.000000 3.323694 0.179059
2653.000000 3.275001 0.178162
2654.000000 3.227776 0.178023
2655.000000 3.181450 0.178206
2656.000000 3.136121 0.177375
2657.000000 3.098460 0.176192
2658.000000 3.068650 0.175888
2659.000000 3.052044 0.175737
2660.000000 3.043140 0.175569
2661.000000 3.038083 0.175330
2662.000000 3.032943 0.174950
2663.000000 3.031688 0.174962
2664.000000 3.034233 0.174731
2665.000000 3.039295 0.174189
2666.000000 3.043924 0.174101
2667.000000 3.047436 0.174184
2668.000000 3.052817 0.173970
2669.000000 3.063615 0.174038
2670.000000 3.079035 0.174106
2671.000000 3.095611 0.174688
2672.000000 3.111908 0.175179
2673.000000 3.127738 0.175552
2674.000000 3.146228 0.175916
2675.000000 3.168687 0.176246
2676.000000 3.190633 0.177101
2677.000000 3.215645 0.177856
2678.000000 3.244368 0.179272
2679.000000 3.278539 0.180360
2680.000000 3.317731 0.181793
2681.000000 3.364007 0.182342
2682.000000 3.418877 0.182602
2683.000000 3.479974 0.182724
2684.000000 3.542029 0.183196
2685.000000 3.596916 0.183430
2686.000000 3.641067 0.183265
2687.000000 3.672048 0.183770
2688.000000 3.687353 0.184957
2689.000000 3.684747 0.186827
2690.000000 3.669351 0.187843
2691.000000 3.645225 0.188051
2692.000000 3.624743 0.188671
2693.000000 3.608951 0.189250
2694.000000 3.594875 0.190335
2695.000000 3.584378 0.190774
2696.000000 3.576226 0.190965
2697.000000 3.570928 0.192003
2698.000000 3.566583 0.193874
2699.000000 3.564193 0.195681
2700.000000 3.569654 0.198108
2701.000000 3.588653 0.200863
2702.000000 3.622198 0.204724
2703.000000 3.663267 0.208404
2704.000000 3.710082 0.211007
2705.000000 3.761110 0.212297
2706.000000 3.811534 0.212899
2707.000000 3.859436 0.213175
2708.000000 3.902843 0.213177
2709.000000 3.942829 0.212459
2710.000000 3.976449 0.212384
2711.000000 4.005507 0.212524
2712.000000 4.029978 0.212658
2713.000000 4.050097 0.213323
2714.000000 4.065568 0.214738
2715.000000 4.077391 0.216954
2716.000000 4.084727 0.220271
2717.000000 4.087034 0.225092
2718.000000 4.087340 0.230283
2719.000000 4.085419 0.235902
2720.000000 4.081109 0.241743
