depth(m) lower_95(kyr) lower_68(kyr) median(kyr) mean(kyr) upper_68(kyr) upper_95(kyr)
3.400000 99.438509 100.359384 101.334486 101.312006 102.263147 103.175424
3.450000 100.797642 101.707383 102.787862 102.817472 103.883924 105.290082
3.500000 101.968523 103.033574 104.306519 104.462461 105.993230 107.625593
3.550000 103.198877 104.378562 106.014815 106.128309 107.861618 109.739747
3.600000 104.520913 105.996861 107.948369 107.963990 109.852887 111.423983
3.650000 106.030684 107.747064 109.879886 109.784019 111.665566 113.196530
3.700000 107.723467 109.825781 111.840849 111.652532 113.339027 114.798610
3.750000 110.101188 112.329179 113.940172 113.783605 115.197153 116.635424
3.800000 114.278659 115.679510 116.918358 116.950842 118.294212 119.760012
3.850000 115.968477 117.253814 118.582150 118.606703 119.900673 121.397710
3.900000 117.492546 118.967294 120.362386 120.500655 122.094302 124.191202
3.950000 118.606891 120.482097 122.293204 122.359513 124.519304 125.910591
4.000000 119.510171 121.725526 124.046411 124.069047 126.433408 127.991627
4.050000 121.275641 123.379961 125.347181 125.410213 127.537729 129.408744
4.100000 122.707085 124.925094 126.822262 126.852577 128.712322 131.016843
4.150000 124.689367 126.596182 128.620872 128.650174 130.812790 132.745174
4.200000 128.473173 130.021892 132.034680 131.913482 133.754183 135.000735
4.250000 130.944577 132.983202 134.563901 134.436864 135.919018 137.141938
4.300000 133.429195 134.754571 136.072212 135.976400 137.109500 138.279749
4.350000 134.651801 136.075882 137.246419 137.211751 138.379725 139.348902
4.400000 135.805506 137.100239 138.307904 138.247710 139.354513 140.298772
4.450000 136.749101 138.103040 139.195942 139.180760 140.271070 141.282412
4.500000 137.734204 139.100140 140.087005 140.125356 141.218584 142.422774
4.550000 138.923671 140.050879 141.091808 141.140489 142.238491 143.623575
4.600000 139.908943 140.987633 142.092963 142.227412 143.426252 145.478651
4.650000 141.102361 141.964352 143.204344 143.357185 144.731981 146.646618
4.700000 141.879267 142.838245 144.201065 144.420998 146.006709 148.081027
4.750000 142.649817 143.690753 145.208748 145.503376 147.398738 149.967841
4.800000 143.387513 144.482828 146.282429 146.570935 148.667635 151.229838
4.850000 144.114425 145.340722 147.284081 147.566286 149.878801 152.516986
4.900000 144.780133 146.082987 148.305367 148.553506 151.215020 153.657239
4.950000 145.510258 146.808883 149.283407 149.494793 152.308557 154.667005
5.000000 146.161182 147.691239 150.226061 150.389091 153.182523 155.600112
5.050000 146.942318 148.457571 151.115468 151.244878 154.011611 156.520405
5.178571 148.822692 150.421103 153.149048 153.197326 155.881407 158.289746
5.307143 150.719565 152.480872 155.059903 155.087617 157.687837 160.085933
5.435714 152.411610 154.450940 156.932773 156.926408 159.348459 161.618849
5.564286 154.319237 156.325794 158.848117 158.775785 161.051921 163.196800
5.692857 156.367242 158.353372 160.666419 160.588529 162.682672 164.695766
5.821429 158.360383 160.298326 162.497008 162.404361 164.457418 166.108754
5.950000 160.303699 162.371849 164.289266 164.277722 166.191508 167.874179
6.000000 161.472090 163.259107 165.100709 165.116264 166.933673 168.487938
6.050000 162.474592 164.258165 165.967219 165.951183 167.710361 169.161652
6.100000 163.392849 165.167774 166.801125 166.815361 168.449103 170.011448
6.150000 164.462570 166.028642 167.697232 167.724685 169.368868 170.860340
6.200000 165.398311 167.090476 168.629621 168.665906 170.204520 171.780739
6.250000 166.511623 168.113603 169.675379 169.666669 171.126379 172.966475
6.300000 167.402093 169.199172 170.668924 170.694430 172.124746 173.976124
6.350000 168.560834 170.322479 171.658089 171.761791 173.166792 175.314044
6.400000 169.751774 171.355210 172.652366 172.826315 174.284824 176.608880
6.450000 170.750837 172.272535 173.704223 173.867805 175.451976 178.158668
6.500000 171.741362 173.232890 174.755964 174.927282 176.529991 179.665710
6.550000 172.563499 174.236303 175.755987 175.968493 177.617253 180.919432
6.600000 173.741827 175.280307 176.763594 177.033845 178.746861 182.113825
6.650000 174.979816 176.456537 177.871327 178.176198 179.783484 183.186500
6.700000 175.997121 177.502814 179.068946 179.313438 180.950832 184.677663
6.750000 176.981604 178.465577 180.172559 180.386538 182.220395 185.523867
6.800000 177.954303 179.548284 181.266128 181.500461 183.443111 186.602298
6.850000 179.175517 180.599313 182.375908 182.604966 184.638527 187.517157
6.900000 180.341310 181.777172 183.515044 183.745933 185.853775 188.393966
7.000000 182.284444 183.838822 185.642078 185.842393 187.841378 190.387854
7.100000 184.547323 186.016487 187.753479 187.919668 189.863270 192.016201
7.200000 187.113211 188.580921 189.990148 190.158599 191.836293 193.767695
7.250000 188.582127 190.087409 191.438826 191.588933 193.205673 194.861161
7.300000 190.476336 191.706805 193.111065 193.242082 194.857469 196.098970
7.350000 192.070543 193.226716 194.770038 194.764290 196.260141 197.535734
7.400000 193.485278 194.656796 196.113694 196.103074 197.458650 198.773211
7.450000 194.758471 196.192212 197.404764 197.403896 198.579626 200.096690
7.500000 196.431543 197.716894 198.843875 198.870061 199.982141 201.331075
7.550000 197.899158 199.023988 199.982215 200.116210 201.236795 202.844589
7.600000 199.121721 200.083432 201.156578 201.333862 202.600247 204.844732
7.650000 200.314875 201.253197 202.388855 202.716758 204.295417 207.065547
7.700000 201.345563 202.341822 203.913983 204.294113 206.430196 208.787129
7.750000 202.439598 203.853038 206.014000 206.135736 208.388979 210.390134
7.800000 204.029323 205.709092 207.971867 207.881536 209.899735 211.798505
7.850000 205.663567 207.796266 209.716272 209.650543 211.472655 213.122337
7.900000 207.881334 209.908132 211.492097 211.404222 212.957164 214.583100
7.950000 209.732887 211.574647 213.060388 213.039473 214.469573 215.882532
8.000000 211.747268 213.376588 214.729433 214.684389 216.076727 217.245414
8.050000 213.757882 215.299759 216.551718 216.496412 217.765362 218.882701
8.100000 216.452536 217.632751 218.666235 218.727536 219.804858 221.333445
8.150000 218.314383 219.405131 220.594751 220.750639 222.118521 223.762543
8.200000 220.084182 221.100328 222.560760 222.658167 224.213198 225.728015
8.250000 221.255355 222.737937 224.220808 224.282512 225.917547 227.331234
8.300000 222.455904 224.182037 225.921339 225.870941 227.564636 229.005023
8.350000 223.721518 225.665194 227.442476 227.354030 229.091277 230.516861
8.400000 225.162000 227.201618 228.957820 228.868897 230.626225 231.719086
8.450000 226.598008 228.665871 230.474717 230.338352 232.023144 233.061269
8.500000 228.796027 230.542972 232.228402 232.029517 233.437674 234.341121
8.550000 231.202742 232.530732 233.925040 233.758203 234.890415 235.878436
8.600000 232.929232 234.300773 235.379037 235.290888 236.264040 237.320676
8.650000 234.906931 235.844643 236.854673 236.843994 237.814627 238.978676
8.700000 236.454637 237.347767 238.246933 238.293918 239.314051 240.351025
8.750000 237.749106 238.688735 239.603270 239.689682 240.768983 241.821708
8.800000 238.844006 240.040256 241.209400 241.176838 242.296108 243.507929
8.850000 240.766266 241.931866 243.025937 243.006806 244.057997 245.128466
8.900000 242.511065 243.677186 244.695988 244.714360 245.758404 246.902824
8.950000 244.073745 245.148999 246.173947 246.202757 247.255897 248.535175
9.000000 245.408716 246.478088 247.533002 247.608824 248.771967 250.188796
9.050000 246.674730 247.726119 248.848587 248.954960 250.184376 251.989727
9.100000 247.654022 248.886805 250.076921 250.202133 251.493886 253.915629
9.150000 249.046827 250.139965 251.394523 251.528629 252.828958 255.290045
9.200000 250.218896 251.353572 252.678667 252.812334 254.203825 256.742753
9.250000 251.328461 252.560724 253.919655 254.115892 255.609320 258.225891
9.300000 252.566486 253.747632 255.199243 255.472769 257.324351 260.005413
9.350000 253.692560 255.042015 256.512385 256.858670 258.707787 262.269084
9.400000 254.985545 256.277389 257.927265 258.345148 260.517282 263.924094
9.450000 256.193721 257.543847 259.451505 259.895637 262.431319 265.643996
9.500000 257.432452 258.925212 261.130086 261.543571 264.479302 267.517662
9.550000 258.556149 260.452550 263.007579 263.337176 266.516639 269.236265
9.600000 259.903258 262.159111 265.099841 265.216987 268.364144 270.789791
9.650000 261.251141 264.154618 267.410468 267.223724 270.244952 272.458707
9.700000 262.955004 266.291872 269.454442 269.142451 271.776017 273.846232
9.750000 264.946196 268.566812 271.461196 271.109983 273.455427 275.319542
9.800000 268.109253 271.198490 273.446347 273.230441 275.377191 277.174242
9.850000 270.079216 273.400837 275.303704 275.176577 277.198271 278.524889
9.900000 273.171455 275.432981 277.291870 277.125434 278.905502 279.968292
9.950000 275.958859 277.766154 279.397908 279.200406 280.541417 281.648739
10.000000 278.278131 280.071940 281.215952 281.150535 282.258566 283.523097
10.050000 280.530827 281.496383 282.669185 282.740829 283.867023 285.509664
10.100000 281.891305 283.015576 284.136663 284.212237 285.435114 287.184519
10.150000 283.361275 284.540237 285.758646 285.792105 287.074696 288.525026
10.200000 284.907476 286.174129 287.472885 287.478810 288.720301 290.163629
10.250000 286.835303 288.152096 289.426292 289.478957 290.812942 292.248396
10.300000 288.667597 289.846216 291.178590 291.306690 292.842651 294.398010
10.350000 290.548323 291.576738 293.119400 293.210937 294.878001 296.331566
10.400000 292.175694 293.734051 295.310592 295.233084 296.714970 298.055901
10.450000 294.349729 296.075498 297.390012 297.245343 298.404327 299.425190
10.500000 297.443988 298.342227 299.254267 299.246316 300.093683 301.023847
