depth(m) lower_95(kyr) lower_68(kyr) median(kyr) mean(kyr) upper_68(kyr) upper_95(kyr)
201.840000 1515.035405 1521.597768 1524.384192 1523.707460 1526.178031 1527.269012
201.940000 1515.776916 1522.177545 1524.910508 1524.168790 1526.638773 1527.595444
202.040000 1516.316073 1522.689874 1525.315390 1524.633576 1527.002948 1527.926044
202.140000 1516.802097 1523.229069 1525.747582 1525.080335 1527.400625 1528.338380
202.240000 1517.501216 1523.716851 1526.129568 1525.510257 1527.738617 1528.677107
202.340000 1518.367153 1524.253280 1526.572742 1525.953784 1528.105795 1528.979977
202.440000 1519.668708 1524.690890 1526.934637 1526.388295 1528.482427 1529.287544
202.540000 1520.573588 1525.194305 1527.313434 1526.828510 1528.840659 1529.613734
202.640000 1521.377314 1525.608723 1527.692022 1527.241643 1529.157926 1529.932625
202.740000 1522.819212 1526.058160 1528.084108 1527.665590 1529.476679 1530.216296
202.840000 1523.245745 1526.499070 1528.479090 1528.097566 1529.820254 1530.592008
202.940000 1524.169096 1526.895009 1528.819298 1528.531688 1530.142416 1530.915675
203.040000 1525.026130 1527.325250 1529.212903 1528.948556 1530.525005 1531.287941
203.140000 1525.840522 1527.762680 1529.617982 1529.373340 1530.879547 1531.651078
203.240000 1526.478643 1528.203488 1530.042712 1529.797074 1531.243686 1532.021359
203.340000 1527.051786 1528.736385 1530.473352 1530.244006 1531.609295 1532.454139
203.440000 1527.805881 1529.185203 1530.842602 1530.667990 1531.970472 1532.807043
203.540000 1528.336617 1529.716240 1531.271077 1531.102967 1532.329540 1533.217327
203.640000 1528.659285 1530.223143 1531.702609 1531.551584 1532.763765 1533.563434
203.740000 1529.311048 1530.791110 1532.119207 1532.002544 1533.177439 1533.998237
203.840000 1529.829674 1531.289531 1532.522915 1532.446950 1533.558252 1534.463690
203.940000 1530.368949 1531.827672 1532.991670 1532.916303 1533.944838 1535.061879
204.040000 1531.078743 1532.361960 1533.520197 1533.437269 1534.435309 1535.591387
204.140000 1531.706037 1532.986037 1534.054004 1533.975197 1534.943953 1536.157087
204.240000 1532.362180 1533.516105 1534.511198 1534.527929 1535.547795 1536.738894
204.340000 1532.848323 1534.003687 1535.033674 1535.052309 1536.101574 1537.380087
204.440000 1533.331847 1534.471073 1535.510097 1535.565330 1536.701929 1537.911442
204.540000 1533.845064 1534.953160 1536.006260 1536.078935 1537.218102 1538.408784
204.650000 1534.280848 1535.357957 1536.527571 1536.589546 1537.796005 1538.989890
204.760000 1534.739895 1535.844062 1537.027741 1537.093489 1538.463495 1539.432443
204.840000 1535.047096 1536.161264 1537.368913 1537.438382 1538.844928 1539.768900
204.950000 1535.560451 1536.621756 1537.834555 1537.903573 1539.326735 1540.296454
205.060000 1536.068489 1537.049132 1538.320202 1538.376863 1539.759939 1540.674533
205.160000 1536.374092 1537.451810 1538.849313 1538.837289 1540.212402 1541.072398
205.260000 1536.846603 1537.917022 1539.321673 1539.277062 1540.575054 1541.461430
205.360000 1537.241428 1538.436567 1539.806033 1539.733623 1540.999534 1541.944314
205.460000 1537.618906 1538.945859 1540.298476 1540.204157 1541.427601 1542.409063
205.560000 1538.036586 1539.453782 1540.774027 1540.679793 1541.881576 1542.776939
205.660000 1538.516413 1539.969608 1541.256079 1541.165254 1542.349260 1543.212347
205.760000 1539.053266 1540.482467 1541.803646 1541.689797 1542.825767 1543.734526
205.860000 1539.572142 1540.929392 1542.343027 1542.200042 1543.330054 1544.440469
205.960000 1540.055689 1541.472702 1542.793084 1542.683842 1543.802475 1545.009898
206.080000 1540.482221 1542.017171 1543.323772 1543.238436 1544.388770 1545.786262
206.200000 1541.028903 1542.555684 1543.806768 1543.795766 1545.002112 1546.674524
206.320000 1541.510379 1543.073719 1544.308749 1544.349441 1545.543660 1547.503550
206.440000 1542.177829 1543.640789 1544.850736 1544.932257 1546.173836 1548.264087
206.560000 1542.763575 1544.193041 1545.402580 1545.532479 1546.870679 1549.076319
206.680000 1543.247402 1544.725018 1546.050255 1546.206084 1547.808192 1549.940118
206.800000 1543.771970 1545.267440 1546.661305 1546.903317 1548.676293 1550.855738
206.920000 1544.368534 1545.898772 1547.337600 1547.611787 1549.434656 1551.672166
207.040000 1545.037951 1546.452698 1548.037919 1548.326632 1550.387649 1552.434287
207.160000 1545.640986 1547.051702 1548.747771 1549.040483 1551.267302 1553.245067
207.260000 1546.104519 1547.481383 1549.354105 1549.575808 1551.834374 1553.759635
207.360000 1546.473179 1547.943048 1549.906303 1550.121748 1552.485006 1554.338337
207.460000 1546.977937 1548.408970 1550.490677 1550.679823 1553.068669 1554.960348
207.560000 1547.457187 1548.833166 1551.130034 1551.270299 1553.734712 1555.708664
207.660000 1547.893433 1549.400885 1551.770683 1551.850461 1554.257005 1556.376093
207.760000 1548.319071 1549.992458 1552.446334 1552.472860 1554.913712 1556.938269
207.860000 1548.726310 1550.580237 1553.120038 1553.086140 1555.447649 1557.498205
207.960000 1549.235722 1551.183679 1553.864010 1553.729827 1556.086339 1557.987515
208.060000 1549.613366 1551.865526 1554.554526 1554.388482 1556.749476 1558.561288
208.180000 1550.335682 1552.665838 1555.420923 1555.307054 1557.666319 1559.672437
208.300000 1550.953974 1553.708955 1556.520255 1556.280066 1558.767215 1560.787153
208.420000 1551.465692 1554.703001 1557.561236 1557.295969 1559.775956 1561.959437
208.540000 1552.102410 1555.699294 1558.589235 1558.244881 1560.762090 1562.708887
208.660000 1552.514322 1556.854849 1559.604730 1559.253488 1561.813125 1563.623436
208.780000 1552.945106 1557.799625 1560.619285 1560.176716 1562.787640 1564.534549
208.900000 1553.390833 1558.727816 1561.509733 1561.047117 1563.657352 1565.130343
209.020000 1553.801382 1559.711093 1562.465418 1561.927768 1564.465600 1565.868978
209.140000 1554.229131 1560.724312 1563.416256 1562.779393 1565.174922 1566.413052
209.260000 1554.512933 1561.770837 1564.311352 1563.614537 1565.925756 1567.049774
209.360000 1554.971569 1562.442448 1565.101420 1564.292553 1566.482017 1567.669707
209.460000 1555.431760 1563.047036 1565.809648 1564.931866 1567.092085 1568.311236
209.560000 1555.836186 1563.765626 1566.439501 1565.538620 1567.709972 1569.002137
209.660000 1556.240800 1564.417029 1567.012632 1566.128296 1568.241543 1569.668889
209.760000 1556.649115 1564.899419 1567.447907 1566.659510 1568.786402 1570.343127
209.860000 1557.221811 1565.560188 1567.870142 1567.156357 1569.284289 1570.895900
209.996364 1558.307805 1566.247747 1568.345999 1567.736901 1569.793276 1571.661098
210.132727 1559.452396 1566.791187 1568.797614 1568.304897 1570.286582 1572.490770
210.269091 1560.478237 1567.313477 1569.262773 1568.844280 1570.777173 1573.335697
210.405455 1561.762631 1567.801416 1569.681757 1569.366521 1571.272531 1573.877942
210.541818 1563.003035 1568.300751 1570.122031 1569.878006 1571.774013 1574.677495
210.678182 1563.968923 1568.772543 1570.539327 1570.377641 1572.230143 1575.353253
210.814545 1565.034970 1569.325947 1570.952566 1570.896683 1572.674051 1575.930246
210.950909 1566.219718 1569.831817 1571.386434 1571.401228 1573.115825 1576.596109
211.087273 1567.522720 1570.376154 1571.784938 1571.900178 1573.544321 1577.124612
211.223636 1568.346878 1570.841047 1572.218492 1572.405979 1574.062678 1577.618013
211.360000 1569.556246 1571.364931 1572.642845 1572.899271 1574.481901 1578.123416
211.460000 1570.060770 1571.755910 1572.989948 1573.275285 1574.902368 1578.319498
211.560000 1570.532048 1572.112378 1573.340960 1573.641661 1575.234671 1578.850731
211.660000 1571.007703 1572.459187 1573.704515 1574.007154 1575.608710 1579.368172
211.794286 1571.720726 1572.886441 1574.123292 1574.465335 1576.013177 1579.853021
211.928571 1572.160673 1573.305051 1574.554750 1574.906125 1576.428765 1580.146686
212.062857 1572.577533 1573.703075 1575.011095 1575.369818 1576.999105 1581.035685
212.197143 1572.989784 1574.126125 1575.388306 1575.805123 1577.476137 1581.701048
212.331429 1573.400045 1574.488161 1575.804686 1576.251249 1578.025861 1582.279090
212.465714 1573.923275 1574.887240 1576.245428 1576.702529 1578.456005 1582.927405
212.600000 1574.272517 1575.325214 1576.679210 1577.168348 1579.029949 1583.306556
212.740000 1574.609302 1575.776410 1577.148201 1577.696782 1579.694484 1584.366296
212.880000 1575.016286 1576.202041 1577.606149 1578.234493 1580.359094 1584.891111
213.020000 1575.374913 1576.640492 1578.065239 1578.770692 1581.098271 1585.491259
213.160000 1575.825953 1577.107676 1578.536974 1579.318850 1581.895559 1586.372488
213.300000 1576.166211 1577.520940 1578.998424 1579.866301 1582.656952 1587.029236
213.440000 1576.605329 1577.959790 1579.507135 1580.428709 1583.498686 1587.633393
213.580000 1577.060375 1578.388705 1579.998454 1580.985909 1584.483486 1588.184781
213.720000 1577.543281 1578.809304 1580.441578 1581.523070 1585.331143 1589.028777
213.860000 1577.899008 1579.298658 1580.945518 1582.097157 1586.493360 1589.886861
214.000000 1578.340913 1579.737159 1581.458402 1582.673331 1587.256467 1590.734177
214.140000 1578.789065 1580.212522 1581.976376 1583.260768 1588.254434 1591.344393
214.280000 1579.237748 1580.727772 1582.567245 1583.868165 1589.106822 1591.957263
214.420000 1579.651406 1581.193141 1583.177015 1584.481879 1589.812256 1592.669575
214.560000 1580.142711 1581.760982 1583.795423 1585.139616 1590.625106 1593.265378
214.700000 1580.618647 1582.308656 1584.438974 1585.817210 1591.381858 1593.901822
214.835000 1581.138458 1582.881548 1585.197059 1586.521916 1592.162523 1594.456551
214.970000 1581.630549 1583.531182 1585.989482 1587.248526 1592.747663 1595.155047
215.098571 1582.202690 1584.181616 1587.125457 1588.080906 1593.307976 1595.685852
215.227143 1582.702681 1584.937660 1588.279659 1588.906435 1593.899338 1596.353134
215.355714 1583.204511 1585.646331 1589.540982 1589.818571 1594.493178 1596.873313
215.484286 1583.829349 1586.505933 1590.752786 1590.713015 1595.131703 1597.468143
215.612857 1584.495646 1587.165446 1592.176323 1591.691918 1595.761051 1598.071596
215.741429 1585.157848 1587.888550 1593.371614 1592.632541 1596.429949 1598.597213
215.870000 1585.811090 1588.649488 1594.512677 1593.526060 1597.106875 1599.250815
215.970000 1586.247497 1589.385074 1595.244737 1594.251623 1597.650691 1599.721281
216.070000 1587.182880 1590.394528 1596.081243 1594.998793 1598.422408 1600.311751
216.170000 1587.949088 1591.140688 1596.981749 1595.733162 1599.056434 1600.861274
216.298571 1589.206721 1592.382667 1597.660924 1596.641355 1599.846571 1601.494934
216.427143 1590.487001 1593.794066 1598.397141 1597.570041 1600.604215 1602.099204
216.555714 1591.911824 1595.055765 1599.129903 1598.465392 1601.314714 1602.673794
216.684286 1592.941229 1596.635438 1599.967723 1599.408237 1602.072731 1603.294657
216.812857 1594.549348 1597.849161 1600.731934 1600.305143 1602.695077 1603.875950
216.941429 1596.249453 1599.088041 1601.518370 1601.173225 1603.219375 1604.493738
217.070000 1597.870789 1600.277313 1602.291758 1602.021179 1603.818226 1604.915671
217.170000 1598.479932 1600.914715 1602.863701 1602.565727 1604.233168 1605.402998
217.270000 1599.238197 1601.470105 1603.391739 1603.095617 1604.713123 1605.855111
217.370000 1599.801223 1602.086397 1603.922901 1603.625551 1605.134629 1606.245405
217.470000 1600.481735 1602.724809 1604.383632 1604.160215 1605.624570 1606.633151
217.570000 1601.137780 1603.293049 1604.847671 1604.668296 1606.083655 1607.099253
217.670000 1601.921053 1603.853027 1605.331665 1605.171979 1606.541298 1607.546307
217.770000 1602.590838 1604.477014 1605.844847 1605.710057 1606.991373 1607.969249
217.870000 1603.340464 1605.077812 1606.364150 1606.262073 1607.505865 1608.458318
217.970000 1603.978492 1605.682464 1606.866977 1606.818742 1608.000846 1608.939402
218.070000 1604.558916 1606.302845 1607.472023 1607.407202 1608.575606 1609.625498
218.170000 1605.360651 1606.909716 1608.050707 1607.997413 1609.136971 1610.261090
218.270000 1606.123503 1607.425554 1608.605202 1608.574494 1609.741950 1610.882673
218.390000 1606.741904 1608.005859 1609.186639 1609.201046 1610.417644 1611.813245
218.510000 1607.415164 1608.561268 1609.729609 1609.816157 1611.069173 1612.627559
218.630000 1608.086726 1609.148694 1610.302634 1610.459641 1611.790143 1613.807468
218.750000 1608.643560 1609.715310 1610.864512 1611.092976 1612.512311 1614.876905
218.870000 1609.174588 1610.276228 1611.431401 1611.711701 1613.202159 1615.875784
218.970000 1609.544835 1610.678041 1611.895374 1612.199219 1613.769002 1616.635604
219.070000 1609.950729 1611.074507 1612.361098 1612.702269 1614.229778 1617.560047
219.170000 1610.434397 1611.503468 1612.811204 1613.203593 1614.875965 1618.276360
219.270000 1610.681084 1611.940523 1613.263582 1613.698914 1615.555708 1619.161165
219.370000 1611.118504 1612.293236 1613.665052 1614.191875 1616.203284 1619.766409
219.470000 1611.518915 1612.709758 1614.138348 1614.699088 1616.787121 1620.406615
219.570000 1611.926810 1613.140034 1614.598304 1615.221643 1617.473016 1621.489546
219.670000 1612.265346 1613.541812 1615.122908 1615.758723 1618.241577 1622.018511
219.770000 1612.662163 1613.996961 1615.562905 1616.279356 1618.971843 1622.607634
219.890000 1613.011552 1614.458662 1616.091732 1616.882115 1619.777975 1623.512598
220.010000 1613.415663 1614.889747 1616.605945 1617.478731 1620.839901 1624.396266
220.130000 1613.862235 1615.369544 1617.049850 1618.085030 1621.785390 1625.590662
220.250000 1614.327861 1615.828185 1617.531135 1618.667051 1622.718789 1626.467237
220.370000 1614.764896 1616.278262 1617.951811 1619.235153 1623.634460 1627.216260
220.470000 1615.128853 1616.692318 1618.382595 1619.726631 1624.237908 1627.824964
220.570000 1615.523466 1617.092019 1618.783944 1620.180264 1624.677889 1628.589514
220.670000 1615.986471 1617.470303 1619.175200 1620.631866 1625.208385 1629.194451
220.798571 1616.556353 1617.922478 1619.713118 1621.203063 1625.827598 1630.060994
220.927143 1617.029674 1618.456324 1620.240324 1621.768443 1626.516976 1630.890328
221.055714 1617.511026 1618.988825 1620.790534 1622.338427 1627.112492 1631.729798
221.184286 1618.152148 1619.493219 1621.380821 1622.937643 1627.653545 1632.323559
221.312857 1618.684627 1620.006745 1622.033032 1623.512644 1628.112046 1633.090381
221.441429 1619.297378 1620.480304 1622.558940 1624.083207 1628.814092 1633.974671
221.570000 1619.804338 1621.078692 1623.212251 1624.678600 1629.406970 1634.854461
221.695714 1620.263681 1621.544297 1623.758775 1625.251503 1630.159741 1635.462050
221.821429 1620.816358 1622.010049 1624.509295 1625.838315 1630.679934 1636.245264
221.947143 1621.369413 1622.568695 1625.115028 1626.397411 1631.131833 1636.815235
222.072857 1621.837004 1623.098423 1625.759236 1626.984550 1631.866780 1637.436871
222.198571 1622.386603 1623.599130 1626.322813 1627.555565 1632.342917 1637.921169
222.324286 1622.880668 1624.203068 1626.964700 1628.140910 1632.795953 1638.686255
222.450000 1623.453116 1624.726512 1627.695355 1628.753490 1633.280137 1639.517856
222.550000 1623.990640 1625.214448 1628.153910 1629.275501 1633.655674 1640.010648
222.650000 1624.523044 1625.782673 1628.726468 1629.810372 1634.194655 1640.544847
222.750000 1625.142304 1626.458875 1629.316465 1630.380881 1634.675686 1640.952960
222.850000 1625.490631 1627.159400 1629.951830 1630.951897 1635.119628 1641.268870
222.950000 1626.085250 1627.816454 1630.569683 1631.533710 1635.637091 1641.725364
223.050000 1626.626560 1628.411701 1631.280921 1632.148344 1636.160850 1641.950533
223.170000 1627.164419 1629.313607 1632.116674 1632.927944 1636.659411 1642.573816
223.290000 1627.908589 1630.290681 1632.960240 1633.735379 1637.410892 1642.948263
223.410000 1628.751690 1631.083699 1633.801676 1634.515620 1638.044511 1643.437941
223.530000 1629.613869 1632.076440 1634.734328 1635.331633 1638.661614 1643.931470
223.650000 1630.449370 1633.019860 1635.588235 1636.140026 1639.397719 1644.362501
223.794545 1631.326509 1634.118781 1636.759152 1637.175292 1640.476842 1644.908256
223.939091 1632.579100 1635.113573 1637.970568 1638.235229 1641.478422 1645.592258
224.083636 1633.623868 1636.084680 1639.001558 1639.288619 1642.567474 1646.535076
224.228182 1634.662211 1637.220766 1639.984037 1640.335249 1643.626196 1647.553167
224.372727 1636.063973 1638.148312 1641.021946 1641.353326 1644.714183 1648.439350
224.517273 1636.999076 1639.199948 1642.125522 1642.357489 1645.521722 1649.095135
224.661818 1638.024141 1640.294907 1643.080394 1643.392232 1646.443467 1650.218918
224.806364 1639.054831 1641.352550 1644.163911 1644.467623 1647.465170 1651.483721
224.950909 1639.950876 1642.368425 1645.260606 1645.513903 1648.618858 1652.517828
225.095455 1641.046676 1643.285869 1646.393213 1646.534824 1649.659746 1653.583074
225.240000 1642.040207 1644.242457 1647.293163 1647.558261 1650.728199 1654.643201
225.340000 1642.643900 1644.928648 1647.896047 1648.223440 1651.505110 1655.496030
225.440000 1643.082314 1645.596242 1648.590906 1648.867459 1652.157521 1656.077105
225.540000 1643.700194 1646.193367 1649.253674 1649.539768 1652.833247 1656.798713
225.660000 1644.397831 1646.802145 1650.186872 1650.366046 1653.847225 1657.458920
225.780000 1644.925288 1647.541968 1651.097386 1651.176208 1654.661388 1657.928643
225.900000 1645.353409 1648.312584 1652.002107 1651.985158 1655.541210 1658.733154
226.020000 1645.902540 1649.100011 1652.807541 1652.782840 1656.371595 1659.412569
226.140000 1646.521676 1649.721636 1653.585894 1653.550441 1657.332982 1660.155450
226.260000 1647.026972 1650.342524 1654.470070 1654.283697 1658.072392 1660.820640
226.380000 1647.567601 1650.986163 1655.236442 1655.023263 1658.703972 1661.544418
226.500000 1648.096763 1651.482603 1656.060100 1655.746621 1659.436192 1662.279004
226.620000 1648.685988 1652.337280 1656.828599 1656.454415 1660.159208 1662.933829
226.740000 1649.489847 1653.015608 1657.553075 1657.124243 1660.917869 1663.477225
226.878462 1650.100303 1653.815094 1658.138841 1657.840740 1661.642820 1664.198744
227.016923 1650.785355 1654.690919 1658.889160 1658.548894 1662.254869 1664.964656
227.155385 1651.714122 1655.409127 1659.553335 1659.211801 1662.887235 1665.446123
227.293846 1652.467213 1656.215751 1660.234059 1659.893305 1663.462745 1666.173385
227.432308 1653.560638 1656.949748 1660.802010 1660.545788 1663.991327 1666.711056
227.570769 1654.997098 1657.705792 1661.421086 1661.229471 1664.474585 1667.331229
227.709231 1655.891943 1658.357179 1662.112480 1661.897743 1665.083976 1667.860565
227.847692 1656.639149 1659.125841 1662.773620 1662.569101 1665.741445 1668.331216
227.986154 1657.395123 1660.051330 1663.417705 1663.224531 1666.270443 1668.852784
228.124615 1658.169341 1660.870258 1664.084869 1663.886359 1666.863088 1669.499822
228.263077 1659.045076 1661.601317 1664.754576 1664.580073 1667.430882 1669.984497
228.401538 1659.947428 1662.324635 1665.338475 1665.235211 1668.063895 1670.484199
228.540000 1660.711964 1663.014284 1665.965958 1665.907134 1668.700357 1671.313507
228.640000 1661.300137 1663.554591 1666.457641 1666.413109 1669.158983 1671.813680
228.740000 1661.756066 1664.066259 1666.996569 1666.944772 1669.667323 1672.283107
228.840000 1662.344774 1664.591375 1667.627072 1667.491182 1670.169593 1672.778946
228.940000 1662.907928 1665.137487 1668.108735 1668.023301 1670.743122 1673.278737
229.040000 1663.690788 1665.760055 1668.623967 1668.557223 1671.276048 1673.856158
229.140000 1664.257702 1666.387815 1669.119467 1669.104839 1671.756895 1674.672915
229.240000 1664.756503 1666.958447 1669.682777 1669.667386 1672.389908 1674.982856
229.340000 1665.227661 1667.603290 1670.226368 1670.255080 1672.970561 1675.632413
229.440000 1665.836388 1668.191819 1670.787689 1670.809727 1673.481944 1676.056872
229.560000 1666.414455 1668.907515 1671.425434 1671.495956 1674.129883 1676.601997
229.680000 1666.960085 1669.622078 1672.165751 1672.184228 1674.706794 1677.240051
229.800000 1667.718692 1670.430751 1672.851403 1672.862652 1675.358452 1677.808467
229.920000 1668.235008 1671.025049 1673.514808 1673.530944 1676.134710 1678.510582
230.040000 1668.917887 1671.645431 1674.226864 1674.181820 1676.784529 1679.174922
230.140000 1669.440138 1672.111812 1674.806310 1674.718481 1677.441029 1679.791568
230.240000 1669.903455 1672.604160 1675.335896 1675.252725 1678.130106 1680.396001
230.340000 1670.366524 1673.060741 1675.911727 1675.781777 1678.693631 1680.932241
230.440000 1670.805118 1673.510135 1676.353033 1676.284397 1679.308753 1681.350280
230.540000 1671.396817 1673.976081 1676.839795 1676.791892 1679.969910 1681.915178
230.640000 1671.802534 1674.340597 1677.331166 1677.292595 1680.460243 1682.345296
230.740000 1672.396490 1674.851288 1677.747719 1677.786496 1680.990626 1682.696617
230.840000 1672.820266 1675.305627 1678.241073 1678.276351 1681.501461 1683.306912
230.940000 1673.341210 1675.735753 1678.746378 1678.755034 1681.985522 1683.776528
231.040000 1673.931816 1676.205207 1679.169635 1679.242565 1682.500102 1684.236872
231.140000 1674.247515 1676.726557 1679.597927 1679.724124 1682.913599 1684.631956
231.240000 1674.642628 1677.279982 1680.091032 1680.223199 1683.419234 1685.205826
231.340000 1675.049726 1677.752116 1680.559344 1680.698804 1683.847527 1685.846319
231.440000 1675.550100 1678.247618 1681.020845 1681.175830 1684.240311 1686.458986
231.540000 1675.992702 1678.704451 1681.501482 1681.648510 1684.711465 1686.988659
231.640000 1676.475222 1679.311277 1681.982042 1682.128191 1685.072527 1687.426551
231.740000 1676.918381 1679.847252 1682.438911 1682.612086 1685.521804 1687.865024
231.840000 1677.348922 1680.419069 1682.966134 1683.098803 1685.970490 1688.541924
231.940000 1677.712004 1680.909696 1683.504903 1683.569234 1686.331601 1689.084270
232.040000 1678.203868 1681.473950 1683.975437 1684.049407 1686.728922 1689.554123
232.140000 1678.645907 1681.983641 1684.419975 1684.525662 1687.163904 1690.010344
232.240000 1679.298319 1682.377527 1684.943704 1685.036927 1687.657523 1690.455645
232.340000 1680.002483 1682.959366 1685.540776 1685.573791 1688.087545 1690.953180
232.440000 1680.837773 1683.529355 1686.129267 1686.108325 1688.607434 1691.528540
232.540000 1681.522360 1684.055524 1686.670497 1686.636304 1689.101698 1692.290942
232.640000 1681.936106 1684.546178 1687.204012 1687.158540 1689.626874 1692.725887
232.740000 1682.552355 1685.027683 1687.838165 1687.696042 1690.229167 1693.237783
232.830000 1682.975600 1685.504262 1688.369615 1688.190957 1690.663236 1693.617021
232.930000 1683.411518 1685.992175 1688.978724 1688.760188 1691.324972 1694.264034
233.030000 1683.975162 1686.537254 1689.574352 1689.374100 1691.964260 1694.945133
233.130000 1684.434896 1687.045543 1690.087714 1689.955554 1692.667333 1695.570820
233.230000 1685.349647 1687.617151 1690.645064 1690.587900 1693.389773 1696.189131
233.330000 1685.751607 1688.230467 1691.244631 1691.203136 1694.044951 1696.881463
233.430000 1686.342366 1688.740278 1691.978955 1691.856372 1694.685508 1697.578610
233.530000 1686.820902 1689.418490 1692.639311 1692.488390 1695.352736 1698.127637
233.630000 1687.363294 1689.961775 1693.287976 1693.135759 1696.067697 1698.870501
233.730000 1688.004008 1690.712259 1693.855306 1693.792204 1696.812522 1699.476009
233.830000 1688.695828 1691.366282 1694.466240 1694.430839 1697.442363 1700.199483
233.930000 1689.244546 1692.032271 1695.082521 1695.073140 1698.147986 1700.808338
234.030000 1689.800783 1692.684357 1695.670394 1695.703610 1698.767198 1701.470580
234.168462 1690.711067 1693.537063 1696.596177 1696.637121 1699.724096 1702.424292
234.306923 1691.783553 1694.314133 1697.694337 1697.613535 1700.715447 1703.611900
234.445385 1692.580215 1695.315512 1698.554929 1698.519304 1701.785125 1704.605395
234.583846 1693.671191 1696.190408 1699.470820 1699.466994 1702.770622 1705.392623
234.722308 1694.483661 1697.311158 1700.447699 1700.422841 1703.755983 1706.199418
234.860769 1695.265910 1698.210058 1701.439129 1701.409697 1704.772706 1707.231090
234.999231 1696.009780 1699.243755 1702.354097 1702.401766 1705.739455 1708.149571
235.137692 1697.026286 1700.264671 1703.458834 1703.434078 1706.792284 1709.188121
235.276154 1697.805356 1701.169436 1704.415634 1704.368189 1707.727443 1710.381767
235.414615 1699.036917 1702.039408 1705.389261 1705.332657 1708.658971 1711.311351
235.553077 1700.315697 1702.971606 1706.423836 1706.281325 1709.468734 1712.201387
235.691538 1701.413687 1703.989500 1707.380055 1707.272196 1710.435261 1712.951431
235.830000 1702.366143 1704.947506 1708.270471 1708.272229 1711.387597 1713.858990
235.973333 1703.336157 1706.240328 1709.389141 1709.368913 1712.412836 1714.844544
236.116667 1704.436998 1707.513948 1710.510612 1710.440124 1713.371847 1715.960458
236.260000 1705.807496 1708.656066 1711.636507 1711.535097 1714.446264 1716.853484
236.403333 1706.947697 1709.888569 1712.652596 1712.640294 1715.364895 1718.196221
236.546667 1708.303286 1711.084697 1713.748449 1713.711044 1716.217146 1719.113506
236.690000 1709.854258 1712.335715 1714.733515 1714.786996 1717.092475 1720.534575
236.790000 1710.510807 1713.108077 1715.359227 1715.444938 1717.674965 1721.043741
236.890000 1711.379079 1713.806011 1716.052564 1716.115030 1718.236389 1721.945639
236.990000 1712.209884 1714.610812 1716.649241 1716.778146 1718.891236 1722.838650
237.090000 1712.750700 1715.215710 1717.220382 1717.377365 1719.490117 1723.343961
237.190000 1713.459742 1715.833698 1717.796154 1717.982261 1720.148412 1723.989854
237.290000 1714.038841 1716.430690 1718.490402 1718.557692 1720.714947 1724.542037
237.423333 1714.821060 1717.130690 1719.167351 1719.302779 1721.522671 1725.325211
237.556667 1715.602442 1717.778581 1719.831441 1720.050067 1722.345049 1726.110264
237.690000 1716.204263 1718.420763 1720.553353 1720.802758 1723.232310 1727.074832
237.790000 1716.641244 1718.902396 1721.103554 1721.361451 1723.866441 1727.586843
237.890000 1717.100517 1719.495924 1721.703209 1721.932104 1724.474605 1728.252724
238.028462 1717.684955 1720.115217 1722.398140 1722.706235 1725.343789 1729.060297
238.166923 1718.516278 1720.817489 1723.170464 1723.486629 1726.199695 1729.990306
238.305385 1719.491338 1721.596769 1724.010779 1724.285222 1726.977287 1730.942288
238.443846 1720.246774 1722.295995 1724.842200 1725.073274 1727.912685 1731.696040
238.582308 1720.974101 1723.023663 1725.625385 1725.878617 1728.662010 1732.547503
238.720769 1721.694999 1723.672036 1726.465543 1726.673079 1729.538543 1733.359002
238.859231 1722.331208 1724.260137 1727.230671 1727.441795 1730.506177 1734.391194
238.997692 1722.893929 1724.931910 1728.044854 1728.242756 1731.409920 1735.066808
239.136154 1723.465217 1725.705490 1729.046869 1729.061097 1732.240460 1735.772032
239.274615 1724.008774 1726.432730 1729.904067 1729.895065 1733.121356 1736.670740
239.413077 1724.720871 1727.241272 1730.720193 1730.764134 1734.191478 1737.537758
239.551538 1725.388997 1727.995786 1731.598658 1731.640474 1735.143823 1738.565988
239.690000 1726.092784 1728.755396 1732.519693 1732.578783 1736.176739 1739.389949
239.790000 1726.549623 1729.373992 1733.213571 1733.238493 1736.868839 1740.104535
239.890000 1727.007306 1729.959788 1733.876256 1733.914597 1737.491731 1740.915382
239.990000 1727.555684 1730.770967 1734.658641 1734.580723 1738.078887 1741.647860
240.090000 1728.204677 1731.634817 1735.250629 1735.262792 1738.729230 1742.105771
240.190000 1728.953019 1732.423406 1735.978120 1735.958105 1739.435865 1742.857858
240.290000 1729.546842 1733.170563 1736.675783 1736.672052 1740.056844 1743.318454
240.418571 1730.373820 1734.228066 1737.824656 1737.655574 1741.122120 1744.135891
240.547143 1731.327399 1735.272715 1738.989351 1738.670100 1742.015295 1745.091986
240.675714 1732.174142 1736.488491 1739.995297 1739.746368 1743.075623 1746.051675
240.804286 1733.057183 1737.565418 1740.876420 1740.724389 1744.027949 1747.102681
240.932857 1733.641553 1738.531148 1741.852423 1741.656587 1744.774493 1747.998449
241.061429 1734.325957 1739.569497 1742.752311 1742.596807 1745.775583 1749.189156
241.190000 1735.268104 1740.622347 1743.753632 1743.540329 1746.610385 1749.970817
241.333333 1736.832073 1741.629478 1744.784625 1744.513165 1747.517980 1750.864839
241.476667 1737.636769 1742.420469 1745.666574 1745.425527 1748.443087 1751.950072
241.620000 1738.616741 1743.298151 1746.559162 1746.374542 1749.578339 1752.980957
241.763333 1739.755994 1744.100873 1747.356476 1747.245127 1750.464178 1753.720240
241.906667 1740.933124 1744.987687 1748.120730 1748.105849 1751.413179 1754.472755
242.050000 1741.724329 1745.890490 1748.948497 1748.982923 1752.183401 1755.199033
242.193333 1743.011358 1746.830384 1749.782124 1749.858431 1753.068218 1756.014754
242.336667 1743.859578 1747.627044 1750.562610 1750.687015 1754.002633 1756.667380
242.480000 1744.785440 1748.558754 1751.501832 1751.555647 1754.803371 1757.302754
242.623333 1745.835810 1749.401928 1752.262843 1752.401023 1755.708731 1758.048167
242.766667 1746.648659 1750.184075 1753.116685 1753.193355 1756.435436 1758.750225
242.910000 1747.424689 1750.933851 1753.958581 1753.974760 1757.313023 1759.660368
243.053333 1748.612991 1751.643994 1754.724070 1754.775696 1758.098132 1760.308101
243.196667 1749.501990 1752.400618 1755.580000 1755.588841 1758.907759 1761.205766
243.340000 1750.424081 1753.160958 1756.536980 1756.427388 1759.690065 1762.377377
243.483333 1751.468634 1753.880987 1757.387919 1757.216268 1760.414301 1763.092372
243.626667 1752.226877 1754.563446 1758.214375 1758.016038 1761.216766 1763.748577
243.770000 1752.968718 1755.442569 1759.076254 1758.853308 1762.055057 1764.506968
243.870000 1753.299333 1755.931451 1759.620824 1759.414278 1762.600328 1765.269335
243.970000 1754.013507 1756.417224 1760.112260 1759.958262 1763.228861 1765.785567
244.070000 1754.520114 1756.876749 1760.712095 1760.517171 1763.827911 1766.439825
244.170000 1755.194942 1757.400364 1761.273488 1761.059341 1764.404232 1766.849420
244.270000 1755.748128 1757.924758 1761.754909 1761.616060 1764.981884 1767.576205
244.370000 1756.575673 1758.572299 1762.297288 1762.175237 1765.593968 1768.129912
244.470000 1757.100603 1759.100736 1762.821391 1762.721273 1766.144086 1768.615354
244.570000 1757.550910 1759.682128 1763.425579 1763.259622 1766.618582 1769.081289
244.670000 1758.066592 1760.103181 1764.039671 1763.799623 1767.131044 1769.469854
244.770000 1758.657855 1760.651339 1764.578819 1764.315373 1767.582792 1769.830783
244.870000 1759.153186 1761.212735 1765.079351 1764.852976 1768.076600 1770.347836
244.970000 1759.634464 1761.854289 1765.628545 1765.396809 1768.529566 1770.772918
245.070000 1760.024108 1762.394392 1766.121917 1765.916980 1768.956871 1771.209837
245.170000 1760.449550 1763.078272 1766.677123 1766.430682 1769.419138 1771.645225
245.270000 1760.865167 1763.610611 1767.266692 1766.943623 1769.877653 1772.172815
245.370000 1761.358616 1764.175304 1767.859145 1767.449511 1770.311354 1772.632209
245.470000 1761.900964 1764.762738 1768.309694 1767.936487 1770.727876 1773.111100
245.570000 1762.446781 1765.277030 1768.826360 1768.422092 1771.118693 1773.459741
245.700000 1763.037539 1765.948550 1769.503357 1769.033521 1771.642896 1773.994314
245.830000 1763.771371 1766.695674 1770.123492 1769.651088 1772.098905 1774.479501
245.950000 1764.568338 1767.326513 1770.645791 1770.191805 1772.598406 1774.998232
246.070000 1765.104243 1767.898925 1771.150705 1770.729248 1773.078598 1775.362253
246.190000 1765.545165 1768.458448 1771.734239 1771.258314 1773.546965 1775.952626
246.310000 1766.109850 1769.031433 1772.250284 1771.786688 1774.040213 1776.347777
246.430000 1766.655387 1769.655165 1772.731549 1772.308987 1774.455956 1776.704164
246.530000 1767.053181 1770.190819 1773.206487 1772.755608 1774.836449 1777.105001
246.630000 1767.574394 1770.649467 1773.621722 1773.192256 1775.285070 1777.572966
246.730000 1768.319798 1771.180288 1773.989246 1773.633469 1775.646714 1778.008756
246.856667 1768.776018 1771.849546 1774.533762 1774.175403 1776.144041 1778.577684
246.983333 1769.366428 1772.510107 1775.009419 1774.731368 1776.626251 1778.967742
247.110000 1770.224556 1773.244848 1775.567139 1775.296910 1777.140977 1779.563029
247.236667 1771.138928 1773.823659 1776.055845 1775.855299 1777.704131 1779.979271
247.363333 1771.722986 1774.458295 1776.583354 1776.410410 1778.222214 1780.443348
247.490000 1772.325046 1775.113543 1777.106290 1776.979617 1778.751549 1781.313098
247.590000 1772.637790 1775.666826 1777.539396 1777.444260 1779.207854 1781.761728
247.690000 1773.253812 1776.266427 1777.947475 1777.918080 1779.740540 1782.073807
247.790000 1773.795048 1776.809210 1778.401094 1778.425300 1780.285372 1782.455172
247.890000 1774.682165 1777.334676 1778.869978 1778.936967 1780.861362 1783.074628
247.990000 1775.244595 1777.821798 1779.385469 1779.454231 1781.345754 1783.758675
248.090000 1775.802867 1778.289908 1779.889906 1779.994050 1781.945738 1784.197200
248.193333 1776.303701 1778.852432 1780.408932 1780.528290 1782.461736 1784.804405
248.296667 1776.970211 1779.370801 1780.913805 1781.074819 1782.970187 1785.469838
248.400000 1777.407109 1779.901636 1781.433917 1781.609815 1783.515234 1786.008652
248.545000 1778.153051 1780.578725 1782.092102 1782.314954 1784.220207 1786.990284
248.690000 1778.958974 1781.284055 1782.761946 1783.043618 1785.058935 1787.681080
248.790000 1779.414176 1781.724857 1783.259024 1783.567392 1785.609454 1788.559391
248.890000 1779.839633 1782.222236 1783.745291 1784.081023 1786.172423 1789.158059
248.990000 1780.376414 1782.691989 1784.302609 1784.601546 1786.783602 1789.721065
249.115000 1780.957017 1783.176796 1785.038750 1785.225778 1787.452906 1790.452756
249.240000 1781.654766 1783.715154 1785.637699 1785.859405 1788.101354 1791.008999
249.290000 1781.876737 1783.980144 1785.937152 1786.138586 1788.413244 1791.280759
249.433810 1782.646828 1784.780260 1786.840335 1787.043612 1789.397724 1792.267626
249.577619 1783.639991 1785.565314 1787.811255 1787.931329 1790.331810 1793.051725
249.721429 1784.382978 1786.439448 1788.755560 1788.852780 1791.226803 1793.810674
249.865238 1785.357051 1787.355854 1789.691868 1789.797618 1792.170848 1794.674358
250.009048 1786.251364 1788.363779 1790.743798 1790.771479 1793.210354 1795.765666
250.152857 1787.119932 1789.277334 1791.709929 1791.717845 1794.189221 1796.599523
250.296667 1788.174575 1790.272012 1792.628079 1792.709617 1795.196777 1797.628572
250.440476 1788.939750 1791.150104 1793.534885 1793.646766 1796.160807 1798.825121
250.584286 1789.589486 1791.974605 1794.460202 1794.584415 1797.104467 1799.792988
250.728095 1790.669892 1792.841386 1795.400041 1795.501524 1798.081465 1800.765048
250.871905 1791.431789 1793.750258 1796.379316 1796.447694 1799.136060 1802.007720
251.015714 1792.311667 1794.679758 1797.329068 1797.415377 1800.251097 1802.907599
251.159524 1793.262250 1795.569836 1798.232030 1798.367294 1801.226677 1804.156363
251.303333 1793.946794 1796.425344 1799.128028 1799.318888 1802.302657 1805.631403
251.447143 1794.827159 1797.281662 1799.971838 1800.264370 1803.375122 1806.897122
251.590952 1795.471331 1798.207258 1800.995324 1801.204809 1804.323128 1807.968626
251.734762 1796.402678 1799.272250 1801.959116 1802.208117 1805.297698 1809.348003
251.878571 1797.492743 1800.264294 1802.843221 1803.208600 1806.310228 1810.442879
252.022381 1798.456132 1801.111291 1803.819804 1804.181769 1807.262116 1811.547593
252.166190 1799.585856 1802.018498 1804.754122 1805.185424 1808.331720 1812.971259
252.310000 1800.400645 1802.984609 1805.734530 1806.142594 1809.416075 1814.131408
252.410000 1801.144902 1803.633688 1806.338451 1806.822889 1810.128399 1815.097679
252.510000 1801.785051 1804.336420 1806.985850 1807.481479 1810.796748 1815.757466
252.610000 1802.543018 1804.979951 1807.754541 1808.159165 1811.490530 1816.239595
252.710000 1803.103407 1805.597432 1808.467703 1808.806545 1812.142213 1816.668954
252.810000 1803.862477 1806.187273 1809.130030 1809.459083 1812.666984 1817.228661
252.910000 1804.500120 1806.910908 1809.785098 1810.118165 1813.195262 1818.195575
253.030000 1805.261361 1807.674206 1810.745808 1810.910326 1814.019637 1818.856796
253.150000 1806.053318 1808.489235 1811.565498 1811.734531 1814.926392 1819.438295
253.270000 1806.670016 1809.260051 1812.328030 1812.509316 1815.702792 1819.806860
253.390000 1807.256560 1810.036160 1813.065651 1813.260684 1816.468652 1820.697041
253.510000 1807.982415 1810.885390 1813.863101 1814.003196 1817.168364 1821.208785
253.635000 1808.405334 1811.633142 1814.537486 1814.742353 1818.023357 1821.744823
253.760000 1809.071766 1812.355909 1815.302905 1815.484603 1818.747038 1822.318374
253.810000 1809.265650 1812.618412 1815.571532 1815.771334 1819.051773 1822.669222
253.938571 1809.878793 1813.402948 1816.277653 1816.486226 1819.739750 1823.262398
254.067143 1810.843432 1814.106197 1817.009554 1817.183306 1820.450111 1823.767712
254.195714 1811.530477 1814.770209 1817.703887 1817.885518 1821.287679 1824.381602
254.324286 1812.196435 1815.488302 1818.424675 1818.595505 1822.095524 1824.925068
254.452857 1812.919851 1816.155039 1819.117483 1819.288695 1822.781361 1825.724714
254.581429 1813.500368 1816.749247 1819.778084 1820.017138 1823.712140 1826.457469
254.710000 1814.217980 1817.353751 1820.422059 1820.714685 1824.520819 1827.060588
254.720000 1814.271665 1817.423100 1820.468133 1820.768944 1824.564952 1827.113484
254.865000 1814.973481 1818.266419 1821.358837 1821.608881 1825.335720 1827.924028
255.010000 1815.821984 1819.001184 1822.352318 1822.460834 1826.072688 1828.683404
255.020000 1815.941879 1819.056596 1822.433952 1822.519935 1826.122241 1828.752490
255.120000 1816.749805 1819.727424 1823.000174 1823.141396 1826.606537 1829.200567
255.220000 1817.461315 1820.505552 1823.617297 1823.763475 1827.078829 1829.879759
255.320000 1818.340224 1821.320991 1824.355742 1824.417929 1827.727975 1830.360448
255.420000 1819.240182 1821.970391 1825.000814 1825.087346 1828.214879 1831.033520
255.520000 1819.972566 1822.673856 1825.618947 1825.728130 1828.819496 1831.508556
255.620000 1820.519833 1823.433425 1826.279924 1826.378962 1829.436701 1832.148362
255.720000 1821.307897 1824.288567 1826.945161 1827.055659 1829.922706 1832.623943
255.820000 1822.076309 1825.065795 1827.686175 1827.726654 1830.421568 1832.996358
255.920000 1822.773279 1825.887470 1828.374918 1828.395787 1830.928963 1833.476859
256.020000 1823.698066 1826.705201 1829.053191 1829.097649 1831.625022 1834.181131
256.120000 1824.496530 1827.282765 1829.820060 1829.770621 1832.317283 1834.761934
256.220000 1825.230776 1828.119998 1830.540393 1830.479493 1832.941207 1835.409731
256.336667 1826.373945 1829.052324 1831.402940 1831.388849 1833.659524 1836.048203
256.453333 1827.776617 1830.099169 1832.270546 1832.276952 1834.521727 1837.014989
256.570000 1828.941545 1831.182978 1833.128584 1833.191810 1835.390950 1837.917221
256.620000 1829.254432 1831.560160 1833.472259 1833.561349 1835.727963 1838.315695
256.670000 1829.659176 1831.906344 1833.844128 1833.916916 1836.071650 1838.819636
256.720000 1830.103731 1832.256725 1834.190539 1834.283113 1836.372929 1839.265114
256.853333 1830.922560 1833.324063 1835.265145 1835.519039 1838.054202 1840.560880
256.986667 1831.752753 1834.315646 1836.498363 1836.821517 1839.653014 1843.273814
257.120000 1832.720617 1835.289740 1837.648208 1838.144057 1841.228543 1845.810489
257.220000 1833.185852 1835.990292 1838.483345 1838.987797 1841.988632 1847.308099
257.320000 1833.978236 1836.792664 1839.312743 1839.844829 1842.843008 1848.492494
257.370000 1834.472636 1837.131489 1839.686346 1840.257209 1843.261131 1848.935559
257.506429 1835.853096 1838.634530 1841.367801 1841.901429 1845.228881 1850.655279
257.642857 1837.464246 1840.206317 1843.356664 1843.768838 1847.137683 1852.586597
257.779286 1838.894953 1841.665762 1845.221382 1845.617648 1849.588590 1854.332949
257.915714 1840.232530 1843.228019 1847.109380 1847.423428 1851.654674 1855.857579
258.052143 1841.568810 1844.866178 1849.076584 1849.220519 1853.687348 1857.463156
258.188571 1842.928505 1846.360282 1851.001533 1851.136542 1855.700108 1860.524099
258.325000 1844.494588 1847.961397 1853.049569 1853.039481 1857.860092 1862.438925
258.461429 1845.339150 1849.440461 1854.961236 1854.855809 1860.230451 1864.594743
258.597857 1846.524586 1851.040738 1856.906156 1856.618008 1862.188759 1866.347640
258.734286 1848.238002 1852.425101 1858.670155 1858.449946 1864.185034 1868.392300
258.870714 1849.436377 1853.875903 1860.429995 1860.195189 1866.204487 1870.122427
259.007143 1850.711360 1855.368755 1862.205189 1861.940220 1868.411198 1872.018175
259.143571 1851.906931 1857.226577 1863.944033 1863.703158 1870.266527 1874.178208
259.280000 1853.421320 1858.508345 1865.664247 1865.333293 1872.012052 1875.645026
259.413333 1854.926814 1859.912277 1867.020535 1866.857052 1873.595322 1877.098099
259.546667 1856.470775 1861.434609 1868.836340 1868.359029 1874.990394 1878.310685
259.680000 1858.015125 1862.884084 1870.253245 1869.755398 1876.387763 1879.669421
259.813333 1859.426519 1864.346623 1871.862575 1871.121341 1877.502609 1880.582384
259.946667 1860.850872 1865.973458 1873.221721 1872.438311 1878.501722 1881.605946
260.080000 1862.733473 1867.550612 1874.475187 1873.664075 1879.494114 1882.420909
260.213333 1863.956225 1868.966126 1875.604740 1874.827418 1880.420838 1883.243090
260.346667 1865.422183 1870.435045 1876.649233 1876.004611 1881.446549 1884.238091
260.480000 1867.269988 1871.695017 1877.655244 1877.130498 1882.214207 1885.076747
260.613333 1868.530170 1873.030339 1878.729738 1878.176339 1882.978646 1885.802163
260.746667 1870.609506 1874.500105 1879.656597 1879.239555 1883.843939 1886.807936
260.880000 1872.094674 1875.780322 1880.534348 1880.297225 1884.519402 1887.363604
261.013333 1873.779827 1877.253093 1881.459179 1881.333353 1885.335037 1888.326647
261.146667 1875.459670 1878.683256 1882.332857 1882.347351 1886.127745 1889.218276
261.280000 1876.550889 1879.902871 1883.216789 1883.306216 1886.922316 1889.882202
261.380000 1877.779827 1880.744654 1883.943162 1883.994865 1887.455523 1890.668331
261.480000 1878.472005 1881.459791 1884.552481 1884.657304 1888.115687 1891.125194
261.580000 1879.104211 1882.134977 1885.183290 1885.305137 1888.671511 1891.731861
261.683333 1879.939955 1882.690245 1885.792670 1885.950193 1889.189763 1892.259304
261.786667 1880.678112 1883.372192 1886.467610 1886.594991 1889.832079 1892.722744
261.890000 1881.490468 1884.113161 1887.104175 1887.248621 1890.529554 1893.234901
262.035000 1882.196089 1885.051495 1888.185812 1888.178739 1891.328105 1893.957456
262.180000 1882.923182 1886.028786 1889.163771 1889.094137 1892.341096 1894.715409
262.280000 1883.698767 1886.641422 1889.811280 1889.701224 1892.937404 1895.361747
262.380000 1884.445878 1887.244774 1890.466169 1890.293314 1893.507302 1895.816887
262.480000 1885.200055 1887.843018 1891.040379 1890.900045 1894.012761 1896.295422
262.608571 1886.009947 1888.663989 1891.840731 1891.698481 1894.744541 1896.999750
262.737143 1886.977197 1889.526480 1892.591248 1892.485274 1895.371153 1897.613744
262.865714 1887.987439 1890.468546 1893.388022 1893.276406 1896.090613 1898.154842
262.994286 1888.755601 1891.347382 1894.040943 1894.024014 1896.664177 1898.799773
263.122857 1889.544765 1892.257248 1894.796430 1894.792233 1897.266600 1899.420211
263.251429 1890.458336 1893.244587 1895.642557 1895.591962 1897.899378 1900.143371
263.380000 1891.297212 1894.228269 1896.472491 1896.389461 1898.709746 1900.905962
263.480000 1891.907607 1894.750040 1897.084146 1897.012340 1899.267017 1901.452891
263.580000 1892.715927 1895.413183 1897.679136 1897.627950 1899.758293 1901.948253
263.680000 1893.574358 1896.144380 1898.325478 1898.282224 1900.405002 1902.697391
263.815000 1894.559275 1896.955739 1899.073854 1899.135958 1901.133918 1904.182368
263.950000 1895.626291 1897.804025 1899.895585 1900.037133 1902.077818 1905.618218
264.050000 1896.323111 1898.506851 1900.559528 1900.710241 1902.760699 1906.220377
264.150000 1896.866600 1899.132168 1901.291779 1901.381004 1903.478061 1906.987591
264.250000 1897.575988 1899.747373 1901.963353 1902.050637 1904.146003 1907.595197
264.378571 1898.150878 1900.549477 1902.871241 1902.935201 1905.198715 1908.690198
264.507143 1899.060706 1901.337667 1903.732984 1903.856047 1906.303558 1909.522422
264.635714 1899.576173 1902.201949 1904.630523 1904.768563 1907.336624 1910.693263
264.764286 1900.289261 1903.018385 1905.582743 1905.660555 1908.347679 1911.403069
264.892857 1901.145141 1903.872581 1906.459715 1906.538385 1909.392905 1912.139730
265.021429 1901.846124 1904.723467 1907.393868 1907.444622 1910.297767 1912.855655
265.150000 1902.735850 1905.522390 1908.297549 1908.324081 1911.171024 1913.693426
265.283333 1903.799398 1906.339366 1909.327897 1909.260415 1912.212221 1914.525028
265.416667 1904.694536 1907.269377 1910.296216 1910.143981 1912.999252 1915.246374
265.550000 1905.365944 1908.405933 1911.255654 1911.058623 1913.778151 1916.102982
265.683333 1906.230810 1909.192456 1912.089437 1911.912333 1914.495274 1916.769376
265.816667 1907.327853 1910.089353 1912.974411 1912.803717 1915.265338 1917.616230
265.950000 1908.130659 1910.992360 1913.860737 1913.664833 1916.144023 1918.451515
266.083333 1909.236180 1912.010131 1914.711746 1914.516885 1916.963571 1919.055316
266.216667 1910.391908 1912.950217 1915.608227 1915.424114 1917.814694 1919.719607
266.350000 1911.437200 1913.958363 1916.412684 1916.266929 1918.496107 1920.627473
266.470000 1912.334450 1914.795105 1917.148418 1917.010577 1919.207620 1921.389683
266.590000 1913.007311 1915.635257 1917.794404 1917.735319 1919.896406 1922.006605
266.710000 1913.601912 1916.284334 1918.533776 1918.429604 1920.568802 1922.593565
266.830000 1914.381388 1917.034669 1919.173066 1919.107009 1921.190087 1923.268515
266.950000 1915.061220 1917.791837 1919.892050 1919.791252 1921.792243 1923.964968
267.000000 1915.254474 1918.132851 1920.165855 1920.049504 1922.094647 1924.227450
267.125000 1915.981218 1918.724764 1920.729341 1920.647972 1922.715690 1924.828405
267.250000 1916.588003 1919.163044 1921.324691 1921.236883 1923.264222 1925.514611
267.360000 1917.060930 1919.690863 1921.791745 1921.723044 1923.822608 1926.086668
267.460000 1917.624917 1920.127088 1922.191022 1922.167622 1924.219280 1926.547276
267.560000 1918.221053 1920.504379 1922.597242 1922.599669 1924.665929 1926.878570
267.660000 1918.689723 1920.865540 1922.952980 1923.013938 1925.076314 1927.412849
267.760000 1919.227239 1921.318367 1923.350379 1923.446326 1925.543016 1927.781702
267.860000 1919.614583 1921.791472 1923.770643 1923.861871 1926.017679 1928.208442
267.960000 1920.046503 1922.162915 1924.168475 1924.262993 1926.414086 1928.500875
268.060000 1920.545479 1922.575460 1924.515648 1924.658642 1926.906582 1928.912471
268.160000 1920.957256 1923.001585 1924.923978 1925.056056 1927.368844 1929.327530
268.260000 1921.351845 1923.339107 1925.246105 1925.444670 1927.702305 1929.855238
268.360000 1921.741968 1923.753580 1925.628634 1925.823797 1928.118102 1930.144020
268.460000 1922.151071 1924.088325 1925.956758 1926.201245 1928.587440 1930.477526
268.560000 1922.436455 1924.512688 1926.329395 1926.583702 1929.050113 1930.806867
268.660000 1922.855024 1924.924214 1926.725605 1926.977826 1929.356746 1931.188517
268.760000 1923.248428 1925.290375 1927.090933 1927.351212 1929.724815 1931.558442
268.860000 1923.567951 1925.674489 1927.435013 1927.732062 1930.243818 1931.834865
268.960000 1923.935294 1926.042098 1927.775362 1928.108210 1930.613403 1932.173230
269.060000 1924.363166 1926.405366 1928.182204 1928.490074 1930.970096 1932.518591
269.160000 1924.627567 1926.732548 1928.561419 1928.862074 1931.357663 1932.829437
269.260000 1925.019461 1927.090002 1928.916357 1929.241675 1931.727774 1933.185607
269.360000 1925.391518 1927.447542 1929.322009 1929.618411 1932.113836 1933.498876
269.460000 1925.804402 1927.756217 1929.753192 1930.004199 1932.545437 1933.843306
269.560000 1926.118185 1928.156964 1930.201774 1930.405752 1932.960072 1934.146686
269.660000 1926.466306 1928.508362 1930.658118 1930.777451 1933.304858 1934.481532
269.760000 1926.898898 1928.901194 1931.061076 1931.164228 1933.652921 1934.899314
269.880000 1927.229979 1929.350816 1931.554001 1931.619263 1934.076841 1935.365875
270.000000 1927.759576 1929.790305 1932.065318 1932.066615 1934.519796 1935.820369
270.060000 1927.995827 1930.010547 1932.343278 1932.317532 1934.748945 1935.970481
270.175000 1928.462240 1930.469332 1932.897409 1932.778957 1935.157347 1936.478933
270.290000 1928.838249 1930.913129 1933.379756 1933.250440 1935.560374 1936.982007
270.340000 1928.999290 1931.118182 1933.597822 1933.469252 1935.732308 1937.224014
270.465000 1929.556962 1931.695659 1934.201660 1933.999561 1936.161546 1937.892750
270.590000 1930.056066 1932.252585 1934.687572 1934.495060 1936.611643 1938.268405
270.690000 1930.425856 1932.667474 1935.119021 1934.920699 1936.945647 1938.742118
270.790000 1930.839579 1933.113904 1935.606777 1935.353106 1937.314526 1939.094412
270.890000 1931.265235 1933.539212 1935.993985 1935.759531 1937.675863 1939.464032
270.990000 1931.729449 1933.980836 1936.427855 1936.163827 1937.992147 1940.040936
271.090000 1932.100215 1934.485454 1936.827822 1936.581424 1938.332199 1940.409417
271.190000 1932.552889 1935.072278 1937.264968 1936.994783 1938.661098 1940.725655
271.290000 1933.011108 1935.465878 1937.699636 1937.397960 1938.962661 1941.117721
271.390000 1933.738545 1935.907478 1938.137493 1937.807028 1939.315583 1941.468896
271.490000 1934.127636 1936.226026 1938.573120 1938.212951 1939.678086 1941.821611
271.590000 1934.590883 1936.815118 1938.973177 1938.635194 1940.061811 1942.171977
271.690000 1935.095957 1937.313322 1939.412995 1939.056882 1940.401298 1942.715846
271.790000 1935.570026 1937.734830 1939.778154 1939.481824 1940.765448 1943.054776
271.890000 1935.892747 1938.194379 1940.167857 1939.904861 1941.263396 1943.464036
271.990000 1936.671803 1938.641949 1940.564499 1940.335673 1941.692614 1943.798587
272.090000 1937.058107 1939.191593 1940.925239 1940.756415 1942.129450 1944.087327
272.190000 1937.522799 1939.724432 1941.305014 1941.188536 1942.610399 1944.498467
272.290000 1938.107598 1940.232544 1941.686901 1941.615975 1943.029455 1944.896092
272.390000 1938.465499 1940.726151 1942.055374 1942.040883 1943.449879 1945.286088
272.490000 1938.938656 1941.154224 1942.426648 1942.470990 1943.990553 1945.749703
272.590000 1939.349775 1941.618641 1942.799238 1942.891781 1944.421117 1946.170141
272.690000 1939.713048 1942.059766 1943.178512 1943.302873 1944.880865 1946.688681
272.793333 1940.303366 1942.473412 1943.572459 1943.745446 1945.338163 1947.210454
272.896667 1940.781686 1942.854928 1943.967138 1944.173813 1945.796364 1947.650967
273.000000 1941.400552 1943.216239 1944.363715 1944.598119 1946.274244 1948.205453
273.145000 1942.249962 1943.821284 1944.884292 1945.192987 1946.912946 1948.828056
273.290000 1942.984863 1944.383211 1945.485356 1945.794784 1947.496429 1949.323201
273.390000 1943.450462 1944.780345 1945.841577 1946.218781 1947.975046 1949.729408
273.490000 1943.819207 1945.175939 1946.231497 1946.631614 1948.398854 1950.277429
273.590000 1944.332173 1945.537638 1946.717702 1947.040303 1948.781996 1950.685060
273.710000 1944.792439 1945.928915 1947.311189 1947.510889 1949.278041 1951.328312
273.830000 1945.220178 1946.352178 1947.798779 1947.973188 1949.757816 1951.762820
273.950000 1945.719088 1946.768161 1948.274603 1948.436550 1950.270412 1952.227881
274.070000 1946.207540 1947.173396 1948.767842 1948.899186 1950.768447 1952.576344
274.190000 1946.546511 1947.594169 1949.260842 1949.379639 1951.257771 1953.105699
274.290000 1946.878132 1947.961643 1949.661073 1949.770314 1951.634463 1953.420063
274.390000 1947.251975 1948.300633 1950.076299 1950.166625 1952.059361 1953.673405
274.490000 1947.614012 1948.627166 1950.498016 1950.559469 1952.509067 1954.185267
274.590000 1947.927055 1949.020949 1950.899401 1950.970187 1952.949001 1954.546644
274.690000 1948.207961 1949.390209 1951.307665 1951.356310 1953.344847 1955.012108
274.790000 1948.643716 1949.734848 1951.720736 1951.757568 1953.729393 1955.461655
274.890000 1948.891457 1950.065602 1952.103032 1952.166538 1954.162684 1955.888623
274.990000 1949.254392 1950.505249 1952.473521 1952.578725 1954.578904 1956.288990
275.090000 1949.674757 1950.963699 1952.864247 1952.993334 1954.921615 1957.129726
275.190000 1950.021261 1951.345725 1953.253037 1953.388545 1955.288300 1957.529576
275.290000 1950.398435 1951.744628 1953.610332 1953.781809 1955.677574 1958.024613
275.390000 1950.758687 1952.143231 1954.015663 1954.187406 1956.148330 1958.422127
275.490000 1951.116337 1952.575463 1954.404909 1954.594149 1956.593180 1958.985139
275.590000 1951.453225 1952.966514 1954.815125 1954.983383 1956.968751 1959.492417
275.690000 1951.841837 1953.332807 1955.199520 1955.379034 1957.393233 1959.886563
275.790000 1952.189094 1953.722124 1955.629232 1955.772776 1957.779435 1960.285530
275.890000 1952.516341 1954.166946 1956.065067 1956.160793 1958.119616 1960.777651
276.024444 1952.894605 1954.633629 1956.550077 1956.662712 1958.613906 1961.091021
276.158889 1953.365877 1955.146017 1957.022474 1957.176729 1959.137960 1961.970399
276.293333 1953.797892 1955.690764 1957.554711 1957.696805 1959.760776 1962.519559
276.427778 1954.250393 1956.169048 1958.088948 1958.229384 1960.277938 1963.109020
276.562222 1954.601681 1956.652185 1958.574965 1958.731364 1960.828321 1963.819977
276.696667 1955.034548 1957.099497 1959.105730 1959.228476 1961.360087 1964.389673
276.831111 1955.480123 1957.541930 1959.609896 1959.734530 1961.941942 1964.956223
276.965556 1955.871849 1958.006883 1960.087575 1960.240971 1962.647468 1965.446535
277.100000 1956.297748 1958.512512 1960.639236 1960.737809 1963.263389 1966.064319
277.220000 1956.747285 1958.903380 1961.055814 1961.206775 1963.687372 1966.729839
277.250000 1956.874246 1959.015072 1961.173912 1961.334037 1963.817084 1966.903858
277.300000 1957.087387 1959.254040 1961.427110 1961.546774 1963.987579 1967.074816
277.400000 1957.531128 1959.668501 1961.850166 1961.949443 1964.350878 1967.298400
277.503333 1958.047041 1960.047145 1962.251030 1962.364114 1964.830428 1967.712951
277.606667 1958.554474 1960.448757 1962.678388 1962.770818 1965.154779 1968.011948
277.710000 1958.980471 1960.870618 1963.167544 1963.189532 1965.560825 1968.287099
277.845714 1959.417245 1961.424130 1963.674265 1963.728095 1966.182226 1968.766045
277.981429 1960.085883 1961.928154 1964.187845 1964.261312 1966.693137 1969.211398
278.117143 1960.633885 1962.483837 1964.721254 1964.809090 1967.248199 1969.647951
278.252857 1961.090391 1963.013710 1965.283992 1965.381386 1967.784420 1969.990976
278.388571 1961.743539 1963.563453 1965.899544 1965.947422 1968.338676 1970.614355
278.524286 1962.334697 1964.209462 1966.469923 1966.539801 1968.985150 1971.240764
278.660000 1962.877068 1964.687565 1967.053011 1967.119481 1969.552315 1971.698355
278.760000 1963.331187 1965.239773 1967.462738 1967.573310 1969.919501 1972.105157
278.860000 1963.780214 1965.718099 1967.951608 1968.042321 1970.343487 1972.582095
278.960000 1964.190831 1966.204883 1968.360437 1968.499249 1970.812153 1973.094830
279.088571 1964.778908 1966.860974 1968.947431 1969.119124 1971.366877 1973.725809
279.217143 1965.412195 1967.441722 1969.615474 1969.752553 1972.126816 1974.423054
279.345714 1965.997673 1968.084817 1970.293330 1970.398752 1972.797201 1975.210915
279.474286 1966.517309 1968.792273 1970.897805 1971.048803 1973.652172 1975.886607
279.602857 1967.007328 1969.415408 1971.486711 1971.697273 1974.368965 1976.778624
279.731429 1967.678476 1969.984606 1972.253189 1972.351576 1975.076148 1977.630712
279.860000 1968.193817 1970.499930 1972.818280 1973.001550 1975.813154 1978.399998
279.980000 1968.601456 1970.953527 1973.349677 1973.558653 1976.439807 1979.345096
280.100000 1969.119863 1971.437172 1973.820664 1974.087456 1976.993911 1979.993440
280.220000 1969.562270 1971.950500 1974.320707 1974.643112 1977.519923 1980.712125
280.340000 1970.033282 1972.447799 1974.877010 1975.195762 1978.102801 1981.348398
280.460000 1970.955176 1972.885481 1975.366388 1975.735229 1978.661289 1982.015911
280.588571 1971.354380 1973.370811 1975.846981 1976.284122 1979.338651 1982.634167
280.717143 1971.777556 1973.807625 1976.423781 1976.834661 1979.950664 1983.274782
280.845714 1972.396207 1974.280753 1977.080021 1977.390496 1980.492447 1983.863640
280.974286 1972.836479 1974.763189 1977.829709 1977.930609 1981.108062 1984.317068
281.102857 1973.238393 1975.205467 1978.414258 1978.482457 1981.818302 1984.951786
281.231429 1973.764978 1975.606490 1978.944759 1979.021604 1982.375741 1985.431552
281.360000 1974.295082 1975.997248 1979.604848 1979.547905 1982.912300 1986.079275
281.460000 1974.637915 1976.354043 1980.023069 1979.956844 1983.300014 1986.529228
281.560000 1975.037190 1976.737954 1980.536256 1980.389385 1983.824544 1986.970808
281.660000 1975.309476 1977.140416 1980.976657 1980.808304 1984.257178 1987.500040
281.760000 1975.596123 1977.618911 1981.325797 1981.246408 1984.794250 1988.031173
281.860000 1975.936242 1977.933181 1981.757917 1981.699176 1985.314369 1988.498568
281.960000 1976.238618 1978.385687 1982.147950 1982.138278 1985.764232 1989.139645
282.060000 1976.726865 1978.805910 1982.696582 1982.606014 1986.247776 1989.576567
282.160000 1977.184626 1979.229909 1983.141325 1983.086182 1986.762272 1989.999828
282.260000 1977.594480 1979.664720 1983.594415 1983.570084 1987.192201 1990.512629
