depth(m) lower_95(kyr) lower_68(kyr) median(kyr) mean(kyr) upper_68(kyr) upper_95(kyr)
57.400000 1398.920844 1399.699287 1400.508673 1400.499070 1401.302030 1401.963434
57.500000 1400.252812 1401.064435 1401.916233 1401.889776 1402.717470 1403.330995
57.560000 1401.091937 1401.922896 1402.763472 1402.760540 1403.569968 1404.364716
57.600000 1401.618849 1402.512669 1403.373832 1403.363877 1404.167222 1404.971700
57.650000 1402.326854 1403.273737 1404.121569 1404.103532 1404.932326 1405.715986
57.700000 1403.187653 1404.090184 1404.904429 1404.890498 1405.689632 1406.513563
57.750000 1404.063580 1404.889767 1405.745443 1405.738620 1406.531203 1407.382429
57.800000 1404.961297 1405.821282 1406.638634 1406.644319 1407.434843 1408.356401
57.850000 1406.163364 1407.034241 1407.902406 1407.973130 1408.922751 1410.191943
57.900000 1407.332289 1408.217026 1409.197289 1409.259964 1410.308651 1411.401611
57.950000 1408.423402 1409.266620 1410.317040 1410.427929 1411.627174 1412.667212
58.050000 1409.994684 1411.057709 1412.302338 1412.314352 1413.498567 1414.900077
58.100000 1410.855320 1411.989047 1413.299573 1413.318018 1414.642095 1416.067459
58.150000 1411.738435 1412.931876 1414.300203 1414.327187 1415.696995 1417.045716
58.200000 1412.604948 1413.807101 1415.230114 1415.244445 1416.716849 1418.066754
58.250000 1413.490382 1414.702573 1416.143553 1416.149526 1417.558141 1418.861380
58.300000 1414.340055 1415.722194 1417.118168 1417.124239 1418.517776 1419.899037
58.350000 1415.239481 1416.609733 1418.104374 1418.089579 1419.546229 1420.796223
58.400000 1416.225672 1417.589966 1419.152573 1419.093513 1420.555601 1421.721823
58.450000 1417.369828 1418.625364 1420.175276 1420.149043 1421.658469 1422.806527
58.500000 1418.329823 1419.812122 1421.285320 1421.239675 1422.657777 1423.832045
58.550000 1419.694236 1421.084099 1422.607120 1422.482556 1423.815208 1424.894622
58.600000 1420.885891 1422.271964 1423.702997 1423.638158 1424.973978 1426.014400
58.650000 1421.899552 1423.435132 1424.767751 1424.729284 1426.066158 1427.310248
58.700000 1423.161032 1424.646027 1425.942484 1425.946269 1427.285707 1428.731418
58.750000 1424.488277 1425.834584 1427.275315 1427.292900 1428.748092 1430.365417
58.850000 1427.536220 1428.985196 1430.617693 1430.724240 1432.430684 1434.320043
58.900000 1429.080056 1430.851690 1432.582745 1432.599013 1434.359016 1436.087132
58.950000 1430.461603 1432.259541 1434.049233 1434.033781 1435.813708 1437.489276
58.980000 1431.119495 1432.989496 1434.799981 1434.756068 1436.491021 1438.148652
59.100000 1433.236274 1435.201339 1436.968727 1436.978595 1438.846776 1440.459703
59.200000 1435.097843 1436.730959 1438.626363 1438.599516 1440.526606 1441.935198
59.300000 1436.440332 1438.391053 1440.278228 1440.240949 1442.134856 1443.744230
59.400000 1438.064135 1440.113579 1441.870235 1441.837492 1443.729738 1445.124756
59.500000 1439.631818 1441.635931 1443.558195 1443.479374 1445.248052 1446.730106
59.600000 1441.655079 1443.490613 1445.339215 1445.206057 1446.876933 1448.076891
59.700000 1444.119757 1445.779077 1447.230888 1447.144851 1448.478894 1449.619684
59.800000 1447.497193 1448.650974 1449.641926 1449.602766 1450.651135 1451.405129
59.900000 1450.112877 1451.059337 1452.083377 1452.200914 1453.293346 1454.995242
60.000000 1452.185803 1453.248322 1454.843562 1455.058718 1456.787631 1459.461851
60.100000 1453.707187 1455.210375 1457.506960 1457.630291 1459.946038 1462.306156
60.200000 1455.197309 1457.048664 1460.012334 1459.991365 1462.798925 1464.809448
60.300000 1457.189634 1459.204353 1462.156220 1462.086311 1464.724974 1466.875623
60.400000 1459.184988 1461.543767 1464.314262 1464.229552 1466.727368 1468.996810
60.500000 1461.988829 1464.512941 1467.064282 1466.992776 1469.415413 1471.753423
60.600000 1466.212569 1468.675413 1470.765184 1470.891748 1473.252363 1475.799292
60.700000 1470.391726 1472.147873 1474.225189 1474.333500 1476.530395 1478.540270
60.800000 1472.410828 1474.346470 1476.699972 1476.659536 1479.066687 1480.733358
60.900000 1474.182766 1476.232952 1478.722411 1478.626228 1480.958059 1482.620640
61.000000 1476.011631 1478.098895 1480.601500 1480.453841 1482.647003 1484.318383
61.100000 1477.571264 1479.866021 1482.431661 1482.214925 1484.414968 1485.708962
61.200000 1479.857091 1481.891488 1484.263159 1484.039691 1486.120317 1487.306366
61.300000 1481.916957 1484.150555 1486.226956 1486.001312 1487.816194 1488.867215
61.400000 1484.368023 1486.855093 1488.463095 1488.254853 1489.635182 1490.522115
61.500000 1488.546780 1489.981318 1491.059028 1491.037580 1492.097358 1493.387994
61.600000 1491.192652 1492.378912 1493.866754 1494.338057 1496.354754 1500.596326
61.700000 1492.875390 1494.358577 1496.886477 1497.535623 1501.180800 1504.484014
61.800000 1494.423967 1496.409837 1500.738177 1500.637955 1504.767372 1507.421517
61.900000 1496.590308 1499.425358 1503.948519 1503.562069 1507.073836 1509.183722
61.980000 1498.513308 1502.635410 1506.295197 1505.871827 1508.918850 1510.880004
62.100000 1504.076346 1507.414569 1509.911627 1509.615244 1511.761009 1513.518413
62.200000 1508.644477 1511.082856 1512.784947 1512.711021 1514.513791 1516.149646
62.300000 1511.404133 1513.301412 1514.965650 1514.961122 1516.679978 1518.295426
62.400000 1513.613934 1515.236007 1516.784711 1516.847679 1518.574667 1520.011071
62.500000 1515.357411 1517.042264 1518.691384 1518.646355 1520.286854 1521.711926
62.600000 1517.257544 1518.814573 1520.449622 1520.415769 1522.029901 1523.203739
62.700000 1519.206694 1520.694560 1522.289427 1522.243954 1523.743064 1525.122899
62.800000 1521.129454 1522.708338 1524.221893 1524.219773 1525.766453 1526.927473
62.900000 1523.761535 1525.112686 1526.617987 1526.580399 1527.990895 1529.321965
63.000000 1526.537696 1528.036320 1529.402151 1529.458984 1530.829760 1532.961019
63.100000 1529.058624 1530.567417 1532.351760 1532.587968 1534.694502 1537.687123
63.200000 1531.888463 1533.781939 1536.203761 1536.153024 1538.457104 1540.497507
63.300000 1534.588550 1537.523959 1540.054832 1539.911814 1542.150358 1544.909395
63.400000 1540.781808 1543.108575 1545.056887 1545.434362 1548.109373 1550.819679
63.480000 1544.319189 1545.998657 1548.248635 1548.475796 1550.983815 1553.603952
63.590000 1546.896694 1548.983276 1551.606708 1551.564149 1554.040216 1556.355930
63.700000 1549.523413 1551.531913 1554.237580 1554.163942 1556.583254 1558.740697
63.800000 1551.736079 1553.984858 1556.516225 1556.380325 1558.543596 1560.787616
63.900000 1553.798040 1556.154665 1558.589363 1558.456490 1560.540699 1562.699342
64.000000 1556.349194 1558.453768 1560.707520 1560.547719 1562.604013 1564.517359
64.100000 1558.664451 1561.080908 1562.789088 1562.732690 1564.465734 1566.186329
64.200000 1561.247427 1563.400245 1565.044360 1564.949009 1566.618040 1568.043067
64.300000 1563.924322 1565.950922 1567.719727 1567.622067 1569.272613 1570.991870
64.400000 1567.691521 1569.967214 1571.904848 1572.079518 1574.258088 1577.153992
64.500000 1571.308840 1573.538136 1575.722871 1575.752817 1578.042884 1580.296994
64.600000 1573.629111 1577.419491 1579.761388 1579.604478 1581.854846 1583.822452
64.620000 1574.724597 1578.109690 1580.422979 1580.279248 1582.561344 1584.490709
64.700000 1577.628825 1580.626942 1582.710683 1582.703939 1584.949166 1587.049680
64.800000 1581.315674 1583.703206 1585.804444 1585.801062 1587.862298 1590.117469
64.900000 1584.916229 1586.971477 1589.064855 1588.976356 1590.965547 1592.591521
64.980000 1587.398572 1589.314892 1591.252587 1591.134845 1592.937743 1594.567234
65.000000 1587.941387 1589.825856 1591.698378 1591.634039 1593.410184 1594.921620
65.100000 1590.190652 1591.905770 1593.670214 1593.564887 1595.140002 1596.534752
65.200000 1592.771257 1594.147737 1595.554427 1595.541312 1596.984705 1598.287296
65.300000 1594.759025 1596.200357 1597.512954 1597.502890 1598.863095 1600.209061
65.400000 1596.889661 1598.129708 1599.446347 1599.439450 1600.691573 1601.889068
65.500000 1598.635444 1599.974404 1601.259283 1601.253462 1602.471563 1603.808652
65.570000 1599.871496 1601.279613 1602.550809 1602.594815 1603.888389 1605.483718
65.600000 1600.545754 1601.931185 1603.263627 1603.277229 1604.554162 1606.357806
65.700000 1602.442641 1603.928374 1605.528966 1605.692914 1607.323215 1609.949232
65.800000 1604.120056 1605.900693 1607.801516 1608.325637 1610.823817 1615.083471
65.900000 1605.611566 1607.831192 1610.671289 1611.270671 1614.809002 1619.605419
65.980000 1607.042729 1609.431479 1613.273579 1613.714303 1618.080480 1622.050599
66.000000 1607.468897 1609.877714 1613.896510 1614.300830 1618.764886 1622.646283
66.080000 1609.141044 1612.059302 1616.598016 1616.656401 1621.161918 1624.671265
66.200000 1611.610314 1615.212567 1620.649461 1620.189516 1624.562514 1627.809847
66.300000 1613.807099 1618.462570 1623.584143 1623.052944 1627.304069 1630.194022
66.400000 1616.712493 1621.860186 1626.431692 1625.851759 1629.792201 1632.444769
66.500000 1620.133706 1624.993145 1629.185198 1628.710985 1632.122464 1634.766976
66.600000 1624.039559 1628.110611 1631.667821 1631.350505 1634.425959 1636.926563
66.700000 1628.384045 1631.418827 1634.167678 1634.060878 1636.603606 1638.668905
66.800000 1631.617474 1634.824322 1637.122982 1636.983183 1639.181967 1641.572606
66.900000 1635.721170 1638.396483 1640.770659 1640.704876 1642.952608 1646.040012
67.000000 1640.671246 1642.453017 1644.776887 1645.162994 1647.925433 1652.128669
67.080000 1642.659931 1644.570234 1647.146524 1647.638061 1650.890332 1654.783816
67.200000 1645.712796 1647.954877 1651.499025 1651.607932 1655.339973 1657.957151
67.300000 1647.846106 1651.190425 1654.781309 1654.616116 1658.060999 1660.071464
67.400000 1650.408658 1654.169167 1657.568372 1657.280526 1660.442462 1661.976633
67.500000 1653.254523 1656.900908 1660.226667 1659.710764 1662.361479 1663.749281
67.600000 1656.681905 1659.568288 1662.524661 1662.012548 1664.155774 1665.512624
67.700000 1659.220530 1662.383605 1664.605430 1664.180041 1665.898462 1667.024446
67.800000 1662.300658 1664.782143 1666.388346 1666.172026 1667.586058 1668.538310
67.900000 1665.753064 1667.190879 1668.343202 1668.257255 1669.383619 1670.265004
68.000000 1667.855322 1669.114102 1670.102091 1670.091887 1671.144576 1672.196176
68.100000 1670.294888 1671.269101 1672.255522 1672.398818 1673.561417 1675.158329
68.180000 1671.866222 1673.038294 1674.250639 1674.594610 1676.181977 1678.877231
68.200000 1672.303112 1673.497998 1674.852409 1675.149134 1676.857288 1679.614456
68.300000 1674.443622 1675.718353 1677.597288 1677.885707 1680.224437 1682.741335
68.400000 1676.530085 1678.091843 1680.621462 1680.682259 1683.205796 1685.557268
68.500000 1678.600871 1680.978427 1683.747556 1683.655735 1686.333408 1688.644751
68.600000 1681.105366 1684.194807 1687.037497 1686.855081 1689.558732 1691.398961
68.700000 1684.168366 1687.082678 1689.727212 1689.516622 1691.975158 1693.551700
68.800000 1687.105895 1689.518579 1692.387428 1691.958986 1694.133021 1695.562425
68.900000 1689.691046 1692.337799 1694.693467 1694.274035 1696.039344 1697.131585
69.000000 1692.833639 1695.216462 1696.896337 1696.666230 1698.097524 1699.162110
69.100000 1695.781889 1697.614530 1698.839088 1698.797188 1699.977342 1701.285224
69.200000 1698.114101 1699.353915 1700.481453 1700.500954 1701.658903 1703.008393
69.300000 1699.504813 1700.843984 1701.999454 1702.041255 1703.224022 1704.743019
69.410000 1701.116431 1702.497970 1703.648674 1703.729116 1705.021028 1706.463364
69.500000 1702.566783 1703.870580 1705.111665 1705.198447 1706.611030 1708.243756
69.600000 1704.103651 1705.491740 1706.831440 1707.009914 1708.537552 1710.588205
69.680000 1705.581092 1706.879433 1708.305181 1708.596316 1710.339398 1713.142304
69.800000 1707.723957 1709.126834 1710.857573 1711.444136 1714.003036 1717.686725
69.900000 1709.424260 1711.141079 1713.867641 1714.318586 1717.764714 1721.236733
70.000000 1711.251953 1713.389968 1717.421430 1717.372761 1720.999105 1724.244929
70.100000 1713.150214 1716.187230 1720.653652 1720.219950 1723.799106 1726.465190
70.200000 1715.492931 1719.556919 1723.119260 1722.899705 1726.192102 1728.976329
70.310000 1718.895388 1722.717881 1725.653359 1725.596025 1728.494990 1732.151756
70.400000 1721.309431 1724.870936 1727.537397 1727.697705 1730.568748 1734.875664
70.500000 1724.070901 1727.097851 1729.730271 1730.034410 1733.087089 1737.674685
70.600000 1726.409210 1729.226320 1732.293287 1732.718745 1736.481924 1741.039184
70.700000 1728.224423 1731.705644 1735.424053 1735.751783 1740.326911 1743.124404
70.800000 1730.792977 1734.318130 1739.063351 1738.794635 1743.254128 1745.488160
70.900000 1733.444015 1737.426229 1742.172557 1741.570626 1745.273196 1747.247827
71.000000 1736.934488 1741.129043 1744.829734 1744.273216 1747.152932 1749.101151
71.100000 1741.439549 1744.680293 1747.187481 1746.947854 1749.137712 1751.116264
71.180000 1744.011538 1746.757674 1748.826875 1748.699463 1750.715042 1752.608886
71.300000 1746.660495 1748.922756 1750.931631 1750.903110 1752.911127 1755.070378
71.400000 1748.600552 1750.763862 1752.838582 1752.855745 1754.870518 1757.106705
71.475000 1750.124904 1752.236134 1754.343269 1754.459155 1756.603308 1759.216775
71.550000 1751.679041 1753.851487 1756.003149 1756.089546 1758.330322 1760.794625
71.650000 1753.508611 1755.900065 1758.331413 1758.469400 1760.975117 1764.196146
71.750000 1755.754044 1758.208792 1760.735865 1760.906243 1763.670116 1766.653561
71.800000 1757.082979 1759.458935 1762.041166 1762.194168 1765.154822 1767.873504
71.875000 1758.670520 1761.030589 1763.841894 1763.881207 1766.808080 1769.654625
71.950000 1760.002754 1762.706666 1765.647460 1765.610590 1768.412823 1771.061168
72.025000 1761.480810 1764.384839 1767.429144 1767.305279 1770.081162 1772.550113
72.100000 1763.303316 1766.089155 1769.239362 1769.017555 1771.717810 1774.080129
72.175000 1764.657355 1767.769188 1770.882187 1770.623599 1773.355802 1775.691720
72.250000 1766.447833 1769.823379 1772.411464 1772.240064 1774.790465 1777.137825
72.325000 1768.295195 1771.606041 1774.069859 1773.930843 1776.366365 1778.653455
72.400000 1770.401111 1773.308410 1775.808872 1775.652770 1777.998501 1780.354717
72.500000 1773.185415 1775.978116 1778.388698 1778.206288 1780.433926 1782.752255
72.600000 1776.318166 1778.916788 1781.137642 1781.091171 1783.249223 1785.223065
72.680000 1778.958171 1781.151868 1783.390273 1783.242630 1785.409021 1786.939332
72.800000 1782.432152 1784.075952 1786.078082 1786.000039 1787.863746 1789.366070
72.900000 1784.465427 1786.295885 1788.032465 1788.021661 1789.767415 1791.110048
73.000000 1786.600364 1788.174520 1789.851402 1789.823967 1791.437981 1792.851840
73.100000 1788.237641 1789.805537 1791.508190 1791.457066 1792.977747 1794.438922
73.200000 1789.849801 1791.406598 1793.032334 1793.008224 1794.585749 1796.122638
73.300000 1791.270640 1792.890312 1794.549106 1794.537453 1796.181930 1797.807037
73.400000 1793.017269 1794.539189 1796.130566 1796.137840 1797.680741 1799.289536
73.500000 1794.775388 1796.256388 1797.850555 1797.859886 1799.406457 1801.203311
73.600000 1796.518078 1798.092008 1799.764711 1799.826496 1801.467462 1803.599859
73.700000 1798.644490 1800.097733 1801.803787 1802.033363 1803.965185 1806.675862
73.800000 1800.521498 1802.140614 1804.276147 1804.689804 1807.512732 1810.654522
73.900000 1802.180078 1803.927600 1806.407117 1807.005502 1810.454742 1814.021945
74.000000 1803.819160 1805.856788 1808.883845 1809.340702 1812.897944 1816.583102
74.100000 1805.119409 1807.777899 1811.582440 1811.714037 1815.515670 1818.674960
74.180000 1806.128852 1809.353945 1813.647562 1813.530381 1817.386501 1820.492896
74.300000 1808.157114 1812.049872 1816.366039 1816.109907 1820.022156 1823.020693
74.400000 1809.874617 1814.067237 1818.508011 1818.119020 1821.825413 1825.037777
74.500000 1812.013887 1816.239849 1820.513933 1820.125781 1823.685012 1826.943430
74.600000 1814.509663 1818.384803 1822.613996 1822.192987 1825.500786 1828.911904
74.700000 1816.972828 1820.829385 1824.681354 1824.315780 1827.513354 1830.387851
74.800000 1819.323780 1823.403644 1826.818614 1826.528507 1829.499513 1832.225648
74.900000 1821.629009 1825.855417 1828.730823 1828.553568 1831.423893 1834.317465
75.000000 1824.173701 1828.052023 1830.686551 1830.559227 1833.267866 1836.031961
75.100000 1826.321698 1829.803558 1832.538263 1832.440780 1835.064698 1837.994613
75.200000 1828.653487 1831.668178 1834.295850 1834.349948 1836.898925 1840.040474
75.300000 1830.862894 1833.631209 1836.205698 1836.337114 1839.035181 1842.223424
75.400000 1832.747778 1835.641920 1838.347851 1838.576206 1841.512679 1844.794595
75.500000 1834.859239 1837.797459 1840.692605 1840.949582 1844.294854 1848.275012
75.600000 1837.415099 1839.995194 1843.129060 1843.453035 1847.137512 1850.883668
75.680000 1839.518015 1842.192481 1845.443214 1845.613480 1849.201108 1852.804154
75.800000 1842.339273 1845.579038 1849.195422 1849.010448 1852.580404 1854.998068
75.900000 1844.420673 1848.302122 1852.028894 1851.741030 1855.053795 1857.347337
76.000000 1847.096359 1851.108768 1854.601913 1854.173791 1856.964969 1859.260502
76.050000 1848.375280 1852.486068 1855.519695 1855.226009 1857.864986 1860.269385
76.100000 1849.593603 1853.643433 1856.598739 1856.276251 1858.848217 1861.091610
76.200000 1853.086737 1856.207832 1858.744905 1858.592731 1860.978632 1863.036483
76.300000 1856.019623 1858.780330 1861.157474 1861.176570 1863.610187 1865.835311
76.400000 1858.018835 1860.744292 1863.286233 1863.319286 1865.927921 1868.763993
76.500000 1859.906582 1862.479397 1865.257752 1865.304936 1868.068359 1870.800821
76.600000 1861.938616 1864.446480 1867.051713 1867.186773 1869.990204 1872.518698
76.700000 1864.013708 1866.444653 1869.252011 1869.176468 1871.880924 1874.102385
76.800000 1866.453477 1868.631476 1871.319906 1871.324076 1873.959907 1875.930588
76.890000 1868.292656 1870.729781 1873.395014 1873.364200 1875.824110 1878.175801
77.000000 1871.177779 1873.670957 1876.241602 1876.234144 1878.785044 1881.957389
77.100000 1873.588470 1875.956965 1878.634326 1878.687024 1881.326087 1884.398948
77.200000 1876.311754 1878.399029 1881.017541 1881.094141 1883.801268 1886.229655
77.280000 1878.605440 1880.504698 1882.980216 1883.047924 1885.765134 1887.363645
77.400000 1881.473090 1883.308838 1885.851614 1885.788731 1888.304533 1889.306207
77.410000 1881.643480 1883.529286 1886.091158 1886.008228 1888.541282 1889.479010
77.490000 1883.578009 1885.189045 1887.726488 1887.630147 1889.958561 1890.753201
77.500000 1883.742272 1885.412112 1887.935071 1887.831858 1890.127427 1890.937921
77.590000 1885.813802 1887.349205 1889.954033 1889.590191 1891.608167 1892.490815
77.600000 1885.929816 1887.556988 1890.177496 1889.800964 1891.803717 1892.650636
77.680000 1887.296259 1889.370796 1891.803507 1891.338892 1893.132301 1894.054452
77.700000 1887.658833 1889.841419 1892.185308 1891.757482 1893.464855 1894.409813
77.790000 1889.923001 1892.207940 1893.844610 1893.577740 1895.009900 1895.897301
77.800000 1890.247508 1892.466468 1894.067852 1893.810535 1895.188978 1896.068284
77.890000 1893.307696 1894.916386 1896.084875 1896.017369 1897.177274 1898.173314
77.900000 1893.699535 1895.174013 1896.315828 1896.249852 1897.393220 1898.391339
78.000000 1896.160305 1897.185966 1898.160876 1898.122242 1899.066149 1900.057555
78.090000 1898.085712 1899.176277 1900.198122 1900.264891 1901.346642 1903.003607
78.100000 1898.354213 1899.362624 1900.394833 1900.475079 1901.573627 1903.161603
78.200000 1900.106077 1900.959454 1902.066252 1902.161210 1903.328583 1904.820265
78.290000 1901.280407 1902.208161 1903.500925 1903.569691 1904.867365 1906.491938
78.370000 1902.308457 1903.269542 1904.706597 1904.783781 1906.325151 1907.800040
78.480000 1903.468731 1904.999091 1906.383858 1906.460262 1908.017681 1909.656936
78.590000 1905.073714 1906.656450 1908.175091 1908.265490 1909.914292 1911.750217
78.690000 1906.887758 1908.473006 1910.169202 1910.295328 1912.079099 1914.275761
78.780000 1908.769777 1910.411313 1912.350251 1912.541297 1914.710662 1916.964665
78.890000 1911.136627 1913.019114 1915.333745 1915.408362 1917.846011 1919.953148
78.990000 1913.256433 1915.560636 1918.029990 1918.121482 1920.735992 1923.258758
79.090000 1915.336427 1918.016871 1920.724712 1920.747184 1923.503127 1925.889025
79.180000 1917.674309 1920.293194 1923.259840 1923.164229 1925.863901 1928.729727
79.300000 1922.021136 1924.764043 1927.508780 1927.394956 1930.028726 1932.552842
79.400000 1925.768918 1928.004274 1930.352508 1930.369954 1932.727456 1935.130695
79.500000 1928.509803 1930.660272 1932.957824 1932.867631 1935.152703 1937.024773
79.600000 1930.851369 1933.193914 1935.380516 1935.284602 1937.357180 1939.226729
79.700000 1933.445443 1935.728085 1937.941303 1937.765795 1939.671483 1941.059621
79.800000 1936.179469 1938.526217 1940.375850 1940.238599 1941.875117 1943.525194
79.890000 1939.356108 1941.164851 1942.781576 1942.831177 1944.465372 1946.653863
80.000000 1942.336445 1943.753293 1945.477837 1945.635883 1947.497140 1949.878105
80.100000 1944.091356 1945.821985 1947.712863 1947.858558 1949.898848 1952.505599
80.200000 1945.779236 1947.685353 1949.738109 1949.961570 1952.277765 1955.061131
80.270000 1946.927072 1949.186066 1951.358879 1951.568308 1954.133962 1956.906471
80.400000 1949.497953 1951.974462 1954.808111 1955.049226 1958.123874 1961.770638
80.500000 1950.989503 1953.817974 1957.070249 1957.180265 1960.478581 1963.724395
80.600000 1953.321837 1956.171347 1959.623920 1959.611458 1962.832450 1965.983723
80.700000 1955.236171 1958.471249 1961.990704 1961.868192 1965.314492 1967.774134
80.800000 1957.076587 1960.549041 1964.258814 1964.003970 1967.336712 1969.654637
80.933333 1959.900128 1963.480259 1967.053629 1966.662718 1969.695379 1971.672180
81.066667 1963.145967 1966.809761 1969.521307 1969.286583 1971.847716 1973.489367
81.200000 1967.055220 1969.761010 1971.900763 1971.711639 1973.749875 1975.226292
81.300000 1969.568552 1971.605304 1973.512135 1973.370711 1975.046468 1976.501046
81.390000 1971.449599 1973.173748 1974.745978 1974.696592 1976.194807 1977.549873
81.500000 1973.352431 1974.848496 1976.209024 1976.200144 1977.476476 1979.071760
81.600000 1974.862505 1976.218026 1977.509891 1977.518299 1978.762268 1980.283833
81.700000 1976.176049 1977.448657 1978.728209 1978.749790 1979.953951 1981.584956
81.780000 1977.088370 1978.423709 1979.634998 1979.708955 1981.021864 1982.661966
81.900000 1978.560330 1979.832376 1981.003181 1981.055153 1982.285035 1983.893947
82.000000 1979.758948 1980.952678 1982.213015 1982.252658 1983.512972 1985.163983
82.100000 1980.950845 1982.170902 1983.569576 1983.521998 1984.814019 1986.400920
82.180000 1982.090914 1983.177137 1984.529558 1984.565892 1985.929602 1987.366971
82.300000 1983.577048 1984.665108 1986.075013 1986.130869 1987.635733 1989.028035
82.400000 1984.742053 1985.936604 1987.280417 1987.369353 1988.869107 1990.350950
82.500000 1985.818532 1987.087344 1988.497451 1988.554048 1990.081958 1991.518949
82.600000 1987.023474 1988.232783 1989.637214 1989.711281 1991.259505 1992.643327
82.700000 1988.016972 1989.351210 1990.766398 1990.834696 1992.305943 1993.710215
82.800000 1989.057507 1990.464527 1991.893110 1991.971885 1993.484262 1994.860803
82.900000 1990.328474 1991.628152 1993.135099 1993.148222 1994.683379 1996.060258
83.000000 1991.562664 1992.783809 1994.352602 1994.347038 1995.829708 1997.239193
83.100000 1992.705420 1993.941201 1995.575171 1995.538060 1997.093318 1998.481186
83.200000 1993.640067 1995.113436 1996.779085 1996.711968 1998.272603 1999.575176
83.300000 1994.581560 1996.271591 1997.935469 1997.820026 1999.360114 2000.557231
83.400000 1995.631391 1997.424248 1999.042832 1998.941820 2000.436072 2001.581514
83.500000 1996.567919 1998.678011 2000.165688 2000.074200 2001.522071 2002.774419
83.575000 1997.400457 1999.528795 2001.084762 2000.945401 2002.364127 2003.569098
83.650000 1998.137511 2000.399023 2001.933114 2001.815256 2003.209238 2004.505627
83.725000 1999.001035 2001.224845 2002.762414 2002.658935 2003.988176 2005.306926
83.800000 1999.814806 2002.154543 2003.626243 2003.497801 2004.787991 2006.143195
83.900000 2000.903359 2003.195742 2004.661836 2004.549592 2005.846956 2007.163388
84.010000 2002.175794 2004.483444 2005.799549 2005.682974 2006.912127 2008.126416
84.100000 2003.161934 2005.480869 2006.682649 2006.634170 2007.896235 2009.185164
84.200000 2004.342261 2006.543807 2007.769038 2007.688280 2008.953368 2010.113800
84.290000 2005.352281 2007.459561 2008.709813 2008.655004 2009.893156 2011.151645
84.390000 2006.665375 2008.586803 2009.767918 2009.759096 2011.085765 2012.386820
84.490000 2007.773128 2009.657068 2010.838689 2010.834263 2012.146048 2013.521932
84.590000 2008.789751 2010.714230 2011.917387 2011.901000 2013.226906 2014.684077
84.690000 2009.842674 2011.798480 2013.014312 2013.036326 2014.389267 2015.905579
84.790000 2010.831458 2012.958752 2014.250956 2014.268511 2015.689143 2017.435997
84.900000 2012.499338 2014.275016 2015.754289 2015.857248 2017.449509 2019.665968
85.000000 2013.882408 2015.458794 2017.006308 2017.362808 2019.183387 2023.699221
85.100000 2015.090875 2016.712756 2018.464360 2019.034028 2021.023289 2028.168435
85.180000 2016.085296 2017.780854 2019.764684 2020.618672 2023.212523 2030.704277
85.300000 2017.362013 2019.595264 2022.749554 2023.959413 2029.291589 2034.380735
85.410000 2018.837615 2021.287682 2027.746963 2027.359069 2032.781148 2037.346973
85.500000 2019.713430 2022.815787 2030.766124 2029.861397 2035.278852 2039.720961
85.600000 2021.052671 2024.928472 2033.768910 2032.658576 2038.364486 2043.072817
85.740000 2023.946904 2029.437260 2037.208012 2036.627254 2042.847980 2047.715760
85.880000 2026.849995 2034.744169 2041.423635 2040.870977 2047.055769 2051.620219
86.020000 2030.974899 2038.770213 2045.382604 2044.880478 2051.019072 2054.974787
86.160000 2036.433088 2043.469564 2049.438452 2048.875430 2054.336726 2057.482402
86.300000 2042.243119 2047.823079 2053.434417 2052.688359 2057.407780 2059.666946
86.400000 2045.098234 2050.863550 2055.769396 2055.059766 2059.032864 2060.979225
86.500000 2047.904857 2053.748923 2058.028162 2057.222118 2060.533694 2062.276287
86.600000 2051.280701 2056.536175 2059.905996 2059.207027 2061.905120 2063.407027
86.700000 2054.161957 2058.702874 2061.483547 2060.970153 2063.199775 2064.521792
86.800000 2057.528230 2060.716316 2063.011571 2062.631930 2064.506980 2065.722288
86.900000 2060.113649 2062.619893 2064.372963 2064.144653 2065.709610 2066.961740
87.000000 2062.496725 2064.409262 2065.791140 2065.668212 2066.910204 2068.263452
87.100000 2064.396801 2065.733519 2067.041380 2066.959538 2068.140373 2069.397269
87.180000 2065.466853 2066.765421 2067.973591 2067.945553 2069.074733 2070.218080
87.300000 2066.937940 2068.168845 2069.314475 2069.273968 2070.411990 2071.503010
87.400000 2068.029919 2069.335349 2070.424023 2070.400721 2071.489440 2072.578886
87.500000 2069.204912 2070.502018 2071.513741 2071.521368 2072.646164 2073.774553
87.600000 2070.267939 2071.633708 2072.593947 2072.635202 2073.685763 2074.938307
87.700000 2071.584353 2072.689593 2073.737566 2073.791226 2074.863526 2076.268857
87.800000 2072.865813 2073.863730 2074.886919 2075.001176 2076.042006 2077.755390
87.890000 2073.819022 2074.934770 2075.993000 2076.083857 2077.270650 2078.818697
88.000000 2075.129320 2076.110344 2077.198516 2077.349427 2078.573488 2080.215218
88.100000 2076.251532 2077.219971 2078.353861 2078.490862 2079.771933 2081.306645
88.200000 2077.324977 2078.356611 2079.541961 2079.655364 2080.929022 2082.566955
88.290000 2078.440097 2079.398942 2080.631345 2080.729983 2082.007671 2083.768528
88.400000 2079.494763 2080.675031 2081.914358 2082.019032 2083.336990 2085.103022
88.500000 2080.781211 2081.924223 2083.175821 2083.306479 2084.710752 2086.457856
88.600000 2082.152000 2083.258243 2084.552938 2084.717311 2086.171064 2088.325788
88.680000 2083.411856 2084.501468 2085.862170 2086.118765 2087.747029 2090.156526
88.800000 2085.246717 2086.463562 2088.038679 2088.398430 2090.418842 2093.288064
88.890000 2086.607250 2087.913569 2089.832463 2090.140476 2092.406228 2095.321894
89.000000 2087.944329 2089.687754 2091.946066 2092.256324 2094.878602 2097.793424
89.100000 2089.405632 2091.283351 2093.984660 2094.286307 2097.223850 2100.777983
89.200000 2090.799760 2093.067564 2095.968613 2096.243276 2099.482173 2102.973710
89.300000 2092.339548 2094.944847 2097.954175 2098.257170 2101.638284 2105.298542
89.390000 2093.827895 2096.533835 2099.819651 2100.027364 2103.450511 2107.488647
89.500000 2095.524323 2098.619594 2102.133322 2102.182762 2105.676494 2109.763095
89.600000 2097.086964 2100.395967 2104.330098 2104.210249 2107.823401 2112.167841
89.700000 2098.842155 2102.392269 2106.300785 2106.206576 2109.978210 2113.799255
89.790000 2100.107255 2104.052390 2107.881311 2107.949499 2111.748727 2115.586819
89.900000 2101.754383 2106.448910 2110.119367 2110.160230 2113.999814 2118.072287
90.000000 2104.319277 2108.822280 2112.154856 2112.180556 2115.944563 2119.434244
90.100000 2106.086112 2110.933438 2114.101481 2114.204968 2117.793015 2121.053097
90.180000 2108.036556 2112.473535 2115.865074 2115.870573 2119.495452 2122.664314
90.300000 2111.576432 2115.309502 2118.659111 2118.532264 2121.786092 2124.817496
90.400000 2113.786042 2117.497120 2120.778231 2120.618269 2123.733268 2126.557799
90.500000 2116.503497 2119.918199 2123.070282 2122.846673 2125.760936 2128.322672
90.600000 2119.292561 2122.358845 2125.513884 2125.343329 2128.245336 2131.328063
90.700000 2121.921148 2125.239684 2128.536639 2128.409539 2131.475723 2134.569511
90.800000 2125.190027 2128.370318 2131.420080 2131.353017 2134.330863 2137.099898
90.890000 2127.767964 2131.287004 2133.911401 2133.890530 2136.630647 2139.010993
91.000000 2131.077933 2134.056546 2136.732087 2136.579089 2139.122352 2141.286492
91.100000 2134.213506 2136.879899 2139.431024 2139.217671 2141.607928 2143.486343
91.200000 2137.711626 2140.205403 2142.598810 2142.520458 2144.737085 2146.710050
91.290000 2143.507176 2145.786452 2147.834205 2147.740801 2149.740441 2151.478638
91.390000 2146.814081 2148.633806 2150.269103 2150.236504 2151.987900 2153.619114
91.500000 2149.032765 2150.558923 2152.216839 2152.195233 2153.869244 2155.320776
91.600000 2150.484424 2152.145766 2153.819825 2153.791436 2155.505917 2156.910710
91.680000 2151.832935 2153.373545 2155.039502 2155.050357 2156.843858 2158.325855
91.800000 2153.613581 2155.113431 2157.001046 2156.944141 2158.752048 2160.437755
91.900000 2155.082544 2156.683646 2158.617412 2158.579540 2160.393982 2162.041601
92.000000 2156.762308 2158.555597 2160.417227 2160.388246 2162.114880 2163.912517
92.100000 2158.597283 2160.580374 2162.324933 2162.367363 2164.110561 2166.109147
92.200000 2161.146795 2162.808724 2164.641085 2164.782597 2166.717957 2169.041687
92.300000 2163.413447 2165.382114 2167.403130 2167.430970 2169.508161 2171.431938
92.390000 2165.739813 2167.768160 2170.061438 2169.980064 2172.069530 2173.785050
92.500000 2168.869278 2171.177191 2173.126663 2173.159320 2175.153519 2177.464053
92.600000 2172.040597 2173.798239 2175.719531 2175.894903 2178.025740 2180.494086
92.700000 2174.408929 2176.147513 2178.040674 2178.257696 2180.455229 2182.876057
92.790000 2176.143432 2177.918578 2180.130547 2180.227906 2182.573548 2184.500829
92.900000 2178.361416 2180.252208 2182.575176 2182.548154 2184.743702 2186.494363
93.000000 2180.668669 2182.630770 2184.759079 2184.704253 2186.767887 2188.428542
93.100000 2183.507527 2185.557451 2187.398456 2187.249589 2188.992021 2190.390801
93.180000 2185.629958 2187.388104 2189.022281 2189.036314 2190.718663 2192.485683
93.300000 2188.019835 2189.761284 2191.204170 2191.266231 2192.779359 2194.541052
93.400000 2189.718108 2191.398638 2192.870746 2192.882291 2194.377800 2196.211075
93.500000 2191.200221 2192.802721 2194.344753 2194.382975 2195.890789 2197.688164
93.600000 2192.791012 2194.296883 2195.829380 2195.880076 2197.397222 2199.151310
93.700000 2194.337177 2195.774549 2197.321782 2197.357054 2198.936812 2200.633893
93.800000 2195.850929 2197.240097 2198.814313 2198.838458 2200.458462 2202.184061
93.890000 2197.173607 2198.637175 2200.147378 2200.205049 2201.788148 2203.466861
94.000000 2198.782706 2200.268439 2201.798540 2201.883872 2203.591112 2205.222273
94.100000 2200.242331 2201.893950 2203.411013 2203.517419 2205.200040 2207.218699
94.200000 2201.781546 2203.492335 2205.166467 2205.344562 2207.188732 2209.894537
94.290000 2203.394706 2205.111442 2206.950750 2207.163202 2209.116542 2212.366584
94.400000 2205.390137 2207.145311 2209.364015 2209.714214 2212.351692 2215.803625
94.500000 2207.153796 2208.919916 2211.624006 2212.004217 2215.206635 2218.905186
94.600000 2208.996822 2211.052532 2214.308543 2214.537764 2217.973071 2221.613498
94.670000 2210.501600 2212.797439 2216.397022 2216.511156 2220.061726 2223.619391
94.800000 2213.085719 2216.778739 2220.522864 2220.495582 2224.240026 2227.212189
94.900000 2215.274108 2219.892294 2223.846118 2223.504613 2227.015397 2229.999557
95.000000 2218.141986 2222.849688 2226.739368 2226.313793 2229.750976 2232.410937
95.100000 2221.517084 2226.010535 2229.867938 2229.269693 2232.405775 2234.610104
95.200000 2225.482731 2229.902668 2232.629753 2232.281117 2234.750179 2236.781654
95.300000 2233.286846 2235.343405 2237.118537 2237.191139 2239.027966 2241.192161
95.390000 2235.731265 2237.689595 2239.722034 2239.680647 2241.675465 2244.180750
95.400000 2235.894518 2237.904700 2239.957726 2239.944108 2241.930394 2244.276251
95.500000 2237.846961 2240.094543 2242.200096 2242.183373 2244.313644 2246.177609
95.600000 2239.703325 2242.390830 2244.410329 2244.378934 2246.530868 2248.288354
95.690000 2241.551884 2244.406699 2246.484571 2246.474499 2248.694408 2250.393996
95.700000 2241.732598 2244.685298 2246.789728 2246.736344 2248.988145 2250.591803
95.710000 2242.112956 2244.916113 2247.045031 2246.988462 2249.234652 2250.920185
95.800000 2244.993290 2247.120271 2249.356513 2249.266373 2251.408556 2253.082500
95.900000 2247.680597 2249.787754 2251.966679 2252.010276 2254.112430 2256.858010
96.000000 2250.140707 2252.117306 2254.457136 2254.674219 2257.081306 2260.528828
96.100000 2252.115112 2254.578776 2256.967248 2257.228082 2259.831607 2263.584152
96.200000 2254.093037 2256.707999 2259.504670 2260.147556 2262.609085 2276.634880
96.300000 2256.292975 2259.214502 2262.424704 2263.185899 2265.255048 2292.649636
96.350000 2257.478478 2260.489476 2263.785384 2264.583019 2266.658051 2294.237729
96.400000 2258.739608 2261.966722 2265.432997 2266.056728 2268.104175 2295.643037
96.500000 2260.682942 2265.016878 2269.003523 2270.356385 2273.508537 2296.805270
96.600000 2262.884425 2267.825718 2273.243219 2277.899523 2289.984412 2298.993801
96.680000 2264.266208 2270.396646 2279.578577 2282.452193 2295.482304 2301.681422
96.800000 2266.352529 2287.977867 2295.595002 2292.810966 2300.900691 2304.878175
96.900000 2268.300920 2293.269147 2300.274696 2297.331016 2305.149048 2308.184850
97.000000 2270.185233 2297.541853 2305.395811 2301.882201 2309.247614 2312.684260
97.100000 2272.614216 2304.240693 2309.955186 2306.806714 2313.611302 2317.889709
97.200000 2275.069363 2308.462453 2313.189354 2310.621223 2317.454433 2321.556982
97.300000 2280.135664 2311.523138 2316.708786 2314.231224 2321.291481 2324.412802
97.400000 2285.784048 2314.366703 2320.530309 2317.613632 2324.400558 2327.034849
97.500000 2290.646183 2317.506306 2323.862948 2321.018572 2327.043388 2329.793375
97.600000 2296.089571 2320.698119 2326.658641 2323.993280 2329.429788 2331.983232
97.700000 2301.581296 2323.962329 2328.838695 2326.583205 2331.313955 2333.501261
97.800000 2309.435605 2327.065819 2330.998873 2329.297373 2333.135146 2335.038039
97.910000 2319.328208 2330.238702 2333.227588 2332.262933 2335.080898 2336.807625
98.000000 2326.657545 2332.758452 2335.179227 2334.612339 2336.940589 2338.708093
98.100000 2331.853211 2335.109498 2337.135233 2336.806711 2338.859587 2340.700496
98.180000 2333.858455 2336.763793 2338.588643 2338.339066 2340.227277 2341.963403
98.300000 2336.401867 2338.831210 2340.552234 2340.403573 2342.286137 2344.114253
98.400000 2338.387058 2340.489607 2342.204895 2342.079116 2343.968011 2345.669372
98.500000 2340.240682 2342.256253 2343.849999 2343.757037 2345.547903 2347.300106
98.600000 2342.313077 2344.077337 2345.590375 2345.475631 2347.238931 2348.967922
98.700000 2344.210064 2345.746757 2347.413456 2347.370458 2349.137012 2351.288368
98.800000 2346.179027 2347.804472 2349.516694 2349.652822 2351.853890 2355.029629
98.900000 2347.985728 2349.608898 2351.584668 2351.791664 2354.247337 2357.977429
99.000000 2349.612618 2351.436076 2353.805320 2354.122702 2357.169286 2360.981225
99.100000 2351.278235 2353.277491 2356.250139 2356.494080 2360.132722 2363.349247
99.200000 2352.811053 2355.166677 2358.671525 2358.819062 2362.689005 2365.802712
99.300000 2354.396981 2357.133304 2361.176967 2361.091631 2365.072697 2367.966628
99.410000 2356.247708 2359.331700 2363.602418 2363.399861 2367.236431 2369.961936
99.500000 2357.812944 2361.249400 2365.591764 2365.217212 2368.902106 2371.787393
99.600000 2359.975132 2363.436674 2367.599126 2367.164724 2370.584878 2373.373536
99.680000 2361.682184 2365.292275 2369.098076 2368.755854 2371.956693 2374.947086
99.800000 2364.101540 2367.992418 2371.349855 2371.199615 2374.252957 2378.031100
99.900000 2366.629404 2370.599426 2373.525583 2373.554947 2376.499381 2380.855930
100.000000 2369.214771 2372.805805 2375.941982 2376.156157 2379.343091 2385.859639
100.100000 2371.957017 2374.980925 2378.497435 2378.971866 2383.163933 2388.610532
100.200000 2374.111626 2377.457456 2381.799596 2382.069782 2387.008810 2391.434535
100.300000 2376.526938 2380.314484 2385.696924 2385.279776 2389.905741 2393.823113
100.400000 2378.374183 2383.560422 2388.838535 2388.305348 2392.561585 2396.949809
100.500000 2381.268086 2387.361047 2391.604931 2391.379413 2395.735427 2399.889522
100.600000 2384.547357 2390.281206 2393.944804 2394.053737 2398.698757 2402.689674
100.700000 2387.898568 2392.599180 2396.421101 2396.540682 2401.330119 2404.590900
100.800000 2390.309039 2394.988662 2398.925465 2398.943059 2403.348582 2406.395532
100.910000 2393.402797 2397.199992 2401.871906 2401.460455 2405.770470 2408.107986
101.000000 2395.572456 2399.361919 2404.036859 2403.472759 2407.558377 2409.500564
101.100000 2397.755051 2401.729778 2406.274437 2405.597326 2409.138591 2411.124906
101.180000 2399.605682 2403.916695 2407.821782 2407.239140 2410.331560 2412.304151
101.300000 2402.970364 2407.150678 2409.910950 2409.594626 2412.164484 2413.947903
101.400000 2405.915803 2409.195275 2411.647154 2411.396231 2413.725722 2415.326627
101.500000 2408.150038 2410.921281 2413.232821 2413.016001 2415.259517 2416.785746
101.600000 2410.029189 2412.565081 2414.651367 2414.542308 2416.685749 2418.328161
101.700000 2411.986179 2414.145392 2416.070621 2416.023859 2417.973384 2419.674121
101.800000 2413.828105 2415.694683 2417.467524 2417.497392 2419.309929 2421.000982
101.900000 2415.439801 2417.338419 2419.074860 2419.086724 2420.890563 2422.504112
102.000000 2417.212944 2419.059852 2420.834213 2420.842462 2422.588434 2424.395543
102.100000 2419.714059 2421.263965 2422.985149 2423.007901 2424.785543 2426.381263
102.200000 2422.194305 2423.870498 2425.636338 2425.668942 2427.354801 2429.465421
102.300000 2425.720864 2427.429735 2429.315744 2429.367886 2431.394381 2433.608150
102.410000 2428.463486 2430.198308 2432.030385 2432.140193 2434.153317 2436.606373
102.500000 2430.223445 2431.985295 2433.917168 2434.016433 2436.026743 2438.493439
102.610000 2431.947854 2433.920502 2436.005401 2436.086749 2438.207379 2440.870012
102.680000 2433.239163 2435.147323 2437.299379 2437.430229 2439.712299 2442.287052
102.800000 2435.254064 2437.355122 2439.645300 2439.839100 2442.483583 2444.652205
102.900000 2436.974559 2439.174633 2441.937614 2441.896403 2444.552389 2446.769914
103.000000 2438.917481 2441.210263 2444.133314 2443.890761 2446.431027 2448.435078
103.100000 2440.767685 2443.500274 2446.376653 2446.095774 2448.568476 2450.457925
103.200000 2443.038513 2445.905258 2448.659657 2448.340538 2450.722860 2452.388990
103.300000 2445.073171 2448.049605 2450.434165 2450.185920 2452.288279 2453.999765
103.400000 2447.287816 2449.776686 2452.016541 2451.786154 2453.765159 2455.295092
103.500000 2449.433711 2451.813398 2453.603106 2453.493960 2455.219067 2456.771257
103.600000 2451.713599 2453.605366 2455.223886 2455.175769 2456.783423 2458.294280
103.700000 2453.957464 2455.423624 2456.837974 2456.832994 2458.310814 2460.038762
103.800000 2455.463785 2456.864221 2458.230896 2458.304731 2459.744519 2461.549014
103.910000 2457.021213 2458.283068 2459.611566 2459.753932 2461.285047 2463.145273
104.000000 2458.125333 2459.463353 2460.830398 2460.904417 2462.375755 2464.193722
104.110000 2459.450055 2460.866406 2462.181698 2462.310733 2463.806976 2465.732064
104.180000 2460.522334 2461.797786 2463.057315 2463.239853 2464.703060 2466.831916
104.300000 2461.904123 2463.280310 2464.612412 2464.754659 2466.217078 2468.418105
104.400000 2463.164224 2464.511505 2465.982887 2466.081476 2467.608084 2469.829608
104.500000 2464.330372 2465.688505 2467.264484 2467.389096 2469.109643 2471.367514
104.600000 2465.648383 2467.011172 2468.620442 2468.779357 2470.489267 2473.004235
104.700000 2467.129902 2468.521521 2470.131632 2470.351406 2472.177526 2474.659636
104.800000 2468.553886 2470.199434 2472.003196 2472.234263 2474.303321 2476.897537
104.900000 2470.595122 2472.386854 2474.459238 2474.586432 2477.016119 2478.828017
105.000000 2472.363218 2474.481738 2477.023231 2476.899046 2479.272691 2480.605659
105.100000 2475.042434 2477.505861 2479.782418 2479.464663 2481.252610 2482.573100
105.200000 2478.404194 2480.691558 2481.982148 2481.831416 2483.064146 2484.257226
105.300000 2482.119492 2482.992372 2483.892285 2483.916370 2484.801160 2485.848751
