age(kyr) mean(permil) sigma(permil)
1390.000000 3.720721 0.216220
1391.000000 3.717154 0.211900
1392.000000 3.713537 0.207299
1393.000000 3.709871 0.202361
1394.000000 3.706154 0.197012
1395.000000 3.702387 0.191163
1396.000000 3.698568 0.184713
1397.000000 3.694807 0.177581
1398.000000 3.691017 0.169680
1399.000000 3.687723 0.161520
1400.000000 3.686672 0.154515
1401.000000 3.690890 0.150171
1402.000000 3.706721 0.147371
1403.000000 3.740947 0.145456
1404.000000 3.782635 0.144272
1405.000000 3.830677 0.142175
1406.000000 3.886392 0.140850
1407.000000 3.954965 0.139811
1408.000000 4.025559 0.137619
1409.000000 4.088147 0.134326
1410.000000 4.135598 0.131807
1411.000000 4.161699 0.130438
1412.000000 4.165588 0.130288
1413.000000 4.151763 0.129874
1414.000000 4.129901 0.128963
1415.000000 4.105721 0.128042
1416.000000 4.077235 0.127202
1417.000000 4.049561 0.126625
1418.000000 4.024434 0.126142
1419.000000 4.000588 0.125431
1420.000000 3.979696 0.124015
1421.000000 3.954665 0.123081
1422.000000 3.922872 0.123027
1423.000000 3.886953 0.122919
1424.000000 3.848656 0.122771
1425.000000 3.805054 0.122821
1426.000000 3.755487 0.123492
1427.000000 3.702040 0.123905
1428.000000 3.647382 0.124676
1429.000000 3.599054 0.123991
1430.000000 3.559399 0.123567
1431.000000 3.528130 0.124055
1432.000000 3.497580 0.123712
1433.000000 3.466415 0.122684
1434.000000 3.434433 0.122557
1435.000000 3.406460 0.122466
1436.000000 3.380854 0.121978
1437.000000 3.359742 0.121612
1438.000000 3.342872 0.122406
1439.000000 3.329368 0.122895
1440.000000 3.320533 0.123922
1441.000000 3.313733 0.125810
1442.000000 3.309658 0.128534
1443.000000 3.305883 0.131603
1444.000000 3.307022 0.135646
1445.000000 3.314997 0.140707
1446.000000 3.332443 0.146371
1447.000000 3.370063 0.152835
1448.000000 3.434553 0.159207
1449.000000 3.525606 0.164542
1450.000000 3.635542 0.168738
1451.000000 3.753546 0.171736
1452.000000 3.869619 0.173525
1453.000000 3.979265 0.174927
1454.000000 4.079165 0.175568
1455.000000 4.155405 0.174822
1456.000000 4.204335 0.173341
1457.000000 4.230066 0.172814
1458.000000 4.238432 0.172595
1459.000000 4.232448 0.172713
1460.000000 4.213811 0.173406
1461.000000 4.183935 0.174643
1462.000000 4.144633 0.176385
1463.000000 4.098223 0.177998
1464.000000 4.049002 0.179704
1465.000000 3.996285 0.181818
1466.000000 3.937065 0.183873
1467.000000 3.876722 0.185750
1468.000000 3.812926 0.186743
1469.000000 3.748464 0.186851
1470.000000 3.688042 0.185990
1471.000000 3.635169 0.184911
1472.000000 3.589321 0.183724
1473.000000 3.550254 0.181784
1474.000000 3.518924 0.179327
1475.000000 3.491923 0.176359
1476.000000 3.470140 0.173386
1477.000000 3.450364 0.170628
1478.000000 3.435039 0.168170
1479.000000 3.425552 0.165912
1480.000000 3.418759 0.163443
1481.000000 3.414212 0.161372
1482.000000 3.409318 0.159717
1483.000000 3.407169 0.158768
1484.000000 3.407220 0.157832
1485.000000 3.413639 0.157648
1486.000000 3.426386 0.158251
1487.000000 3.451050 0.159783
1488.000000 3.491049 0.161681
1489.000000 3.553615 0.164066
1490.000000 3.642584 0.167427
1491.000000 3.754186 0.169541
1492.000000 3.877291 0.170287
1493.000000 3.990650 0.169956
1494.000000 4.083897 0.168642
1495.000000 4.158834 0.167079
1496.000000 4.220062 0.165510
1497.000000 4.265934 0.164255
1498.000000 4.295235 0.163003
1499.000000 4.306015 0.161536
1500.000000 4.304021 0.160414
1501.000000 4.291928 0.159145
1502.000000 4.273720 0.157534
1503.000000 4.252004 0.156539
1504.000000 4.228105 0.155836
1505.000000 4.200426 0.154438
1506.000000 4.169476 0.153410
1507.000000 4.136280 0.152874
1508.000000 4.098403 0.152164
1509.000000 4.055858 0.151801
1510.000000 4.008706 0.152443
1511.000000 3.961124 0.153183
1512.000000 3.913740 0.152655
1513.000000 3.868090 0.151572
1514.000000 3.827011 0.151207
1515.000000 3.791874 0.151018
1516.000000 3.766135 0.150762
1517.000000 3.746420 0.150750
1518.000000 3.729996 0.151170
1519.000000 3.721611 0.151838
1520.000000 3.718033 0.152452
1521.000000 3.722166 0.153697
1522.000000 3.739952 0.155551
1523.000000 3.772122 0.157500
1524.000000 3.818101 0.159785
1525.000000 3.878844 0.160191
1526.000000 3.941725 0.158394
1527.000000 3.999288 0.156177
1528.000000 4.053537 0.154297
1529.000000 4.112764 0.151886
1530.000000 4.184563 0.149338
1531.000000 4.258589 0.146078
1532.000000 4.321199 0.141072
1533.000000 4.361373 0.134814
1534.000000 4.386125 0.130032
1535.000000 4.397795 0.126352
1536.000000 4.400965 0.123249
1537.000000 4.401344 0.120889
1538.000000 4.391889 0.119113
1539.000000 4.370422 0.118837
1540.000000 4.334522 0.119051
1541.000000 4.281343 0.120581
1542.000000 4.214090 0.122532
1543.000000 4.147975 0.124121
1544.000000 4.092823 0.125941
1545.000000 4.050550 0.129016
1546.000000 4.016803 0.133252
1547.000000 3.989884 0.137939
1548.000000 3.967760 0.143140
1549.000000 3.945435 0.147975
1550.000000 3.919435 0.152629
1551.000000 3.891315 0.156479
1552.000000 3.861185 0.158178
1553.000000 3.835652 0.159874
1554.000000 3.816106 0.161801
1555.000000 3.805871 0.163852
1556.000000 3.803901 0.165160
1557.000000 3.803998 0.165596
1558.000000 3.798699 0.166003
1559.000000 3.782826 0.167066
1560.000000 3.760094 0.168286
1561.000000 3.735556 0.168814
1562.000000 3.713821 0.168758
1563.000000 3.700873 0.168862
1564.000000 3.703032 0.168836
1565.000000 3.721889 0.168798
1566.000000 3.752529 0.168266
1567.000000 3.794357 0.167716
1568.000000 3.851258 0.167728
1569.000000 3.921346 0.167583
1570.000000 3.995025 0.165346
1571.000000 4.063434 0.160907
1572.000000 4.118118 0.155610
1573.000000 4.155857 0.150259
1574.000000 4.172749 0.146343
1575.000000 4.170677 0.143397
1576.000000 4.156551 0.141254
1577.000000 4.134083 0.139051
1578.000000 4.104904 0.136910
1579.000000 4.074848 0.135537
1580.000000 4.046312 0.135196
1581.000000 4.015091 0.135832
1582.000000 3.985055 0.136569
1583.000000 3.957262 0.138446
1584.000000 3.932476 0.140797
1585.000000 3.909746 0.142928
1586.000000 3.889862 0.145308
1587.000000 3.872963 0.148202
1588.000000 3.856092 0.150866
1589.000000 3.837224 0.153409
1590.000000 3.814362 0.155232
1591.000000 3.792314 0.156384
1592.000000 3.769420 0.157289
1593.000000 3.742852 0.157950
1594.000000 3.711157 0.158866
1595.000000 3.675136 0.159770
1596.000000 3.636332 0.160177
1597.000000 3.594911 0.160136
1598.000000 3.553549 0.159643
1599.000000 3.519117 0.158292
1600.000000 3.494909 0.157315
1601.000000 3.482235 0.157047
1602.000000 3.482589 0.157227
1603.000000 3.497055 0.157185
1604.000000 3.529372 0.155543
1605.000000 3.569361 0.153849
1606.000000 3.607386 0.151504
1607.000000 3.638827 0.148427
1608.000000 3.667603 0.145666
1609.000000 3.695605 0.142529
1610.000000 3.718728 0.139164
1611.000000 3.738225 0.136238
1612.000000 3.755472 0.133682
1613.000000 3.769658 0.131528
1614.000000 3.780839 0.129961
1615.000000 3.784398 0.128877
1616.000000 3.781897 0.127817
1617.000000 3.778119 0.126974
1618.000000 3.769230 0.126602
1619.000000 3.758323 0.126993
1620.000000 3.748603 0.127637
1621.000000 3.743286 0.128284
1622.000000 3.739819 0.128812
1623.000000 3.741730 0.130262
1624.000000 3.746485 0.132253
1625.000000 3.751272 0.134186
1626.000000 3.750410 0.136333
1627.000000 3.744654 0.138576
1628.000000 3.734014 0.141644
1629.000000 3.720276 0.144474
1630.000000 3.702978 0.147058
1631.000000 3.683981 0.149472
1632.000000 3.666700 0.152291
1633.000000 3.656581 0.155556
1634.000000 3.657003 0.158649
1635.000000 3.662658 0.162152
1636.000000 3.672585 0.165965
1637.000000 3.691967 0.169827
1638.000000 3.723102 0.173391
1639.000000 3.762950 0.176206
1640.000000 3.809365 0.177973
1641.000000 3.858866 0.179118
1642.000000 3.911112 0.178999
1643.000000 3.964774 0.178795
1644.000000 4.020950 0.178134
1645.000000 4.077892 0.176166
1646.000000 4.130811 0.173274
1647.000000 4.175142 0.169605
1648.000000 4.208246 0.165674
1649.000000 4.232003 0.160699
1650.000000 4.243245 0.155314
1651.000000 4.246635 0.149862
1652.000000 4.242699 0.144839
1653.000000 4.230938 0.139837
1654.000000 4.218854 0.135305
1655.000000 4.209661 0.131041
1656.000000 4.203584 0.127072
1657.000000 4.200498 0.123565
1658.000000 4.194900 0.121011
1659.000000 4.187527 0.119295
1660.000000 4.183222 0.118265
1661.000000 4.182080 0.117851
1662.000000 4.180231 0.117457
1663.000000 4.176434 0.117611
1664.000000 4.162683 0.117797
1665.000000 4.139335 0.119006
1666.000000 4.110284 0.120971
1667.000000 4.069060 0.123394
1668.000000 4.017373 0.124945
1669.000000 3.966609 0.125400
1670.000000 3.918678 0.125782
1671.000000 3.866153 0.127027
1672.000000 3.812728 0.128960
1673.000000 3.764033 0.129759
1674.000000 3.724598 0.129519
1675.000000 3.696082 0.129393
1676.000000 3.673442 0.129318
1677.000000 3.657477 0.128557
1678.000000 3.646204 0.127408
1679.000000 3.644731 0.127333
1680.000000 3.647451 0.127484
1681.000000 3.652824 0.127607
1682.000000 3.660686 0.127031
1683.000000 3.675065 0.127597
1684.000000 3.694697 0.128892
1685.000000 3.717204 0.129936
1686.000000 3.742652 0.130969
1687.000000 3.767695 0.131407
1688.000000 3.790332 0.130955
1689.000000 3.807080 0.130844
1690.000000 3.816594 0.131223
1691.000000 3.824092 0.131733
1692.000000 3.829108 0.133074
1693.000000 3.834355 0.134480
1694.000000 3.843403 0.135727
1695.000000 3.860748 0.137434
1696.000000 3.894225 0.140136
1697.000000 3.952541 0.143163
1698.000000 4.030251 0.143770
1699.000000 4.105589 0.141984
1700.000000 4.160408 0.140284
1701.000000 4.184326 0.139673
1702.000000 4.186536 0.139933
1703.000000 4.171722 0.140837
1704.000000 4.147160 0.142223
1705.000000 4.115188 0.144153
1706.000000 4.076676 0.146929
1707.000000 4.034470 0.150265
1708.000000 3.989384 0.153130
1709.000000 3.943409 0.155857
1710.000000 3.900645 0.159037
1711.000000 3.863179 0.162241
1712.000000 3.830234 0.165369
1713.000000 3.798647 0.168125
1714.000000 3.769652 0.170860
1715.000000 3.745122 0.173196
1716.000000 3.724119 0.175022
1717.000000 3.709140 0.176440
1718.000000 3.701741 0.177256
1719.000000 3.710497 0.177126
1720.000000 3.731185 0.176624
1721.000000 3.760944 0.175561
1722.000000 3.793104 0.174579
1723.000000 3.824243 0.173904
1724.000000 3.849074 0.172279
1725.000000 3.867427 0.170240
1726.000000 3.878570 0.168669
1727.000000 3.882890 0.167559
1728.000000 3.880542 0.166957
1729.000000 3.869475 0.167008
1730.000000 3.851676 0.167483
1731.000000 3.828720 0.168456
1732.000000 3.800812 0.170084
1733.000000 3.769905 0.172031
1734.000000 3.741498 0.173510
1735.000000 3.721788 0.174807
1736.000000 3.707309 0.176197
1737.000000 3.697893 0.178017
1738.000000 3.693749 0.179923
1739.000000 3.694650 0.182382
1740.000000 3.700292 0.184904
1741.000000 3.714057 0.187321
1742.000000 3.739509 0.189552
1743.000000 3.773868 0.191280
1744.000000 3.816770 0.192708
1745.000000 3.863552 0.193642
1746.000000 3.911025 0.193826
1747.000000 3.953809 0.193564
1748.000000 3.983596 0.193297
1749.000000 3.999377 0.193041
1750.000000 4.004982 0.192592
1751.000000 4.002267 0.192487
1752.000000 3.991413 0.191903
1753.000000 3.972080 0.190500
1754.000000 3.942286 0.188500
1755.000000 3.907220 0.186299
1756.000000 3.872371 0.183740
1757.000000 3.834511 0.181628
1758.000000 3.793759 0.179077
1759.000000 3.754545 0.176465
1760.000000 3.718281 0.173777
1761.000000 3.690159 0.170766
1762.000000 3.668843 0.167932
1763.000000 3.650584 0.165564
1764.000000 3.633067 0.163160
1765.000000 3.619034 0.160479
1766.000000 3.609581 0.158084
1767.000000 3.600968 0.156598
1768.000000 3.591878 0.154989
1769.000000 3.583180 0.153980
1770.000000 3.573113 0.153252
1771.000000 3.563587 0.152342
1772.000000 3.559015 0.151999
1773.000000 3.559803 0.152381
1774.000000 3.565999 0.152440
1775.000000 3.576498 0.152431
1776.000000 3.592108 0.151993
1777.000000 3.614629 0.151082
1778.000000 3.642404 0.150814
1779.000000 3.674524 0.149913
1780.000000 3.707440 0.148570
1781.000000 3.740347 0.146726
1782.000000 3.775219 0.144431
1783.000000 3.807331 0.142118
1784.000000 3.832628 0.140182
1785.000000 3.859276 0.138507
1786.000000 3.888473 0.137051
1787.000000 3.924332 0.136669
1788.000000 3.966173 0.136909
1789.000000 4.010376 0.136291
1790.000000 4.049938 0.134586
1791.000000 4.083037 0.134164
1792.000000 4.100315 0.134548
1793.000000 4.101140 0.136047
1794.000000 4.089107 0.137803
1795.000000 4.069532 0.138858
1796.000000 4.045841 0.139542
1797.000000 4.016527 0.140583
1798.000000 3.985028 0.141994
1799.000000 3.950138 0.143069
1800.000000 3.908909 0.143846
1801.000000 3.864227 0.144656
1802.000000 3.819540 0.144995
1803.000000 3.774333 0.144946
1804.000000 3.733409 0.145130
1805.000000 3.695641 0.145124
1806.000000 3.663119 0.144278
1807.000000 3.633252 0.143810
1808.000000 3.604255 0.143926
1809.000000 3.576363 0.144464
1810.000000 3.563386 0.144092
1811.000000 3.567309 0.144292
1812.000000 3.581616 0.145301
1813.000000 3.599661 0.146424
1814.000000 3.619073 0.147985
1815.000000 3.635969 0.150035
1816.000000 3.649374 0.152377
1817.000000 3.658697 0.154656
1818.000000 3.666172 0.156343
1819.000000 3.672671 0.158220
1820.000000 3.678692 0.160399
1821.000000 3.682082 0.162810
1822.000000 3.687079 0.165220
1823.000000 3.692247 0.166906
1824.000000 3.700590 0.168910
1825.000000 3.714220 0.170906
1826.000000 3.732609 0.172386
1827.000000 3.749474 0.173353
1828.000000 3.767177 0.174223
1829.000000 3.786662 0.174389
1830.000000 3.804841 0.173862
1831.000000 3.821138 0.173290
1832.000000 3.829278 0.172743
1833.000000 3.828496 0.171965
1834.000000 3.823245 0.171469
1835.000000 3.815363 0.171583
1836.000000 3.803713 0.172052
1837.000000 3.786619 0.172165
1838.000000 3.765261 0.171572
1839.000000 3.742834 0.170908
1840.000000 3.720347 0.170638
1841.000000 3.700701 0.170768
1842.000000 3.678405 0.170926
1843.000000 3.653314 0.171040
1844.000000 3.629699 0.171634
1845.000000 3.612436 0.172233
1846.000000 3.600559 0.172288
1847.000000 3.595153 0.172400
1848.000000 3.597342 0.173386
1849.000000 3.607345 0.175079
1850.000000 3.623699 0.176857
1851.000000 3.641898 0.178707
1852.000000 3.661695 0.180553
1853.000000 3.685572 0.182573
1854.000000 3.716539 0.185049
1855.000000 3.752949 0.187113
1856.000000 3.792351 0.189075
1857.000000 3.835131 0.190582
1858.000000 3.884348 0.192547
1859.000000 3.936832 0.194307
1860.000000 3.986228 0.195211
1861.000000 4.027306 0.194851
1862.000000 4.058241 0.194128
1863.000000 4.076976 0.192630
1864.000000 4.083792 0.190631
1865.000000 4.080462 0.188799
1866.000000 4.069268 0.186549
1867.000000 4.047755 0.184132
1868.000000 4.017363 0.180591
1869.000000 3.982914 0.176136
1870.000000 3.949287 0.171375
1871.000000 3.919539 0.166475
1872.000000 3.890347 0.162046
1873.000000 3.861677 0.157226
1874.000000 3.834154 0.152147
1875.000000 3.805672 0.147520
1876.000000 3.778949 0.143036
1877.000000 3.753431 0.138565
1878.000000 3.730100 0.134411
1879.000000 3.711334 0.130366
1880.000000 3.696472 0.126705
1881.000000 3.685770 0.123590
1882.000000 3.679232 0.120729
1883.000000 3.671565 0.118157
1884.000000 3.658946 0.116229
1885.000000 3.643492 0.115172
1886.000000 3.623284 0.114303
1887.000000 3.601605 0.113508
1888.000000 3.584898 0.113342
1889.000000 3.577017 0.114032
1890.000000 3.572079 0.115190
1891.000000 3.567341 0.116192
1892.000000 3.567996 0.117696
1893.000000 3.587845 0.119608
1894.000000 3.628441 0.122963
1895.000000 3.689593 0.125288
1896.000000 3.761728 0.125987
1897.000000 3.830416 0.125088
1898.000000 3.895578 0.125051
1899.000000 3.964993 0.125877
1900.000000 4.034720 0.124947
1901.000000 4.088554 0.123517
1902.000000 4.117564 0.122764
1903.000000 4.125146 0.122385
1904.000000 4.115393 0.122750
1905.000000 4.096813 0.122551
1906.000000 4.069843 0.122585
1907.000000 4.040603 0.121916
1908.000000 4.010843 0.120818
1909.000000 3.979309 0.118987
1910.000000 3.951917 0.118292
1911.000000 3.927018 0.117374
1912.000000 3.898801 0.115812
1913.000000 3.868280 0.113475
1914.000000 3.842370 0.111298
1915.000000 3.819204 0.109268
1916.000000 3.800287 0.107225
1917.000000 3.779514 0.106153
1918.000000 3.754706 0.105832
1919.000000 3.728853 0.105046
1920.000000 3.704302 0.104983
1921.000000 3.680156 0.104958
1922.000000 3.658652 0.104715
1923.000000 3.641227 0.105343
1924.000000 3.627481 0.106216
1925.000000 3.610437 0.108231
1926.000000 3.586283 0.110400
1927.000000 3.557039 0.112880
1928.000000 3.532284 0.115363
1929.000000 3.511238 0.117549
1930.000000 3.489865 0.120539
1931.000000 3.468013 0.123353
1932.000000 3.448497 0.125876
1933.000000 3.429951 0.128357
1934.000000 3.415164 0.130826
1935.000000 3.412126 0.133030
1936.000000 3.421033 0.135515
1937.000000 3.445371 0.138516
1938.000000 3.487810 0.141746
1939.000000 3.543975 0.144996
1940.000000 3.610191 0.146941
1941.000000 3.674482 0.147413
1942.000000 3.739227 0.147209
1943.000000 3.803950 0.146676
1944.000000 3.861158 0.146160
1945.000000 3.908688 0.145458
1946.000000 3.945252 0.143928
1947.000000 3.969141 0.142168
1948.000000 3.977933 0.140732
1949.000000 3.974733 0.139370
1950.000000 3.962383 0.138327
1951.000000 3.946805 0.136760
1952.000000 3.927431 0.135078
1953.000000 3.908199 0.132985
1954.000000 3.891593 0.131610
1955.000000 3.876752 0.129766
1956.000000 3.862767 0.128692
1957.000000 3.850396 0.127389
1958.000000 3.841215 0.126171
1959.000000 3.830009 0.125047
1960.000000 3.819230 0.123895
1961.000000 3.809505 0.122089
1962.000000 3.798278 0.121242
1963.000000 3.786070 0.121044
1964.000000 3.773055 0.121325
1965.000000 3.762006 0.122326
1966.000000 3.747059 0.122599
1967.000000 3.728118 0.122073
1968.000000 3.703252 0.122065
1969.000000 3.677784 0.122867
1970.000000 3.648300 0.123318
1971.000000 3.616935 0.123476
1972.000000 3.587204 0.124106
1973.000000 3.560222 0.125082
1974.000000 3.531514 0.126874
1975.000000 3.498228 0.128735
1976.000000 3.465486 0.130670
1977.000000 3.437384 0.133244
1978.000000 3.413943 0.135134
1979.000000 3.397676 0.137145
1980.000000 3.386402 0.138932
1981.000000 3.385194 0.140926
1982.000000 3.397515 0.143715
1983.000000 3.422995 0.146042
1984.000000 3.453251 0.147995
1985.000000 3.482553 0.150042
1986.000000 3.508750 0.151574
1987.000000 3.528176 0.153481
1988.000000 3.545032 0.155537
1989.000000 3.566611 0.158049
1990.000000 3.598029 0.160600
1991.000000 3.639746 0.162922
1992.000000 3.691538 0.164534
1993.000000 3.745620 0.165586
1994.000000 3.793058 0.165842
1995.000000 3.830125 0.165349
1996.000000 3.855015 0.164245
1997.000000 3.872139 0.162878
1998.000000 3.883764 0.161588
1999.000000 3.889426 0.160409
2000.000000 3.892412 0.159216
2001.000000 3.894077 0.157288
2002.000000 3.893457 0.155388
2003.000000 3.890529 0.153738
2004.000000 3.888602 0.152410
2005.000000 3.884715 0.151481
2006.000000 3.878204 0.150768
2007.000000 3.866251 0.150132
2008.000000 3.850804 0.149767
2009.000000 3.833776 0.149385
2010.000000 3.816512 0.149191
2011.000000 3.801311 0.149843
2012.000000 3.784147 0.149628
2013.000000 3.764039 0.149292
2014.000000 3.740046 0.149247
2015.000000 3.713897 0.149219
2016.000000 3.688726 0.149387
2017.000000 3.661856 0.150109
2018.000000 3.635038 0.151044
2019.000000 3.604821 0.152637
2020.000000 3.568274 0.154406
2021.000000 3.526447 0.155284
2022.000000 3.481280 0.155506
2023.000000 3.438237 0.154854
2024.000000 3.404208 0.154406
2025.000000 3.380475 0.154262
2026.000000 3.367843 0.154761
2027.000000 3.367232 0.155478
2028.000000 3.381066 0.156632
2029.000000 3.406015 0.157903
2030.000000 3.439843 0.159831
2031.000000 3.475887 0.160893
2032.000000 3.513380 0.161828
2033.000000 3.551702 0.162959
2034.000000 3.588955 0.164374
2035.000000 3.622763 0.165205
2036.000000 3.650866 0.166136
2037.000000 3.672077 0.167362
2038.000000 3.692987 0.168565
2039.000000 3.713447 0.169815
2040.000000 3.730724 0.171175
2041.000000 3.745252 0.172836
2042.000000 3.754971 0.174728
2043.000000 3.762357 0.176675
2044.000000 3.766915 0.178437
2045.000000 3.766751 0.180450
2046.000000 3.763330 0.182870
2047.000000 3.757396 0.185248
2048.000000 3.747870 0.187151
2049.000000 3.739072 0.188486
2050.000000 3.732357 0.189681
2051.000000 3.728623 0.190237
2052.000000 3.729636 0.190605
2053.000000 3.736641 0.190673
2054.000000 3.748615 0.191160
2055.000000 3.767026 0.191172
2056.000000 3.790346 0.190657
2057.000000 3.819457 0.189599
2058.000000 3.848641 0.188056
2059.000000 3.875192 0.186035
2060.000000 3.900315 0.183416
2061.000000 3.925674 0.180381
2062.000000 3.955775 0.178081
2063.000000 3.992557 0.175976
2064.000000 4.033635 0.173008
2065.000000 4.077376 0.169561
2066.000000 4.119318 0.165516
2067.000000 4.156383 0.162128
2068.000000 4.186440 0.158422
2069.000000 4.212675 0.154621
2070.000000 4.229526 0.151148
2071.000000 4.233918 0.148574
2072.000000 4.226055 0.147027
2073.000000 4.208788 0.145413
2074.000000 4.181389 0.143649
2075.000000 4.150994 0.141249
2076.000000 4.122328 0.139705
2077.000000 4.104495 0.138851
2078.000000 4.094146 0.137572
2079.000000 4.087978 0.136496
2080.000000 4.083546 0.135612
2081.000000 4.079006 0.134709
2082.000000 4.070044 0.134514
2083.000000 4.050816 0.134144
2084.000000 4.018884 0.133549
2085.000000 3.980544 0.133394
2086.000000 3.944486 0.133489
2087.000000 3.909793 0.133746
2088.000000 3.878126 0.134167
2089.000000 3.849249 0.134602
2090.000000 3.824290 0.135294
2091.000000 3.799142 0.136259
2092.000000 3.773921 0.137944
2093.000000 3.751800 0.139044
2094.000000 3.728789 0.140871
2095.000000 3.708340 0.143410
2096.000000 3.688694 0.145938
2097.000000 3.673146 0.147791
2098.000000 3.662058 0.149233
2099.000000 3.659660 0.150749
2100.000000 3.660323 0.152436
2101.000000 3.663340 0.154143
2102.000000 3.666084 0.155296
2103.000000 3.670269 0.156191
2104.000000 3.674536 0.157688
2105.000000 3.679541 0.159237
2106.000000 3.684297 0.160591
2107.000000 3.687520 0.162074
2108.000000 3.688645 0.164188
2109.000000 3.686429 0.166358
2110.000000 3.682545 0.167981
2111.000000 3.680661 0.170196
2112.000000 3.680686 0.172697
2113.000000 3.681822 0.175182
2114.000000 3.682558 0.177355
2115.000000 3.684938 0.179546
2116.000000 3.689966 0.181258
2117.000000 3.695669 0.182843
2118.000000 3.700914 0.184545
2119.000000 3.705811 0.185645
2120.000000 3.706511 0.186102
2121.000000 3.706232 0.186339
2122.000000 3.705061 0.186112
2123.000000 3.700200 0.185411
2124.000000 3.687775 0.184512
2125.000000 3.668782 0.183572
2126.000000 3.648543 0.182852
2127.000000 3.627463 0.181704
2128.000000 3.603161 0.180573
2129.000000 3.577003 0.179539
2130.000000 3.549318 0.178572
2131.000000 3.522298 0.176739
2132.000000 3.498116 0.174544
2133.000000 3.479262 0.172500
2134.000000 3.467063 0.170847
2135.000000 3.459885 0.169450
2136.000000 3.456865 0.168240
2137.000000 3.459969 0.167288
2138.000000 3.467027 0.166582
2139.000000 3.480211 0.166251
2140.000000 3.501554 0.165988
2141.000000 3.535097 0.166343
2142.000000 3.582575 0.166435
2143.000000 3.645149 0.166576
2144.000000 3.724011 0.165924
2145.000000 3.810089 0.164822
2146.000000 3.896244 0.163209
2147.000000 3.978484 0.160942
2148.000000 4.056889 0.157936
2149.000000 4.119915 0.154454
2150.000000 4.166821 0.151428
2151.000000 4.201639 0.148926
2152.000000 4.226838 0.146551
2153.000000 4.239134 0.144733
2154.000000 4.238160 0.142797
2155.000000 4.222494 0.141225
2156.000000 4.197691 0.139662
2157.000000 4.171353 0.137894
2158.000000 4.146708 0.136288
2159.000000 4.125277 0.134646
2160.000000 4.106244 0.133348
2161.000000 4.083490 0.132104
2162.000000 4.055995 0.131316
2163.000000 4.021029 0.131287
2164.000000 3.980197 0.130985
2165.000000 3.936594 0.129565
2166.000000 3.893827 0.128380
2167.000000 3.856655 0.127187
2168.000000 3.824512 0.125929
2169.000000 3.799125 0.124251
2170.000000 3.780918 0.122962
2171.000000 3.766060 0.122305
2172.000000 3.744447 0.121348
2173.000000 3.710862 0.121343
2174.000000 3.666955 0.120856
2175.000000 3.620321 0.119844
2176.000000 3.576991 0.118846
2177.000000 3.542817 0.118103
2178.000000 3.517220 0.117794
2179.000000 3.497454 0.117956
2180.000000 3.486928 0.118129
2181.000000 3.483849 0.118136
2182.000000 3.488253 0.119334
2183.000000 3.499067 0.121004
2184.000000 3.517058 0.122667
2185.000000 3.542720 0.125101
2186.000000 3.572987 0.127409
2187.000000 3.607967 0.128657
2188.000000 3.639258 0.129930
2189.000000 3.670138 0.131987
2190.000000 3.702804 0.134057
2191.000000 3.732596 0.135150
2192.000000 3.760966 0.136979
2193.000000 3.787036 0.138160
2194.000000 3.805790 0.138835
2195.000000 3.819720 0.139246
2196.000000 3.831337 0.139660
2197.000000 3.839798 0.140458
2198.000000 3.845902 0.141238
2199.000000 3.850147 0.141106
2200.000000 3.848720 0.141431
2201.000000 3.843309 0.141722
2202.000000 3.832600 0.142024
2203.000000 3.817421 0.142709
2204.000000 3.798947 0.143327
2205.000000 3.775375 0.143563
2206.000000 3.748963 0.144354
2207.000000 3.720831 0.144738
2208.000000 3.685868 0.144128
2209.000000 3.652024 0.143366
2210.000000 3.622550 0.142514
2211.000000 3.599215 0.140896
2212.000000 3.583005 0.139747
2213.000000 3.568634 0.138905
2214.000000 3.556619 0.137824
2215.000000 3.545586 0.136993
2216.000000 3.535227 0.136684
2217.000000 3.525556 0.135925
2218.000000 3.513138 0.135136
2219.000000 3.497521 0.134864
2220.000000 3.479065 0.134347
2221.000000 3.464924 0.133837
2222.000000 3.452970 0.134067
2223.000000 3.442638 0.134835
2224.000000 3.436910 0.135553
2225.000000 3.433802 0.136615
2226.000000 3.433693 0.138236
2227.000000 3.436032 0.140402
2228.000000 3.442094 0.142345
2229.000000 3.454487 0.144731
2230.000000 3.467435 0.147852
2231.000000 3.477992 0.151220
2232.000000 3.495080 0.154986
2233.000000 3.527149 0.158754
2234.000000 3.575821 0.163108
2235.000000 3.642846 0.166991
2236.000000 3.720264 0.169593
2237.000000 3.789653 0.171421
2238.000000 3.844026 0.172902
2239.000000 3.884493 0.173906
2240.000000 3.910375 0.175054
2241.000000 3.921302 0.176463
2242.000000 3.919080 0.178327
2243.000000 3.908752 0.180282
2244.000000 3.892767 0.182503
2245.000000 3.870754 0.184513
2246.000000 3.844426 0.186430
2247.000000 3.813718 0.188531
2248.000000 3.779435 0.190465
2249.000000 3.741108 0.192609
2250.000000 3.697965 0.195091
2251.000000 3.651881 0.197424
2252.000000 3.603466 0.198713
2253.000000 3.553272 0.199465
2254.000000 3.504275 0.199552
2255.000000 3.456741 0.199490
2256.000000 3.416931 0.198097
2257.000000 3.386948 0.195881
2258.000000 3.367309 0.193667
2259.000000 3.354576 0.192123
2260.000000 3.349502 0.190862
2261.000000 3.352664 0.188981
2262.000000 3.364443 0.187364
2263.000000 3.381142 0.186069
2264.000000 3.401507 0.184997
2265.000000 3.423957 0.183459
2266.000000 3.451651 0.181724
2267.000000 3.484971 0.180211
2268.000000 3.522463 0.179459
2269.000000 3.563646 0.179233
2270.000000 3.609855 0.178555
2271.000000 3.659077 0.177861
2272.000000 3.710917 0.177098
2273.000000 3.759933 0.175873
2274.000000 3.807632 0.173850
2275.000000 3.853128 0.170958
2276.000000 3.894112 0.167996
2277.000000 3.929651 0.165490
2278.000000 3.957313 0.163002
2279.000000 3.973446 0.161195
2280.000000 3.981138 0.159457
2281.000000 3.980890 0.157255
2282.000000 3.973354 0.155352
2283.000000 3.959146 0.153644
2284.000000 3.940552 0.151899
2285.000000 3.916577 0.150066
2286.000000 3.886103 0.148379
2287.000000 3.851395 0.147144
2288.000000 3.813449 0.146074
2289.000000 3.772611 0.145276
2290.000000 3.727222 0.143801
2291.000000 3.682236 0.141439
2292.000000 3.638069 0.138771
2293.000000 3.596414 0.136633
2294.000000 3.557491 0.134975
2295.000000 3.517701 0.133430
2296.000000 3.478557 0.131982
2297.000000 3.446006 0.129481
2298.000000 3.426088 0.127340
2299.000000 3.417418 0.125243
2300.000000 3.415653 0.123790
2301.000000 3.420675 0.122409
2302.000000 3.432048 0.120796
2303.000000 3.446618 0.119506
2304.000000 3.464713 0.118173
2305.000000 3.490920 0.117040
2306.000000 3.521509 0.116488
2307.000000 3.559861 0.116281
2308.000000 3.603479 0.116693
2309.000000 3.647855 0.116701
2310.000000 3.685498 0.115900
2311.000000 3.712274 0.115065
2312.000000 3.732804 0.114342
2313.000000 3.747092 0.114714
2314.000000 3.756738 0.115545
2315.000000 3.762052 0.116702
2316.000000 3.764182 0.118875
2317.000000 3.765039 0.121206
2318.000000 3.763835 0.123841
2319.000000 3.759641 0.127223
2320.000000 3.757668 0.130417
2321.000000 3.762067 0.133552
2322.000000 3.766111 0.137181
2323.000000 3.763735 0.141071
2324.000000 3.751955 0.144981
2325.000000 3.730227 0.148287
2326.000000 3.703835 0.151210
2327.000000 3.680505 0.154090
2328.000000 3.663921 0.156496
2329.000000 3.650884 0.158521
2330.000000 3.639560 0.159980
2331.000000 3.626000 0.160497
2332.000000 3.605563 0.160265
2333.000000 3.574264 0.160581
2334.000000 3.536274 0.160417
2335.000000 3.494366 0.160120
2336.000000 3.454648 0.158818
2337.000000 3.421884 0.157784
2338.000000 3.394712 0.157245
2339.000000 3.374295 0.157597
2340.000000 3.357419 0.158698
2341.000000 3.344619 0.160422
2342.000000 3.335048 0.162603
2343.000000 3.329396 0.164916
2344.000000 3.327625 0.167698
2345.000000 3.332815 0.171189
2346.000000 3.355240 0.174803
2347.000000 3.396861 0.178651
2348.000000 3.455255 0.182581
2349.000000 3.525517 0.185593
2350.000000 3.594152 0.186511
2351.000000 3.656248 0.186325
2352.000000 3.707122 0.185535
2353.000000 3.744249 0.184730
2354.000000 3.772266 0.183889
2355.000000 3.793313 0.182812
2356.000000 3.807633 0.181718
2357.000000 3.817502 0.180773
2358.000000 3.823449 0.180220
2359.000000 3.824285 0.179755
2360.000000 3.823131 0.179247
2361.000000 3.818265 0.178941
2362.000000 3.812382 0.178641
2363.000000 3.806783 0.178025
2364.000000 3.800891 0.178065
2365.000000 3.795144 0.178469
2366.000000 3.787548 0.178009
2367.000000 3.777721 0.177161
2368.000000 3.767292 0.176943
2369.000000 3.753950 0.177541
2370.000000 3.736503 0.177871
2371.000000 3.715076 0.178429
2372.000000 3.688846 0.179614
2373.000000 3.657413 0.181087
2374.000000 3.624180 0.182857
2375.000000 3.588657 0.185246
2376.000000 3.551695 0.187979
2377.000000 3.514182 0.190613
2378.000000 3.477961 0.193319
2379.000000 3.445489 0.196258
2380.000000 3.418134 0.199131
2381.000000 3.394794 0.201743
2382.000000 3.379757 0.204228
2383.000000 3.373686 0.206837
2384.000000 3.373638 0.209605
2385.000000 3.381831 0.212110
2386.000000 3.400391 0.213891
2387.000000 3.425151 0.215849
2388.000000 3.455502 0.217419
2389.000000 3.490783 0.217796
2390.000000 3.530202 0.217287
2391.000000 3.571748 0.215518
2392.000000 3.613032 0.212737
2393.000000 3.648571 0.209467
2394.000000 3.674242 0.206339
2395.000000 3.688654 0.203396
2396.000000 3.693060 0.200086
2397.000000 3.696436 0.196436
2398.000000 3.703945 0.192673
2399.000000 3.714338 0.188875
2400.000000 3.723827 0.185011
2401.000000 3.731803 0.181295
2402.000000 3.735170 0.177424
2403.000000 3.732993 0.173388
2404.000000 3.724478 0.169312
2405.000000 3.709451 0.165874
2406.000000 3.689238 0.162743
2407.000000 3.662252 0.160050
2408.000000 3.630832 0.158077
2409.000000 3.594420 0.155865
2410.000000 3.556582 0.152825
2411.000000 3.520615 0.149780
2412.000000 3.490086 0.146892
2413.000000 3.466225 0.145469
2414.000000 3.450497 0.144877
2415.000000 3.441780 0.144588
2416.000000 3.442439 0.145244
2417.000000 3.450549 0.146392
2418.000000 3.464791 0.148470
2419.000000 3.484778 0.150890
2420.000000 3.511641 0.154590
2421.000000 3.545886 0.158307
2422.000000 3.583666 0.162302
2423.000000 3.626175 0.166179
2424.000000 3.673863 0.169847
2425.000000 3.728357 0.173816
2426.000000 3.790854 0.178043
2427.000000 3.863063 0.180419
2428.000000 3.936549 0.181438
2429.000000 3.999778 0.182049
2430.000000 4.050170 0.181406
2431.000000 4.089517 0.179829
2432.000000 4.117763 0.177408
2433.000000 4.137112 0.174919
2434.000000 4.145354 0.172620
2435.000000 4.144491 0.170464
2436.000000 4.136074 0.168468
2437.000000 4.124537 0.166470
2438.000000 4.108932 0.165007
2439.000000 4.090603 0.164206
2440.000000 4.073739 0.163619
2441.000000 4.058179 0.163182
2442.000000 4.044727 0.163135
2443.000000 4.035718 0.163290
2444.000000 4.026960 0.163406
2445.000000 4.013014 0.163923
2446.000000 3.994340 0.164697
2447.000000 3.969956 0.165439
2448.000000 3.942615 0.165837
2449.000000 3.906580 0.165367
2450.000000 3.864201 0.164286
2451.000000 3.821648 0.162652
2452.000000 3.779424 0.161235
2453.000000 3.738294 0.159717
2454.000000 3.697214 0.157840
2455.000000 3.656248 0.156379
2456.000000 3.613819 0.155008
2457.000000 3.573082 0.154150
2458.000000 3.534048 0.154189
2459.000000 3.498076 0.154723
2460.000000 3.466590 0.155823
2461.000000 3.440169 0.157808
2462.000000 3.421071 0.160346
2463.000000 3.410652 0.164353
2464.000000 3.406456 0.169632
2465.000000 3.408002 0.175678
2466.000000 3.415182 0.182492
2467.000000 3.425947 0.189765
2468.000000 3.444247 0.197363
2469.000000 3.473364 0.205062
2470.000000 3.515092 0.213196
2471.000000 3.567858 0.221273
2472.000000 3.631039 0.228213
2473.000000 3.696275 0.232776
2474.000000 3.754567 0.235208
2475.000000 3.799369 0.236659
2476.000000 3.831858 0.237612
2477.000000 3.856451 0.238202
2478.000000 3.883630 0.237794
2479.000000 3.916576 0.236281
2480.000000 3.953482 0.234616
2481.000000 3.991493 0.232448
2482.000000 4.022346 0.230397
2483.000000 4.046504 0.228427
2484.000000 4.059253 0.226405
2485.000000 4.063993 0.224550
2486.000000 4.061983 0.223073
2487.000000 4.054611 0.222096
2488.000000 4.040558 0.221682
2489.000000 4.017729 0.221555
2490.000000 3.983471 0.221462
2491.000000 3.941494 0.221711
2492.000000 3.892979 0.222240
2493.000000 3.839682 0.223031
2494.000000 3.784186 0.223159
2495.000000 3.731170 0.222655
2496.000000 3.681117 0.221877
2497.000000 3.637577 0.220633
2498.000000 3.599864 0.218793
2499.000000 3.568942 0.217269
2500.000000 3.546176 0.215879
2501.000000 3.531295 0.214439
2502.000000 3.523675 0.213232
2503.000000 3.524446 0.212175
2504.000000 3.532428 0.211027
2505.000000 3.546436 0.209421
2506.000000 3.565149 0.207296
2507.000000 3.585021 0.204767
2508.000000 3.603744 0.201740
2509.000000 3.622870 0.198379
2510.000000 3.646456 0.194988
2511.000000 3.683282 0.191341
2512.000000 3.742474 0.186199
2513.000000 3.821426 0.181158
2514.000000 3.917443 0.174690
2515.000000 4.013955 0.165989
2516.000000 4.087353 0.156793
2517.000000 4.133761 0.148446
2518.000000 4.157845 0.141375
2519.000000 4.168713 0.135591
2520.000000 4.172108 0.130975
2521.000000 4.171486 0.127696
2522.000000 4.167415 0.125765
2523.000000 4.162193 0.124954
2524.000000 4.152220 0.125249
2525.000000 4.136910 0.127185
2526.000000 4.116230 0.129273
2527.000000 4.091680 0.131975
2528.000000 4.064614 0.135362
2529.000000 4.034875 0.139096
2530.000000 4.009274 0.142168
2531.000000 3.989532 0.145206
2532.000000 3.972752 0.147947
2533.000000 3.951537 0.150490
2534.000000 3.923747 0.152510
2535.000000 3.886368 0.154309
2536.000000 3.839211 0.155788
2537.000000 3.785025 0.156549
2538.000000 3.728193 0.157214
2539.000000 3.671939 0.156818
2540.000000 3.616791 0.155447
2541.000000 3.563808 0.153972
2542.000000 3.506746 0.151818
2543.000000 3.441827 0.150441
2544.000000 3.372276 0.148518
2545.000000 3.310203 0.145454
2546.000000 3.263681 0.141843
2547.000000 3.235120 0.138880
2548.000000 3.224700 0.136813
2549.000000 3.232180 0.136006
2550.000000 3.260578 0.136685
2551.000000 3.310676 0.138124
2552.000000 3.368642 0.138299
2553.000000 3.425908 0.136870
2554.000000 3.473574 0.135460
2555.000000 3.507887 0.134562
2556.000000 3.531713 0.133983
2557.000000 3.546231 0.133350
2558.000000 3.554270 0.133595
2559.000000 3.557456 0.134636
2560.000000 3.556497 0.135810
2561.000000 3.554972 0.137494
2562.000000 3.555660 0.139548
2563.000000 3.552790 0.141753
2564.000000 3.548267 0.144322
2565.000000 3.542072 0.147777
2566.000000 3.534706 0.151752
2567.000000 3.530002 0.155468
2568.000000 3.529082 0.158792
2569.000000 3.533612 0.161952
2570.000000 3.535287 0.164881
2571.000000 3.533265 0.167610
2572.000000 3.525984 0.170404
2573.000000 3.515974 0.173383
2574.000000 3.505940 0.175112
2575.000000 3.492797 0.175875
2576.000000 3.473838 0.176257
2577.000000 3.452739 0.176315
2578.000000 3.430547 0.175481
2579.000000 3.408502 0.174616
2580.000000 3.391238 0.173699
2581.000000 3.376529 0.172468
2582.000000 3.363807 0.170984
2583.000000 3.351892 0.169889
2584.000000 3.343074 0.169567
2585.000000 3.341549 0.169813
2586.000000 3.344717 0.170767
2587.000000 3.352634 0.172026
2588.000000 3.366130 0.173655
2589.000000 3.386126 0.175203
2590.000000 3.412376 0.176892
2591.000000 3.441870 0.178250
2592.000000 3.476410 0.179361
2593.000000 3.511622 0.180205
2594.000000 3.551790 0.180836
2595.000000 3.596785 0.180690
2596.000000 3.645537 0.179860
2597.000000 3.687594 0.178690
2598.000000 3.723297 0.177672
2599.000000 3.754930 0.176036
2600.000000 3.783082 0.174654
2601.000000 3.808995 0.173823
2602.000000 3.829433 0.172298
2603.000000 3.843170 0.169992
2604.000000 3.853472 0.168017
2605.000000 3.854785 0.167006
2606.000000 3.846893 0.166102
2607.000000 3.830859 0.164810
2608.000000 3.809123 0.163952
2609.000000 3.782148 0.164125
2610.000000 3.752333 0.163705
2611.000000 3.719307 0.162585
2612.000000 3.681935 0.161702
2613.000000 3.644974 0.160545
2614.000000 3.616208 0.159525
2615.000000 3.590822 0.158188
2616.000000 3.567656 0.156593
2617.000000 3.548601 0.154933
2618.000000 3.524710 0.153099
2619.000000 3.491679 0.152367
2620.000000 3.455221 0.151028
2621.000000 3.424341 0.149039
2622.000000 3.402100 0.146519
2623.000000 3.385870 0.144192
2624.000000 3.372731 0.142494
2625.000000 3.363075 0.141422
2626.000000 3.361719 0.140542
2627.000000 3.370421 0.139838
2628.000000 3.386070 0.139424
2629.000000 3.410331 0.139727
2630.000000 3.442808 0.139945
2631.000000 3.475898 0.139739
2632.000000 3.504447 0.139128
2633.000000 3.531101 0.138552
2634.000000 3.551375 0.137462
2635.000000 3.568077 0.136280
2636.000000 3.583871 0.135718
2637.000000 3.606300 0.136409
2638.000000 3.633764 0.136419
2639.000000 3.663162 0.135883
2640.000000 3.690651 0.135334
2641.000000 3.716207 0.134453
2642.000000 3.740216 0.133266
2643.000000 3.760759 0.132353
2644.000000 3.775665 0.132072
2645.000000 3.784798 0.131449
2646.000000 3.790261 0.130520
2647.000000 3.792158 0.130055
2648.000000 3.785716 0.130307
2649.000000 3.772319 0.131098
2650.000000 3.751428 0.131637
2651.000000 3.720984 0.132653
2652.000000 3.675728 0.134185
2653.000000 3.616009 0.135856
2654.000000 3.549514 0.135553
2655.000000 3.482799 0.133811
2656.000000 3.422006 0.132070
2657.000000 3.371020 0.130770
2658.000000 3.329873 0.129286
2659.000000 3.295940 0.127482
2660.000000 3.267690 0.126568
2661.000000 3.247890 0.126303
2662.000000 3.236339 0.125816
2663.000000 3.232423 0.125809
2664.000000 3.237603 0.126328
2665.000000 3.246464 0.127183
2666.000000 3.257933 0.128497
2667.000000 3.269801 0.130289
2668.000000 3.284613 0.132300
2669.000000 3.300304 0.134931
2670.000000 3.320171 0.138185
2671.000000 3.344840 0.142106
2672.000000 3.375493 0.146287
2673.000000 3.410969 0.151078
2674.000000 3.448800 0.154561
2675.000000 3.481324 0.157717
2676.000000 3.515125 0.161229
2677.000000 3.553121 0.164200
2678.000000 3.591339 0.167059
2679.000000 3.624003 0.169454
2680.000000 3.656055 0.170707
2681.000000 3.689144 0.171526
2682.000000 3.722311 0.171464
2683.000000 3.751984 0.170688
2684.000000 3.778202 0.170140
2685.000000 3.797534 0.169909
2686.000000 3.809765 0.169954
2687.000000 3.814213 0.170235
2688.000000 3.809725 0.169627
2689.000000 3.801397 0.167157
2690.000000 3.786542 0.165406
2691.000000 3.767217 0.164224
2692.000000 3.747256 0.163261
2693.000000 3.731863 0.161828
2694.000000 3.719369 0.160326
2695.000000 3.708146 0.159151
2696.000000 3.699025 0.158013
2697.000000 3.690015 0.156604
2698.000000 3.686689 0.155849
2699.000000 3.688184 0.156679
2700.000000 3.691688 0.160737
2701.000000 3.696159 0.167173
2702.000000 3.700226 0.174028
2703.000000 3.704023 0.180547
2704.000000 3.707768 0.186671
2705.000000 3.711463 0.192453
2706.000000 3.715107 0.197934
2707.000000 3.718703 0.203150
2708.000000 3.722250 0.208128
2709.000000 3.725748 0.212890
2710.000000 3.729200 0.217453
