depth(m) lower_95(kyr) lower_68(kyr) median(kyr) mean(kyr) upper_68(kyr) upper_95(kyr)
109.370000 1494.464680 1496.070318 1497.503495 1497.284618 1498.463634 1499.198688
109.390000 1494.741322 1496.342448 1497.750828 1497.525732 1498.658293 1499.353751
109.420000 1495.198596 1496.710243 1498.112781 1497.880828 1498.990428 1499.609737
109.470000 1495.825481 1497.305033 1498.657283 1498.436098 1499.454729 1500.035990
109.530000 1496.554439 1497.962308 1499.268585 1499.046708 1500.029851 1500.560878
109.590000 1497.289254 1498.595087 1499.818642 1499.629383 1500.547212 1501.073740
109.650000 1498.026904 1499.294150 1500.406118 1500.211347 1501.050866 1501.519635
109.700000 1498.509526 1499.764062 1500.909990 1500.699882 1501.510760 1501.916215
109.740000 1499.014975 1500.194067 1501.327808 1501.106307 1501.873411 1502.234720
109.770000 1499.326816 1500.516790 1501.667234 1501.422820 1502.141876 1502.516765
109.790000 1499.591968 1500.778152 1501.914273 1501.654915 1502.373773 1502.718196
109.810000 1499.825890 1500.956510 1502.152651 1501.885790 1502.573791 1502.965456
109.830000 1500.047168 1501.172215 1502.371445 1502.117672 1502.784475 1503.210525
109.850000 1500.397904 1501.462787 1502.589472 1502.360186 1503.030291 1503.439881
109.870000 1500.657618 1501.701223 1502.816386 1502.593621 1503.245478 1503.711292
109.890000 1500.861998 1501.996910 1503.035954 1502.833129 1503.458758 1503.941465
109.910000 1501.095782 1502.263479 1503.275596 1503.082252 1503.701452 1504.225079
109.930000 1501.368854 1502.574058 1503.477527 1503.334360 1503.971536 1504.491620
109.950000 1501.690023 1502.885116 1503.712646 1503.595792 1504.243836 1504.812599
109.970000 1502.006864 1503.154101 1503.945408 1503.848996 1504.523803 1505.113594
109.990000 1502.373904 1503.372269 1504.178180 1504.102687 1504.816063 1505.445221
110.020000 1502.820618 1503.819960 1504.581751 1504.517493 1505.226036 1505.847047
110.060000 1503.335858 1504.351859 1505.120987 1505.072475 1505.856828 1506.402332
110.100000 1503.869609 1504.874784 1505.660786 1505.622677 1506.393417 1506.958100
110.130000 1504.389212 1505.277608 1506.097162 1506.042216 1506.819844 1507.386754
110.150000 1504.631611 1505.518584 1506.353054 1506.311067 1507.074235 1507.626382
110.170000 1504.878135 1505.740473 1506.626228 1506.573502 1507.333726 1507.910204
110.190000 1505.191197 1506.023226 1506.921296 1506.841245 1507.610540 1508.148491
110.210000 1505.463950 1506.274561 1507.219586 1507.108417 1507.892277 1508.430896
110.230000 1505.840871 1506.562560 1507.522876 1507.418072 1508.215701 1508.832480
110.250000 1506.176849 1506.824000 1507.821217 1507.719272 1508.569846 1509.146284
110.270000 1506.448279 1507.066793 1508.183591 1508.034456 1508.933296 1509.428469
110.290000 1506.735022 1507.316203 1508.608873 1508.386671 1509.299893 1509.808554
110.310000 1507.055576 1507.555076 1509.040610 1508.739153 1509.695903 1510.156163
110.330000 1507.411428 1507.793471 1509.468877 1509.085290 1510.060502 1510.414600
110.350000 1507.644226 1507.993616 1509.896129 1509.410204 1510.395861 1510.745692
110.360000 1507.772963 1508.107963 1510.089180 1509.557921 1510.549924 1510.869098
110.370000 1507.909456 1508.240054 1510.269065 1509.707161 1510.699148 1510.987751
110.380000 1508.060701 1508.356530 1510.431049 1509.862320 1510.839138 1511.139830
110.390000 1508.194535 1508.482166 1510.614814 1510.017962 1510.983210 1511.311691
110.400000 1508.325489 1508.646359 1510.774242 1510.179417 1511.170337 1511.431145
110.410000 1508.461911 1508.794574 1510.937408 1510.336774 1511.327865 1511.634849
110.420000 1508.607756 1508.938728 1511.104385 1510.498203 1511.491922 1511.805625
110.430000 1508.735324 1509.089619 1511.263117 1510.659084 1511.676851 1511.974301
110.440000 1508.905841 1509.236636 1511.431127 1510.825020 1511.853062 1512.148974
110.450000 1509.045669 1509.397609 1511.602610 1510.988417 1512.025392 1512.309764
110.460000 1509.208378 1509.543235 1511.776584 1511.149989 1512.191318 1512.465220
110.470000 1509.342943 1509.677493 1511.961242 1511.310101 1512.349097 1512.597831
110.480000 1509.469714 1509.818547 1512.140425 1511.467003 1512.512627 1512.781739
110.490000 1509.640053 1509.928397 1512.313611 1511.617585 1512.672765 1512.925015
110.500000 1509.766026 1510.059639 1512.479007 1511.768620 1512.827372 1513.061820
110.510000 1509.901009 1510.188488 1512.640014 1511.915233 1512.963451 1513.180632
110.520000 1510.046040 1510.338627 1512.783459 1512.063431 1513.110030 1513.325188
110.530000 1510.208714 1510.479790 1512.946971 1512.212393 1513.249823 1513.457173
110.540000 1510.345738 1510.633913 1513.074209 1512.355926 1513.375738 1513.590841
110.550000 1510.465854 1510.788908 1513.230314 1512.505966 1513.519918 1513.752155
110.560000 1510.618357 1510.949288 1513.367445 1512.658841 1513.660599 1513.920379
110.570000 1510.794483 1511.125331 1513.500790 1512.804638 1513.799301 1514.020667
110.580000 1510.951480 1511.301944 1513.628568 1512.952781 1513.945159 1514.160110
110.590000 1511.114171 1511.484106 1513.771865 1513.108829 1514.084240 1514.333424
110.600000 1511.269909 1511.664337 1513.899488 1513.253809 1514.205375 1514.504608
110.610000 1511.437607 1511.823436 1514.047823 1513.408293 1514.349881 1514.683259
110.620000 1511.638502 1512.007883 1514.175309 1513.569301 1514.501459 1514.840755
110.630000 1511.816816 1512.187074 1514.324558 1513.726146 1514.662719 1515.018291
110.640000 1511.981325 1512.342530 1514.452278 1513.876775 1514.800478 1515.151860
110.650000 1512.144687 1512.514608 1514.587358 1514.030221 1514.937616 1515.296004
110.660000 1512.319273 1512.664507 1514.722142 1514.179006 1515.078471 1515.431856
110.670000 1512.476633 1512.829514 1514.871835 1514.324384 1515.213240 1515.581854
110.680000 1512.622766 1512.996994 1515.015112 1514.472263 1515.356877 1515.741267
110.690000 1512.759831 1513.140600 1515.150786 1514.616948 1515.484850 1515.925089
110.700000 1512.894752 1513.304028 1515.284295 1514.759449 1515.621262 1516.105879
110.720000 1513.188981 1513.629803 1515.564502 1515.069515 1515.887709 1516.465316
110.730000 1513.300340 1513.776478 1515.675655 1515.204891 1516.017274 1516.617145
110.740000 1513.448487 1513.894016 1515.802471 1515.341304 1516.154109 1516.724701
110.750000 1513.546734 1514.055366 1515.925340 1515.473548 1516.299895 1516.884822
110.760000 1513.678526 1514.209201 1516.044365 1515.612645 1516.439397 1517.001060
110.780000 1513.948444 1514.499866 1516.272787 1515.884176 1516.759489 1517.220682
110.800000 1514.234638 1514.865045 1516.520443 1516.163954 1517.021924 1517.509413
110.820000 1514.456983 1515.168225 1516.753633 1516.430502 1517.320233 1517.768316
110.840000 1514.678821 1515.470515 1517.005147 1516.693660 1517.578063 1517.985623
110.860000 1514.933724 1515.740455 1517.214822 1516.939799 1517.790103 1518.254457
110.920000 1515.754255 1516.495214 1517.853476 1517.605209 1518.404196 1518.824629
110.940000 1515.990715 1516.754527 1518.073048 1517.829197 1518.610415 1519.011726
110.980000 1516.351115 1517.188707 1518.459378 1518.236339 1518.965402 1519.352224
111.020000 1516.727636 1517.637559 1518.863716 1518.625479 1519.314373 1519.680393
111.080000 1517.242985 1518.355362 1519.389777 1519.160998 1519.782642 1520.144296
111.100000 1517.403349 1518.578187 1519.575723 1519.351593 1519.944017 1520.314704
111.140000 1517.757916 1519.114453 1519.914758 1519.710065 1520.280537 1520.594105
111.200000 1518.343034 1519.658872 1520.421975 1520.213963 1520.741272 1521.055378
111.220000 1518.571383 1519.896238 1520.598062 1520.399995 1520.914891 1521.224781
111.260000 1518.900365 1520.295071 1520.925938 1520.742117 1521.243424 1521.593238
111.280000 1519.093733 1520.496508 1521.093862 1520.921865 1521.418191 1521.765840
111.340000 1519.566736 1521.040251 1521.565407 1521.413196 1521.889594 1522.255207
111.360000 1519.729822 1521.236748 1521.736038 1521.590265 1522.051687 1522.457334
111.380000 1519.890753 1521.421204 1521.912229 1521.774606 1522.248382 1522.636887
111.420000 1520.258965 1521.761899 1522.239618 1522.122146 1522.593786 1523.020726
111.460000 1520.621151 1522.084771 1522.567749 1522.469524 1522.957632 1523.430411
111.540000 1521.257376 1522.747542 1523.174740 1523.115512 1523.616907 1524.145467
111.560000 1521.448556 1522.917248 1523.348600 1523.298453 1523.782678 1524.357575
111.580000 1521.672669 1523.093822 1523.520974 1523.479985 1523.969817 1524.519756
111.640000 1522.314333 1523.589710 1524.016951 1523.996084 1524.521983 1525.019311
111.700000 1522.864278 1524.054877 1524.511524 1524.482932 1524.998074 1525.522939
111.820000 1524.002251 1524.937305 1525.444161 1525.422421 1525.977145 1526.496017
111.860000 1524.324068 1525.272586 1525.785375 1525.759279 1526.300728 1526.795842
111.980000 1525.303338 1526.142691 1526.701912 1526.662706 1527.205292 1527.663586
112.080000 1526.167036 1526.932781 1527.491248 1527.430718 1527.971369 1528.425312
112.180000 1526.908801 1527.691254 1528.271782 1528.206736 1528.719870 1529.151084
112.280000 1527.824051 1528.512785 1529.038297 1528.984240 1529.454108 1529.802478
112.340000 1528.444824 1529.072982 1529.582524 1529.520458 1529.959820 1530.284053
112.360000 1528.624663 1529.272260 1529.790160 1529.720524 1530.138890 1530.463691
112.380000 1528.905136 1529.501278 1529.978741 1529.924143 1530.329204 1530.660978
112.400000 1529.083885 1529.736674 1530.197267 1530.134841 1530.524288 1530.881479
112.420000 1529.316596 1529.959983 1530.402160 1530.349762 1530.733186 1531.104939
112.440000 1529.494067 1530.208200 1530.616199 1530.573903 1530.958046 1531.280814
112.460000 1529.724387 1530.455995 1530.843381 1530.806839 1531.196431 1531.523780
112.480000 1529.926655 1530.679539 1531.072588 1531.041624 1531.447058 1531.741578
112.500000 1530.267208 1530.921976 1531.302571 1531.267468 1531.648830 1531.929487
112.520000 1530.531753 1531.155557 1531.518871 1531.489529 1531.873071 1532.163555
112.540000 1530.812961 1531.371348 1531.763329 1531.718590 1532.094519 1532.411534
112.560000 1531.107695 1531.605283 1531.983362 1531.957472 1532.323564 1532.634760
112.580000 1531.401475 1531.851585 1532.231256 1532.205445 1532.579494 1532.852897
112.600000 1531.677074 1532.099080 1532.482308 1532.452669 1532.810779 1533.088970
112.620000 1531.963430 1532.372988 1532.737889 1532.704951 1533.022031 1533.358682
112.640000 1532.286536 1532.635507 1532.995303 1532.978966 1533.302985 1533.623804
112.660000 1532.583412 1532.902384 1533.251157 1533.250515 1533.604469 1533.926779
112.680000 1532.859550 1533.206049 1533.535541 1533.538206 1533.901029 1534.188650
112.700000 1533.139188 1533.465981 1533.821456 1533.809519 1534.138337 1534.437646
112.720000 1533.414988 1533.755895 1534.124834 1534.091422 1534.418765 1534.705932
112.740000 1533.682851 1534.032413 1534.378859 1534.360970 1534.678038 1534.995061
112.760000 1533.951062 1534.303798 1534.621651 1534.610756 1534.920261 1535.198343
112.780000 1534.180428 1534.546524 1534.849458 1534.842468 1535.133093 1535.460884
112.800000 1534.423510 1534.768522 1535.056298 1535.060388 1535.353696 1535.669095
112.820000 1534.659491 1534.959598 1535.266118 1535.268887 1535.568395 1535.918902
112.840000 1534.898471 1535.183757 1535.483578 1535.488675 1535.771637 1536.161697
112.860000 1535.139151 1535.404202 1535.683756 1535.705975 1536.010059 1536.373402
112.880000 1535.372580 1535.617737 1535.910019 1535.931328 1536.271882 1536.588394
112.900000 1535.575549 1535.823168 1536.140131 1536.153947 1536.500345 1536.778235
112.920000 1535.763882 1536.032510 1536.360824 1536.371294 1536.724567 1537.006004
112.940000 1535.961782 1536.254256 1536.578736 1536.593568 1536.941919 1537.194375
112.960000 1536.185479 1536.473476 1536.817925 1536.811157 1537.138646 1537.404666
112.980000 1536.370822 1536.694012 1537.030140 1537.023185 1537.349868 1537.622361
113.000000 1536.580921 1536.916027 1537.239876 1537.232067 1537.555851 1537.811322
113.020000 1536.805490 1537.127415 1537.452630 1537.435552 1537.734532 1537.991024
113.040000 1536.993036 1537.324036 1537.650554 1537.630393 1537.916812 1538.161519
113.060000 1537.199511 1537.512112 1537.839126 1537.819437 1538.104962 1538.355648
113.080000 1537.407849 1537.704342 1538.014055 1538.003945 1538.284210 1538.514244
113.140000 1537.995817 1538.245555 1538.519041 1538.501428 1538.741056 1538.947850
113.160000 1538.198758 1538.454883 1538.697973 1538.680803 1538.916495 1539.099162
113.180000 1538.394641 1538.643330 1538.867722 1538.859465 1539.077624 1539.296488
113.200000 1538.573001 1538.828664 1539.038958 1539.035621 1539.249531 1539.459740
113.220000 1538.781076 1539.008379 1539.215166 1539.212027 1539.417136 1539.633289
113.240000 1538.984530 1539.186910 1539.380180 1539.385025 1539.588542 1539.801784
113.260000 1539.148102 1539.353644 1539.557310 1539.560969 1539.765804 1540.001831
113.280000 1539.324103 1539.536811 1539.726376 1539.739441 1539.953758 1540.182510
113.300000 1539.486380 1539.712561 1539.898530 1539.918199 1540.135952 1540.435207
113.320000 1539.661515 1539.882189 1540.080029 1540.099530 1540.317260 1540.609676
113.340000 1539.866774 1540.068225 1540.264870 1540.286558 1540.510249 1540.837626
113.360000 1540.043970 1540.240158 1540.452768 1540.486640 1540.734464 1541.068985
113.380000 1540.234669 1540.427087 1540.670665 1540.701036 1540.991242 1541.343095
113.400000 1540.417099 1540.624029 1540.885118 1540.923796 1541.227903 1541.588423
113.420000 1540.623435 1540.838164 1541.134972 1541.170883 1541.496983 1541.949935
113.440000 1540.844986 1541.090759 1541.413377 1541.445257 1541.812306 1542.258476
113.460000 1541.060533 1541.328507 1541.682230 1541.715146 1542.120055 1542.559720
113.480000 1541.265355 1541.568514 1541.960506 1542.001486 1542.422519 1542.918998
113.500000 1541.534258 1541.866864 1542.277418 1542.316433 1542.769766 1543.292093
113.520000 1541.757223 1542.186037 1542.618749 1542.659037 1543.130652 1543.732996
113.540000 1542.043461 1542.525169 1543.021493 1543.030049 1543.538440 1544.097484
113.560000 1542.424040 1542.858908 1543.417105 1543.421267 1543.971793 1544.502978
113.580000 1542.774968 1543.207031 1543.776727 1543.798908 1544.360738 1545.024108
113.600000 1543.109162 1543.590490 1544.193734 1544.199571 1544.830403 1545.420827
113.620000 1543.381377 1543.946296 1544.564822 1544.589267 1545.231935 1545.879409
113.660000 1544.372241 1544.932475 1545.629524 1545.637057 1546.315973 1546.889805
113.680000 1544.791254 1545.363856 1546.103226 1546.066875 1546.739430 1547.266810
113.700000 1545.185903 1545.795135 1546.515521 1546.491896 1547.152030 1547.691069
113.720000 1545.629631 1546.247447 1546.914486 1546.875764 1547.468326 1547.978169
113.740000 1546.072726 1546.629338 1547.296042 1547.246954 1547.807605 1548.295594
113.760000 1546.434693 1547.045041 1547.622518 1547.576815 1548.136582 1548.519409
113.780000 1546.703078 1547.364397 1547.935652 1547.884357 1548.382940 1548.793234
113.800000 1547.021587 1547.693363 1548.222704 1548.182731 1548.657077 1549.066151
113.820000 1547.338236 1548.005330 1548.501271 1548.467788 1548.936196 1549.342218
113.840000 1547.624920 1548.274455 1548.772444 1548.738929 1549.213478 1549.653905
113.860000 1547.934035 1548.536653 1549.030783 1549.006688 1549.462187 1549.944672
113.880000 1548.225072 1548.782948 1549.296238 1549.272791 1549.750934 1550.277644
113.900000 1548.460872 1549.017946 1549.540608 1549.535995 1550.053639 1550.607449
113.920000 1548.672461 1549.273822 1549.794795 1549.799028 1550.324307 1550.917137
113.940000 1548.938251 1549.491886 1550.064096 1550.059111 1550.601198 1551.257130
113.960000 1549.189359 1549.700584 1550.336382 1550.325250 1550.907946 1551.593256
114.020000 1549.727429 1550.332105 1551.056240 1551.128171 1551.931892 1552.885156
114.040000 1549.909753 1550.554684 1551.306874 1551.392289 1552.260313 1553.310493
114.060000 1550.110734 1550.796764 1551.556802 1551.670221 1552.600080 1553.637347
114.100000 1550.507174 1551.297350 1552.181226 1552.266732 1553.296493 1554.313796
114.120000 1550.691229 1551.551802 1552.507274 1552.553098 1553.573710 1554.547344
114.140000 1550.949975 1551.800833 1552.823527 1552.859936 1553.903030 1554.884734
114.160000 1551.206995 1552.073451 1553.149685 1553.151597 1554.228821 1555.071914
114.180000 1551.501287 1552.334537 1553.463425 1553.445848 1554.545267 1555.288477
114.200000 1551.794522 1552.615374 1553.836989 1553.744863 1554.833869 1555.539204
114.220000 1552.103252 1552.931899 1554.127144 1554.043792 1555.116218 1555.713542
114.240000 1552.460689 1553.254523 1554.472688 1554.355803 1555.407577 1555.948315
114.260000 1552.726196 1553.535388 1554.771415 1554.656961 1555.694343 1556.159943
114.280000 1553.037431 1553.896412 1555.110323 1554.972249 1555.953389 1556.367503
114.300000 1553.346500 1554.258511 1555.417386 1555.276379 1556.189623 1556.585089
114.320000 1553.568458 1554.626045 1555.715514 1555.567835 1556.429895 1556.794071
114.340000 1553.907340 1554.988418 1556.009471 1555.866610 1556.675289 1557.041057
114.360000 1554.178421 1555.423559 1556.334490 1556.187375 1556.922497 1557.303687
114.380000 1554.487312 1555.798579 1556.668011 1556.497763 1557.167972 1557.526290
114.400000 1554.797247 1556.128674 1556.940759 1556.782487 1557.391548 1557.764375
114.420000 1555.138555 1556.491121 1557.204384 1557.062780 1557.627207 1558.003777
114.440000 1555.583767 1556.827089 1557.449533 1557.342354 1557.876158 1558.289265
114.460000 1555.957768 1557.132909 1557.700085 1557.622001 1558.131034 1558.542606
114.480000 1556.361112 1557.434803 1557.960168 1557.897250 1558.404315 1558.864151
114.500000 1556.722097 1557.737411 1558.202365 1558.176696 1558.667458 1559.166045
114.520000 1557.055266 1557.996921 1558.479252 1558.454384 1558.989873 1559.405027
114.540000 1557.377824 1558.255330 1558.774450 1558.731234 1559.261343 1559.663651
114.560000 1557.751757 1558.498657 1559.038100 1558.999960 1559.524389 1559.877802
114.580000 1558.019860 1558.797753 1559.321844 1559.266700 1559.784449 1560.085027
114.600000 1558.261134 1559.070672 1559.579719 1559.524861 1560.024751 1560.286507
114.620000 1558.496795 1559.295738 1559.829621 1559.762446 1560.233863 1560.501121
114.640000 1558.849419 1559.570442 1560.080928 1560.002121 1560.441411 1560.683884
114.660000 1559.119459 1559.858641 1560.307702 1560.234318 1560.655231 1560.886379
114.680000 1559.321818 1560.119425 1560.534879 1560.463490 1560.860564 1561.098198
114.700000 1559.538672 1560.336784 1560.737205 1560.668203 1561.037055 1561.295719
114.720000 1559.731583 1560.552087 1560.942071 1560.880406 1561.230121 1561.493525
114.740000 1559.935462 1560.765866 1561.158608 1561.090146 1561.433840 1561.671637
114.760000 1560.165053 1561.015694 1561.360405 1561.292086 1561.622553 1561.855374
114.780000 1560.372349 1561.209167 1561.547981 1561.485026 1561.808238 1562.052576
114.820000 1560.713231 1561.580722 1561.903036 1561.852939 1562.171724 1562.454710
114.840000 1560.967051 1561.778958 1562.088956 1562.051555 1562.372919 1562.641541
114.860000 1561.217339 1561.983828 1562.294180 1562.249138 1562.565922 1562.834607
114.880000 1561.490698 1562.171091 1562.487114 1562.447146 1562.775891 1563.030209
114.900000 1561.713257 1562.367303 1562.686530 1562.650595 1562.962020 1563.249863
114.920000 1562.000904 1562.559810 1562.877621 1562.847696 1563.165634 1563.440779
114.940000 1562.245738 1562.753284 1563.067741 1563.043746 1563.343801 1563.657800
114.960000 1562.485158 1562.941126 1563.258261 1563.244826 1563.551817 1563.867839
114.980000 1562.726365 1563.150984 1563.453834 1563.444270 1563.734716 1564.110551
115.000000 1562.955632 1563.364258 1563.648714 1563.650104 1563.951930 1564.325522
115.020000 1563.174766 1563.577503 1563.842699 1563.852848 1564.148607 1564.577273
115.040000 1563.394003 1563.789712 1564.044225 1564.061330 1564.364437 1564.766452
115.060000 1563.640725 1563.973653 1564.243186 1564.270672 1564.600561 1564.999351
115.080000 1563.854323 1564.171212 1564.442654 1564.477573 1564.811575 1565.265767
115.100000 1564.053489 1564.358313 1564.640430 1564.683015 1565.051171 1565.490602
115.120000 1564.278355 1564.538133 1564.843046 1564.887856 1565.269183 1565.684879
115.140000 1564.477946 1564.722729 1565.058346 1565.098818 1565.502425 1565.892375
115.160000 1564.657352 1564.933330 1565.268586 1565.311850 1565.733544 1566.130248
115.180000 1564.832654 1565.131704 1565.504535 1565.529715 1565.961257 1566.331939
115.200000 1565.041146 1565.349111 1565.738248 1565.751326 1566.163392 1566.518022
115.220000 1565.274204 1565.566994 1565.984633 1565.988869 1566.406217 1566.754018
115.240000 1565.466814 1565.802556 1566.260184 1566.253534 1566.687834 1567.081868
115.260000 1565.718262 1566.055725 1566.528809 1566.508014 1566.920954 1567.340802
115.280000 1565.957834 1566.312665 1566.775942 1566.772426 1567.184133 1567.587893
115.300000 1566.251142 1566.653473 1567.077967 1567.078729 1567.498487 1567.899465
115.320000 1566.566622 1566.975377 1567.387618 1567.395192 1567.824872 1568.244485
115.340000 1566.899556 1567.298567 1567.730250 1567.736979 1568.176579 1568.593270
115.360000 1567.257246 1567.638367 1568.055524 1568.055748 1568.477174 1568.873312
115.380000 1567.559684 1567.955504 1568.377004 1568.367155 1568.786873 1569.145183
115.400000 1567.885720 1568.259462 1568.659179 1568.656930 1569.065243 1569.396636
115.420000 1568.171417 1568.530186 1568.918225 1568.913625 1569.302056 1569.635571
115.440000 1568.402712 1568.753668 1569.148684 1569.142750 1569.530301 1569.819193
115.460000 1568.633098 1568.995300 1569.369829 1569.370355 1569.744376 1570.015799
115.480000 1568.885212 1569.247379 1569.621797 1569.601168 1569.952376 1570.243185
115.500000 1569.100349 1569.497063 1569.858595 1569.830240 1570.182917 1570.440363
115.520000 1569.342356 1569.736178 1570.088770 1570.068408 1570.408797 1570.684247
115.540000 1569.639523 1570.009343 1570.326566 1570.316907 1570.649750 1570.885931
115.560000 1569.917992 1570.244918 1570.558046 1570.547337 1570.851095 1571.095506
115.580000 1570.178956 1570.501661 1570.779429 1570.773884 1571.056371 1571.288721
115.600000 1570.446018 1570.722557 1570.991079 1570.986371 1571.247663 1571.463453
115.620000 1570.663134 1570.927702 1571.195881 1571.181916 1571.429033 1571.643958
115.640000 1570.891918 1571.137041 1571.386313 1571.377912 1571.611896 1571.844798
115.660000 1571.064413 1571.335821 1571.571353 1571.566253 1571.773922 1572.021119
115.680000 1571.263035 1571.541256 1571.758279 1571.753910 1571.953279 1572.216697
115.700000 1571.484104 1571.727327 1571.936158 1571.934713 1572.121317 1572.381803
115.720000 1571.682249 1571.895577 1572.103821 1572.106652 1572.288839 1572.566506
115.740000 1571.880178 1572.070747 1572.276410 1572.280145 1572.462344 1572.746033
115.760000 1572.034859 1572.238848 1572.436225 1572.445743 1572.639645 1572.891309
115.780000 1572.179072 1572.409002 1572.602844 1572.612364 1572.806250 1573.040875
115.800000 1572.347422 1572.575596 1572.765832 1572.781112 1572.973427 1573.215467
115.820000 1572.539298 1572.741742 1572.935700 1572.954647 1573.154053 1573.433537
115.840000 1572.725436 1572.907295 1573.104314 1573.128433 1573.330487 1573.645988
115.860000 1572.899687 1573.084404 1573.287309 1573.312824 1573.522726 1573.875174
115.880000 1573.082648 1573.253925 1573.466456 1573.498882 1573.726050 1574.134883
115.900000 1573.231478 1573.428983 1573.652660 1573.690922 1573.941694 1574.352586
115.920000 1573.399438 1573.610519 1573.845489 1573.889632 1574.167998 1574.571283
115.940000 1573.554538 1573.793531 1574.048778 1574.096654 1574.405143 1574.817653
115.960000 1573.751353 1573.967380 1574.266601 1574.307033 1574.648470 1575.037582
115.980000 1573.932342 1574.167299 1574.481308 1574.517068 1574.881906 1575.278863
116.000000 1574.115253 1574.365819 1574.692068 1574.725644 1575.091865 1575.473539
116.020000 1574.281418 1574.551405 1574.924142 1574.938041 1575.316749 1575.747049
116.040000 1574.460259 1574.739690 1575.149510 1575.145842 1575.524415 1575.924305
116.060000 1574.642279 1574.944486 1575.362740 1575.353582 1575.737982 1576.111410
116.080000 1574.799869 1575.132553 1575.565545 1575.560933 1575.945483 1576.361225
116.100000 1574.964529 1575.328586 1575.764659 1575.760600 1576.144791 1576.543264
116.140000 1575.305939 1575.693577 1576.155250 1576.130067 1576.535542 1576.937977
116.160000 1575.463568 1575.914597 1576.337580 1576.319547 1576.710573 1577.167534
116.200000 1575.800418 1576.276004 1576.678726 1576.675678 1577.080378 1577.527897
116.220000 1576.006793 1576.449864 1576.861766 1576.858932 1577.259259 1577.741715
116.300000 1576.613480 1577.081934 1577.510456 1577.504634 1577.949012 1578.417475
116.340000 1576.899414 1577.426584 1577.829952 1577.835991 1578.276602 1578.749436
116.380000 1577.179160 1577.735588 1578.152360 1578.158618 1578.597573 1579.046520
116.520000 1578.072198 1578.632804 1579.132160 1579.120832 1579.637103 1580.056502
116.580000 1578.568972 1579.069797 1579.590143 1579.583190 1580.113896 1580.459700
116.620000 1578.907127 1579.405603 1579.919825 1579.910774 1580.449418 1580.789660
116.640000 1579.087061 1579.591807 1580.102079 1580.090487 1580.623211 1580.925068
116.660000 1579.267889 1579.781449 1580.306731 1580.276868 1580.798335 1581.120734
116.700000 1579.619474 1580.112681 1580.679329 1580.628472 1581.147504 1581.440522
116.720000 1579.806974 1580.277043 1580.877291 1580.807609 1581.325337 1581.638445
116.760000 1580.169453 1580.618702 1581.247245 1581.163910 1581.647986 1581.891671
116.780000 1580.341170 1580.811218 1581.451626 1581.355968 1581.827754 1582.049838
116.800000 1580.582745 1581.025772 1581.661547 1581.555173 1582.005028 1582.208861
116.820000 1580.748242 1581.230709 1581.861196 1581.747163 1582.177560 1582.378727
116.840000 1580.946692 1581.495374 1582.052230 1581.949483 1582.351529 1582.534663
116.860000 1581.153718 1581.734611 1582.254015 1582.155953 1582.523958 1582.711852
116.880000 1581.419952 1581.987124 1582.462152 1582.365405 1582.706068 1582.913237
116.900000 1581.666341 1582.219675 1582.638348 1582.567229 1582.886278 1583.099768
116.920000 1581.919353 1582.446340 1582.821741 1582.760119 1583.064066 1583.296565
116.940000 1582.105793 1582.672490 1583.003806 1582.961308 1583.259055 1583.519944
116.960000 1582.334701 1582.881718 1583.188276 1583.165089 1583.452185 1583.739428
116.980000 1582.592675 1583.097879 1583.386615 1583.375640 1583.658846 1584.002636
117.000000 1582.906265 1583.296758 1583.581387 1583.584221 1583.879568 1584.210390
117.040000 1583.420741 1583.693160 1583.978365 1584.002739 1584.314322 1584.781170
117.060000 1583.615215 1583.883784 1584.190918 1584.229903 1584.551262 1585.098222
117.080000 1583.876129 1584.126673 1584.434363 1584.488956 1584.844095 1585.427883
117.100000 1584.076033 1584.343158 1584.689474 1584.751575 1585.165357 1585.776780
117.120000 1584.284733 1584.544519 1584.944232 1585.011575 1585.468976 1586.115043
117.140000 1584.494671 1584.813865 1585.218150 1585.285281 1585.785087 1586.418866
117.160000 1584.726805 1585.050169 1585.489056 1585.562841 1586.062836 1586.747748
117.180000 1585.007449 1585.307602 1585.797869 1585.863525 1586.385757 1587.090671
117.200000 1585.233313 1585.609347 1586.115825 1586.171144 1586.735506 1587.421475
117.220000 1585.442691 1585.903926 1586.435751 1586.484140 1587.085709 1587.720994
117.240000 1585.730710 1586.206105 1586.766909 1586.813219 1587.409361 1588.106817
117.260000 1586.005311 1586.548915 1587.092600 1587.142214 1587.769778 1588.397811
117.280000 1586.327881 1586.896497 1587.461335 1587.479136 1588.120725 1588.655782
117.300000 1586.641816 1587.204690 1587.797480 1587.804245 1588.411528 1588.894735
117.320000 1586.926672 1587.523920 1588.168088 1588.121567 1588.697890 1589.150193
117.340000 1587.309847 1587.826273 1588.477829 1588.426715 1588.955810 1589.483836
117.360000 1587.613123 1588.150773 1588.767644 1588.718564 1589.213861 1589.740162
117.380000 1587.881783 1588.493386 1589.050501 1589.019764 1589.477366 1590.034011
117.400000 1588.127840 1588.819913 1589.318899 1589.305325 1589.777505 1590.366292
117.420000 1588.485613 1589.170950 1589.613833 1589.616191 1590.095301 1590.735428
117.440000 1588.780264 1589.461508 1589.898657 1589.917687 1590.426010 1591.055541
117.460000 1589.178122 1589.722571 1590.172672 1590.206306 1590.711686 1591.324771
117.480000 1589.484470 1589.990945 1590.463290 1590.503796 1591.046204 1591.666657
117.500000 1589.784559 1590.290186 1590.773920 1590.814265 1591.405833 1591.993269
117.520000 1590.077709 1590.582234 1591.098727 1591.129943 1591.725394 1592.244090
117.540000 1590.436336 1590.906485 1591.440536 1591.460666 1592.048162 1592.577486
117.560000 1590.817195 1591.212796 1591.794509 1591.812375 1592.397269 1592.929114
117.580000 1591.143318 1591.617315 1592.190253 1592.201287 1592.782679 1593.355882
117.600000 1591.517844 1592.010065 1592.579601 1592.583236 1593.144293 1593.653157
117.620000 1591.885216 1592.418678 1592.994861 1592.987271 1593.551616 1594.021880
117.640000 1592.346755 1592.797996 1593.359912 1593.348640 1593.871945 1594.355919
117.660000 1592.736386 1593.173525 1593.730274 1593.698865 1594.170560 1594.615910
117.680000 1593.078080 1593.523480 1594.062166 1594.012550 1594.471060 1594.867766
117.700000 1593.357391 1593.878121 1594.335557 1594.299864 1594.733123 1595.056479
117.720000 1593.649404 1594.164051 1594.609820 1594.576373 1594.960487 1595.296074
117.740000 1593.993346 1594.456804 1594.866536 1594.833676 1595.197811 1595.517844
117.760000 1594.289695 1594.734669 1595.098821 1595.073166 1595.427176 1595.734294
117.780000 1594.574974 1594.967577 1595.323895 1595.316932 1595.675059 1595.955786
117.800000 1594.809197 1595.233390 1595.572487 1595.566126 1595.913999 1596.274652
117.820000 1595.063236 1595.484344 1595.803337 1595.810760 1596.154075 1596.508146
117.840000 1595.326187 1595.744943 1596.076662 1596.082718 1596.421079 1596.818661
117.860000 1595.687905 1596.005501 1596.338898 1596.360605 1596.714518 1597.127461
117.880000 1595.959869 1596.303565 1596.633113 1596.658535 1597.034411 1597.453966
117.900000 1596.209608 1596.565016 1596.916912 1596.941275 1597.335922 1597.802826
117.920000 1596.492116 1596.805953 1597.180699 1597.207990 1597.573231 1598.113068
117.940000 1596.729344 1597.094155 1597.452807 1597.481153 1597.870672 1598.333746
117.960000 1597.036669 1597.349656 1597.700877 1597.748917 1598.147976 1598.707540
117.980000 1597.302528 1597.612967 1597.948921 1598.001599 1598.390804 1599.029104
118.000000 1597.581727 1597.836779 1598.190370 1598.250153 1598.661655 1599.392452
118.020000 1597.810124 1598.045261 1598.406229 1598.488868 1598.926282 1599.672870
118.040000 1598.009272 1598.262743 1598.626514 1598.718325 1599.196931 1599.942393
118.060000 1598.201223 1598.470616 1598.855299 1598.943608 1599.453439 1600.208480
118.080000 1598.401479 1598.668019 1599.078313 1599.181098 1599.760209 1600.401985
118.100000 1598.623995 1598.896821 1599.301450 1599.417316 1599.992327 1600.649587
118.120000 1598.809257 1599.123826 1599.544362 1599.669406 1600.324594 1600.978522
118.140000 1598.997991 1599.320933 1599.769372 1599.912364 1600.620256 1601.219956
118.160000 1599.213305 1599.539317 1600.002414 1600.160568 1600.933067 1601.505238
118.180000 1599.447067 1599.755416 1600.241055 1600.401054 1601.187611 1601.744332
118.200000 1599.640368 1599.988410 1600.509796 1600.640467 1601.416896 1601.983383
118.220000 1599.823384 1600.214035 1600.752895 1600.880750 1601.669945 1602.165066
118.240000 1600.067239 1600.433632 1600.988366 1601.116904 1601.957308 1602.354532
118.260000 1600.267710 1600.650567 1601.251379 1601.350057 1602.164125 1602.538092
118.280000 1600.462673 1600.874461 1601.480266 1601.572377 1602.398506 1602.700637
118.300000 1600.679614 1601.081781 1601.770470 1601.801972 1602.605332 1602.882590
118.320000 1600.921486 1601.299385 1602.005486 1602.028902 1602.773588 1603.050879
118.340000 1601.115107 1601.529133 1602.280563 1602.262248 1602.980171 1603.244770
118.360000 1601.316820 1601.748481 1602.558357 1602.490218 1603.160754 1603.422683
118.380000 1601.503590 1601.962110 1602.826277 1602.710259 1603.353869 1603.612019
118.400000 1601.692406 1602.162732 1603.066313 1602.928305 1603.549197 1603.773973
118.420000 1601.910531 1602.375549 1603.315965 1603.146926 1603.725132 1603.939801
118.440000 1602.110512 1602.610095 1603.560296 1603.372496 1603.919340 1604.120069
118.460000 1602.336944 1602.806606 1603.771869 1603.585249 1604.101859 1604.281829
118.480000 1602.531914 1603.028264 1603.982130 1603.791974 1604.283838 1604.481919
118.500000 1602.705457 1603.226311 1604.186309 1603.984939 1604.453428 1604.684439
118.520000 1602.882042 1603.427233 1604.381266 1604.185705 1604.637993 1604.861997
118.540000 1603.062511 1603.608705 1604.569357 1604.378894 1604.808050 1605.055665
118.560000 1603.290070 1603.845355 1604.745469 1604.569038 1604.976728 1605.257829
118.580000 1603.470291 1604.076756 1604.939059 1604.760089 1605.158518 1605.430549
118.600000 1603.721147 1604.315175 1605.107826 1604.947596 1605.324553 1605.604392
118.620000 1603.928718 1604.570399 1605.278674 1605.133160 1605.502648 1605.779568
118.640000 1604.140042 1604.837039 1605.443987 1605.314884 1605.667405 1606.006939
118.660000 1604.311905 1605.095824 1605.605391 1605.505992 1605.835624 1606.272269
118.680000 1604.544479 1605.373662 1605.779921 1605.698028 1606.011220 1606.604236
118.700000 1604.763992 1605.630904 1605.947031 1605.893392 1606.176787 1606.873492
118.720000 1605.032473 1605.820542 1606.126827 1606.090847 1606.350784 1607.105668
118.740000 1605.332147 1606.014033 1606.296829 1606.289252 1606.563704 1607.336601
118.760000 1605.592916 1606.207103 1606.470921 1606.483580 1606.760180 1607.551723
118.780000 1605.874431 1606.394674 1606.646277 1606.686458 1606.965037 1607.738111
118.800000 1606.156486 1606.593403 1606.839353 1606.901792 1607.219913 1608.079237
118.820000 1606.382879 1606.788281 1607.059765 1607.129545 1607.458435 1608.323160
118.840000 1606.622912 1606.986360 1607.319052 1607.370313 1607.741715 1608.520317
118.860000 1606.914982 1607.216793 1607.574515 1607.635254 1608.071164 1608.765394
118.880000 1607.155223 1607.433338 1607.852222 1607.916234 1608.409738 1609.018172
118.900000 1607.391969 1607.708626 1608.205500 1608.247606 1608.748270 1609.359690
118.920000 1607.647115 1608.039642 1608.591901 1608.604501 1609.153146 1609.700633
118.940000 1607.956865 1608.408392 1608.978960 1608.986165 1609.571437 1610.014602
118.960000 1608.261102 1608.801763 1609.377172 1609.365724 1609.915856 1610.442685
118.980000 1608.674259 1609.184167 1609.766848 1609.758139 1610.315500 1610.854076
119.000000 1609.047413 1609.576484 1610.110368 1610.117218 1610.696711 1611.230550
119.020000 1609.378106 1609.859303 1610.423136 1610.437767 1611.026049 1611.623566
119.040000 1609.649290 1610.164417 1610.740496 1610.742257 1611.354269 1611.897527
119.060000 1609.999029 1610.434539 1611.042002 1611.056222 1611.689158 1612.222428
119.080000 1610.255543 1610.718924 1611.369673 1611.373852 1612.025857 1612.535575
119.100000 1610.537675 1611.006875 1611.665451 1611.682204 1612.369705 1612.931413
119.120000 1610.770201 1611.285407 1611.941289 1611.958686 1612.652096 1613.219119
119.140000 1611.033639 1611.547605 1612.245782 1612.245612 1612.921997 1613.452550
119.160000 1611.329534 1611.805207 1612.552918 1612.530508 1613.233945 1613.674693
119.180000 1611.577225 1612.064707 1612.868217 1612.800087 1613.550649 1613.901360
119.200000 1611.839837 1612.323451 1613.146891 1613.072418 1613.818439 1614.121557
119.220000 1612.078008 1612.533552 1613.451874 1613.329549 1614.054437 1614.355216
119.240000 1612.298598 1612.727384 1613.726655 1613.557667 1614.263363 1614.569995
119.260000 1612.558393 1612.949440 1613.983530 1613.778966 1614.459376 1614.808738
119.280000 1612.741708 1613.147838 1614.229132 1614.001119 1614.669825 1615.019842
119.300000 1612.950978 1613.373822 1614.446788 1614.219824 1614.883674 1615.274710
119.320000 1613.179161 1613.583719 1614.660497 1614.436224 1615.082146 1615.527789
119.340000 1613.375259 1613.828578 1614.857503 1614.649906 1615.280661 1615.714613
119.360000 1613.583533 1614.053053 1615.058864 1614.870644 1615.500263 1615.999896
119.380000 1613.814389 1614.309750 1615.247841 1615.096017 1615.722204 1616.243973
119.400000 1614.030131 1614.569857 1615.459363 1615.327902 1615.951895 1616.585715
119.420000 1614.300491 1614.829687 1615.643167 1615.560020 1616.218565 1616.816377
119.440000 1614.540713 1615.077934 1615.833702 1615.790314 1616.490085 1617.044954
119.460000 1614.749405 1615.307970 1616.020080 1616.023759 1616.759813 1617.295184
119.480000 1615.004774 1615.548201 1616.217700 1616.265580 1617.041225 1617.611286
119.500000 1615.270283 1615.762041 1616.445727 1616.513227 1617.336736 1617.987593
119.520000 1615.529896 1615.979645 1616.668059 1616.752197 1617.615634 1618.285574
119.540000 1615.771395 1616.193069 1616.878952 1616.986723 1617.871875 1618.514691
119.560000 1616.022647 1616.388012 1617.096253 1617.235408 1618.164085 1618.914581
119.580000 1616.212663 1616.586572 1617.321447 1617.484877 1618.499083 1619.176473
119.600000 1616.425646 1616.826732 1617.575917 1617.735604 1618.767192 1619.488986
119.620000 1616.646276 1617.051448 1617.846277 1617.996154 1619.063412 1619.788638
119.640000 1616.860327 1617.299346 1618.115825 1618.259430 1619.375917 1620.033222
119.660000 1617.063676 1617.535861 1618.413082 1618.536816 1619.665750 1620.244416
119.680000 1617.290113 1617.805744 1618.694540 1618.810626 1619.953339 1620.493364
119.700000 1617.557863 1618.039976 1618.938077 1619.088075 1620.258642 1620.767785
119.720000 1617.813423 1618.317230 1619.245535 1619.374125 1620.528093 1621.083439
119.740000 1618.064880 1618.601676 1619.536841 1619.654682 1620.800620 1621.315029
119.760000 1618.315162 1618.854232 1619.848327 1619.946812 1621.101843 1621.609280
119.780000 1618.583660 1619.114575 1620.183735 1620.224383 1621.335588 1621.934467
119.800000 1618.807254 1619.357215 1620.483246 1620.496268 1621.577090 1622.273793
119.820000 1619.043975 1619.670611 1620.873448 1620.782078 1621.824102 1622.589895
119.840000 1619.385226 1619.957765 1621.204786 1621.079325 1622.088304 1622.991378
119.860000 1619.727233 1620.272058 1621.504839 1621.364347 1622.353979 1623.301330
119.880000 1620.107176 1620.522232 1621.979633 1621.668716 1622.639116 1623.600292
119.895000 1620.314975 1620.712129 1622.206861 1621.870585 1622.817237 1623.801738
119.905000 1620.465480 1620.832359 1622.345691 1622.001154 1622.953017 1623.962940
119.920000 1620.683901 1621.002064 1622.524973 1622.197202 1623.146794 1624.243183
119.925000 1620.732825 1621.059426 1622.573764 1622.253306 1623.201147 1624.293849
120.025000 1621.454984 1621.902371 1623.332961 1623.159876 1624.184080 1625.159619
120.125000 1622.159016 1622.760923 1624.166657 1624.042521 1625.206688 1626.124559
120.225000 1622.927142 1623.661191 1625.058574 1624.973060 1626.097753 1627.176741
120.325000 1623.684016 1624.548881 1625.891451 1625.856562 1626.971632 1628.308771
120.425000 1624.541478 1625.473204 1626.793980 1626.744794 1627.852175 1629.152903
120.525000 1625.269137 1626.405787 1627.668430 1627.634352 1628.793239 1629.957367
120.625000 1626.092510 1627.368321 1628.555039 1628.537114 1629.735247 1630.933754
120.725000 1627.000869 1628.349220 1629.476383 1629.493528 1630.634648 1631.997031
120.825000 1628.090719 1629.317597 1630.411968 1630.459309 1631.639274 1633.031389
120.925000 1629.080323 1630.231182 1631.366649 1631.442828 1632.697600 1634.238365
121.025000 1630.064692 1631.176616 1632.342847 1632.427807 1633.744146 1635.279552
121.125000 1631.001304 1632.040863 1633.263084 1633.378789 1634.702137 1636.281806
121.225000 1631.934741 1632.946962 1634.240194 1634.314435 1635.711416 1637.223946
121.325000 1632.757100 1633.891303 1635.194508 1635.259209 1636.734729 1638.122023
121.425000 1633.588524 1634.780348 1636.216540 1636.237028 1637.724418 1639.088861
121.525000 1634.512934 1635.764289 1637.178465 1637.216402 1638.722544 1640.104749
121.625000 1635.392555 1636.764525 1638.254426 1638.270378 1639.797445 1641.111875
121.725000 1636.490832 1638.015560 1639.425374 1639.454012 1641.022566 1642.201279
121.825000 1637.739899 1639.228815 1640.706721 1640.707100 1642.238465 1643.522570
121.925000 1639.083127 1640.684269 1642.196031 1642.181970 1643.685818 1645.109073
122.025000 1640.726881 1642.283479 1643.806259 1643.850724 1645.448281 1647.001110
122.125000 1642.319788 1643.912779 1645.439076 1645.457445 1647.034046 1648.660278
122.225000 1643.630466 1645.292152 1646.754741 1646.766838 1648.314957 1649.876715
122.325000 1645.013022 1646.355609 1647.868230 1647.874820 1649.417608 1650.805251
122.425000 1646.006345 1647.346125 1648.844133 1648.880920 1650.466809 1651.644120
122.525000 1646.959778 1648.371796 1649.803618 1649.833521 1651.385947 1652.565248
122.575000 1647.435542 1648.789148 1650.264121 1650.299534 1651.891426 1652.919491
122.675000 1648.254921 1649.640026 1651.103971 1651.120062 1652.683810 1653.640672
122.775000 1648.983130 1650.406941 1651.872810 1651.904334 1653.520065 1654.388083
122.875000 1649.858957 1651.139571 1652.697456 1652.696962 1654.303065 1655.198759
122.975000 1650.565027 1651.903951 1653.482796 1653.456899 1655.057335 1655.992831
123.050000 1651.153834 1652.500730 1654.070885 1654.060055 1655.604661 1656.612603
123.125000 1651.827758 1653.106408 1654.700459 1654.663002 1656.201011 1657.211021
123.175000 1652.300938 1653.530541 1655.101106 1655.074965 1656.609557 1657.641158
123.275000 1653.123444 1654.379973 1655.905442 1655.850265 1657.334663 1658.238466
123.375000 1653.994419 1655.114896 1656.719980 1656.610249 1658.038443 1658.927178
123.475000 1654.723059 1655.935112 1657.508234 1657.393047 1658.806627 1659.723966
123.575000 1655.594608 1656.835917 1658.254603 1658.213074 1659.614041 1660.609429
123.675000 1656.367618 1657.662013 1659.182832 1659.050190 1660.317044 1661.445683
123.775000 1657.391075 1658.608861 1660.023778 1659.962216 1661.159418 1662.471861
123.875000 1658.409322 1659.767266 1661.060025 1661.029967 1662.261968 1663.563605
123.975000 1659.796793 1660.996418 1662.188623 1662.258709 1663.511259 1665.072936
124.075000 1660.833701 1662.069619 1663.327514 1663.376260 1664.646828 1666.022569
124.175000 1662.083649 1663.166591 1664.385532 1664.492900 1665.843116 1667.290953
124.275000 1662.956933 1664.091221 1665.449120 1665.533916 1666.934666 1668.412906
124.375000 1663.880028 1665.043920 1666.427069 1666.492290 1667.866576 1669.713663
124.475000 1664.769054 1666.015824 1667.381030 1667.450639 1668.754484 1670.802159
124.575000 1665.700472 1666.950644 1668.320133 1668.364931 1669.687160 1671.615932
124.675000 1666.503283 1667.832882 1669.238872 1669.250694 1670.529506 1672.531312
124.808333 1667.657648 1668.919952 1670.270102 1670.345521 1671.579850 1673.968921
124.941667 1668.782530 1670.099456 1671.385341 1671.450982 1672.695713 1674.939080
125.075000 1669.924246 1671.247302 1672.410219 1672.532667 1673.737353 1676.220085
125.175000 1670.870892 1672.117823 1673.210007 1673.357174 1674.484811 1677.208696
125.275000 1671.713782 1672.849962 1673.978312 1674.142325 1675.222754 1678.133669
125.375000 1672.465185 1673.652625 1674.682693 1674.896690 1675.966266 1678.936796
125.475000 1673.210520 1674.394818 1675.394255 1675.622949 1676.682985 1679.710352
125.575000 1673.982586 1675.073807 1676.080421 1676.339666 1677.416574 1680.439179
125.675000 1674.856978 1675.775201 1676.781275 1677.046992 1678.145461 1681.077148
125.775000 1675.624584 1676.431597 1677.471506 1677.753933 1678.959652 1681.813711
125.875000 1676.261115 1677.093397 1678.145443 1678.426347 1679.702384 1682.455408
125.995000 1677.104513 1677.884394 1678.958379 1679.264331 1680.521931 1683.293858
126.115000 1677.843798 1678.717707 1679.771577 1680.073890 1681.397219 1684.201788
126.235000 1678.631588 1679.525429 1680.567200 1680.882062 1682.255543 1685.309761
126.355000 1679.210021 1680.330222 1681.390886 1681.704579 1683.000659 1686.148858
126.475000 1680.163209 1681.101645 1682.191802 1682.527740 1683.920735 1686.950284
126.575000 1680.722134 1681.800523 1682.902551 1683.237541 1684.634569 1687.637226
126.675000 1681.476528 1682.470928 1683.650856 1683.941015 1685.393496 1688.271512
126.775000 1682.162694 1683.135498 1684.354351 1684.659950 1686.138862 1689.028210
126.875000 1682.913282 1683.826849 1685.086838 1685.388920 1686.924034 1689.684180
126.975000 1683.608185 1684.492099 1685.832475 1686.122440 1687.776445 1690.424413
127.075000 1684.200176 1685.204238 1686.556456 1686.863766 1688.675822 1691.156222
127.175000 1684.943544 1685.910477 1687.334960 1687.618462 1689.506305 1691.879657
127.275000 1685.653349 1686.622787 1688.116653 1688.382278 1690.353225 1692.692729
127.408333 1686.511155 1687.569447 1689.153447 1689.382047 1691.338573 1693.662956
127.541667 1687.263267 1688.409929 1690.098457 1690.337609 1692.305834 1694.571666
127.675000 1688.202760 1689.372159 1691.104516 1691.315018 1693.320745 1695.594341
127.775000 1688.881525 1690.139793 1691.906899 1692.092092 1694.132734 1696.206236
127.875000 1689.601382 1690.934045 1692.744883 1692.910760 1694.965953 1697.063776
127.975000 1690.387071 1691.818458 1693.691853 1693.793518 1695.865336 1697.831860
128.070000 1691.244315 1692.702496 1694.591449 1694.712249 1696.840592 1698.929631
128.165000 1692.038776 1693.621982 1695.541915 1695.680919 1697.801189 1699.965966
128.265000 1693.062282 1694.692776 1696.765725 1696.842299 1698.931967 1700.925698
128.365000 1694.252906 1696.001148 1697.998900 1698.103029 1700.177476 1702.341736
128.498333 1695.806072 1697.762644 1699.971420 1699.953575 1702.179704 1704.331724
128.631667 1697.465049 1699.506070 1701.784945 1701.798566 1704.104586 1705.994967
128.765000 1699.660261 1701.566976 1703.722971 1703.709026 1705.906141 1707.920862
128.865000 1700.932422 1703.021307 1705.044610 1705.073358 1707.233957 1709.118863
128.965000 1702.315127 1704.373063 1706.434522 1706.454721 1708.585078 1710.714710
129.065000 1703.701589 1705.832528 1707.899081 1707.906740 1710.020195 1712.229306
129.165000 1705.750213 1707.459040 1709.580829 1709.600878 1711.705766 1714.014112
129.265000 1707.329315 1709.313352 1711.403957 1711.482202 1713.639553 1716.223645
129.365000 1709.094745 1711.104910 1713.320862 1713.436327 1715.727813 1718.679918
129.465000 1711.081628 1713.228992 1715.593960 1715.701391 1718.256079 1720.714770
129.565000 1712.907743 1715.357217 1717.741063 1717.807369 1720.239530 1722.597794
129.665000 1714.739443 1717.191665 1719.840542 1719.749855 1722.277619 1724.820530
129.765000 1716.375204 1719.010497 1721.756680 1721.630763 1724.091840 1726.559138
129.865000 1717.990680 1721.112615 1723.673683 1723.541803 1725.878999 1728.486967
129.965000 1719.319780 1723.008131 1725.492110 1725.274123 1727.542700 1730.000291
130.065000 1721.433844 1724.694098 1727.119291 1726.914784 1729.195782 1731.613789
130.165000 1723.018688 1726.099826 1728.722765 1728.565698 1731.040630 1733.838882
130.265000 1724.208398 1727.492356 1730.177475 1730.097581 1732.808600 1735.358010
130.365000 1725.773645 1729.009919 1731.704574 1731.696996 1734.567881 1737.019965
130.465000 1726.956857 1730.644289 1733.396815 1733.351129 1736.267751 1738.638856
130.565000 1728.332251 1732.261485 1735.191122 1735.047341 1737.710019 1740.365040
130.665000 1730.505879 1734.041852 1737.029477 1736.805487 1739.691194 1742.160501
130.765000 1731.840505 1735.747545 1738.910957 1738.661842 1741.609126 1743.835609
130.865000 1733.645330 1737.722763 1740.835851 1740.496639 1743.327768 1745.523440
130.965000 1735.974872 1739.533909 1742.308953 1742.122818 1744.836318 1746.858347
131.065000 1738.018339 1741.242479 1743.967753 1743.722630 1746.264157 1748.166402
131.165000 1740.403030 1742.930594 1745.500766 1745.277146 1747.555144 1749.428020
131.265000 1741.939258 1744.422885 1746.878933 1746.692986 1748.933499 1750.694400
131.365000 1743.471151 1745.901848 1748.241661 1748.037831 1750.225636 1751.898886
131.465000 1744.630028 1747.223493 1749.591129 1749.382433 1751.589121 1753.286612
131.565000 1746.071408 1748.715190 1750.828311 1750.731080 1752.814711 1754.775265
131.665000 1747.103822 1749.938185 1752.159922 1752.011052 1754.154391 1755.996980
131.765000 1748.515775 1751.059994 1753.305607 1753.202333 1755.383148 1757.404044
131.865000 1749.755601 1752.345783 1754.331585 1754.327439 1756.448202 1758.525995
131.965000 1751.299038 1753.594138 1755.342339 1755.432067 1757.423953 1759.478326
132.065000 1752.889785 1754.743358 1756.434457 1756.591544 1758.589354 1760.438127
132.165000 1754.287216 1755.965999 1757.547879 1757.730871 1759.707728 1761.601282
132.265000 1755.400443 1756.976693 1758.472422 1758.735570 1760.757794 1762.380269
132.375000 1756.717973 1757.935048 1759.455124 1759.744523 1761.861537 1763.297626
132.475000 1757.689910 1758.812446 1760.316587 1760.620136 1762.775357 1764.222405
132.575000 1758.499391 1759.657911 1761.137064 1761.466725 1763.591292 1765.092985
132.675000 1759.277335 1760.380693 1761.893988 1762.246776 1764.438850 1765.857291
132.775000 1760.073152 1761.117280 1762.627850 1763.017446 1765.136995 1766.519029
132.875000 1760.805385 1761.865950 1763.389442 1763.766165 1765.959532 1767.262604
132.975000 1761.582021 1762.605798 1764.159226 1764.520185 1766.723604 1768.015681
133.075000 1762.428798 1763.308312 1764.903287 1765.254968 1767.415115 1768.617885
133.175000 1763.095679 1764.062024 1765.638857 1765.986311 1768.160904 1769.481908
133.275000 1763.830910 1764.747342 1766.423989 1766.717659 1768.874068 1770.305863
133.375000 1764.522499 1765.480077 1767.151440 1767.457508 1769.634847 1770.999972
133.475000 1765.254589 1766.205246 1767.940395 1768.209429 1770.353220 1771.742589
133.575000 1765.937730 1766.909397 1768.709627 1768.946988 1771.072603 1772.494026
133.675000 1766.663913 1767.682055 1769.464050 1769.683471 1771.744757 1773.163246
133.775000 1767.401909 1768.415712 1770.236529 1770.426008 1772.461197 1773.985292
133.875000 1768.173803 1769.177182 1771.016006 1771.190648 1773.186778 1774.794630
133.975000 1768.901798 1769.901603 1771.884184 1771.957607 1773.984247 1775.558727
134.075000 1769.551264 1770.693870 1772.699693 1772.734524 1774.718329 1776.242929
134.175000 1770.332849 1771.506717 1773.615729 1773.536263 1775.462803 1777.169325
134.275000 1771.122229 1772.408405 1774.444854 1774.381938 1776.297099 1778.100003
134.375000 1771.820346 1773.241805 1775.286720 1775.266816 1777.199726 1779.074327
134.475000 1772.688691 1774.124087 1776.246396 1776.204422 1778.128796 1779.972751
134.575000 1773.565634 1775.117280 1777.265145 1777.252918 1779.199832 1781.403538
134.675000 1774.680921 1776.419624 1778.444388 1778.499119 1780.457875 1782.740095
134.775000 1776.014091 1777.906291 1779.874476 1779.924755 1781.946194 1784.183820
134.875000 1777.672734 1779.452398 1781.513222 1781.505759 1783.494603 1785.664457
134.975000 1779.402427 1781.092786 1783.308063 1783.271183 1785.283462 1787.179426
135.075000 1781.232154 1782.832561 1785.108478 1784.960809 1786.995752 1788.554940
135.175000 1782.935195 1784.816377 1786.738635 1786.593079 1788.404249 1789.726414
135.275000 1784.259896 1786.642261 1788.404792 1788.218959 1789.785252 1790.939886
135.375000 1786.659870 1788.424287 1789.981139 1789.837468 1791.206297 1792.276235
135.475000 1788.723142 1790.112087 1791.343935 1791.277511 1792.463356 1793.487277
135.575000 1790.290461 1791.341196 1792.391606 1792.386741 1793.454868 1794.405987
135.675000 1791.300749 1792.300247 1793.309879 1793.311738 1794.289366 1795.174373
135.775000 1792.372255 1793.214719 1794.159162 1794.169137 1795.119696 1796.013416
135.875000 1793.182548 1794.121633 1795.053799 1795.051438 1795.992136 1796.887451
135.975000 1794.041939 1795.023347 1796.019411 1796.032184 1797.045870 1798.010075
136.075000 1795.039612 1796.048779 1797.078906 1797.128117 1798.160410 1799.449732
136.175000 1796.122635 1797.179752 1798.293997 1798.326656 1799.517313 1800.809615
136.275000 1797.126588 1798.443361 1799.621405 1799.691044 1800.958849 1802.270545
136.375000 1798.568941 1799.808751 1801.183684 1801.158142 1802.393834 1803.720541
136.475000 1799.990181 1801.159797 1802.446198 1802.485736 1803.746841 1805.076682
136.575000 1801.076268 1802.342445 1803.619137 1803.606938 1804.808844 1806.337729
136.675000 1802.180923 1803.414532 1804.610302 1804.608029 1805.792989 1807.243544
136.775000 1803.044526 1804.288390 1805.477213 1805.491617 1806.692617 1808.111254
136.875000 1803.949651 1805.094566 1806.280815 1806.335475 1807.620657 1808.981264
136.975000 1804.729046 1805.942736 1807.165092 1807.183504 1808.431195 1809.910587
137.075000 1805.527835 1806.828583 1807.998011 1808.076660 1809.318598 1810.978337
137.175000 1806.405873 1807.676563 1808.854959 1808.987901 1810.299053 1812.118468
137.275000 1807.373071 1808.545334 1809.771079 1809.895388 1811.243942 1813.058778
137.375000 1808.260280 1809.389198 1810.657080 1810.823163 1812.248476 1814.152924
137.450000 1808.957033 1810.112394 1811.376970 1811.523249 1812.924153 1814.868324
137.525000 1809.641346 1810.741171 1812.142662 1812.250805 1813.776137 1815.643489
137.625000 1810.550467 1811.752983 1813.126050 1813.292471 1814.801292 1816.739309
137.725000 1811.598656 1812.752562 1814.330947 1814.445146 1816.100535 1817.988287
137.825000 1812.598767 1814.040383 1815.715285 1815.829488 1817.606986 1819.612177
137.925000 1813.906938 1815.604451 1817.418368 1817.450908 1819.319390 1821.438668
138.025000 1815.699841 1817.476082 1819.219647 1819.346651 1821.169862 1823.439581
138.125000 1817.427628 1819.080127 1820.856576 1820.996659 1823.019755 1825.106887
138.225000 1818.630655 1820.415613 1822.305567 1822.479087 1824.547254 1827.143882
138.325000 1819.700091 1821.537102 1823.572015 1823.877606 1826.090364 1829.731212
138.425000 1820.711778 1822.599188 1824.979366 1825.353401 1828.012072 1832.067690
138.525000 1821.748517 1823.849818 1826.390227 1826.952161 1830.195979 1834.639305
138.625000 1822.750518 1825.092666 1828.016773 1828.680720 1832.709150 1836.968573
138.735000 1823.928951 1826.728917 1830.489946 1830.971132 1835.615460 1839.374926
138.845000 1824.918957 1828.312655 1833.029751 1833.153519 1838.178608 1841.729271
138.945000 1826.134326 1829.739800 1835.488460 1835.146025 1840.245476 1843.490816
139.045000 1827.586355 1831.414866 1837.593678 1837.035530 1842.376460 1845.371296
139.145000 1829.228581 1833.090227 1839.497144 1838.874071 1844.179612 1847.011040
139.245000 1830.944343 1835.319856 1841.286605 1840.746224 1845.924279 1848.529263
139.345000 1832.889486 1837.216862 1843.058018 1842.451241 1847.401451 1850.139262
139.445000 1834.298300 1839.077939 1844.764966 1844.082511 1848.737755 1851.616670
139.545000 1835.682702 1841.035919 1846.326665 1845.662760 1849.854136 1852.880057
139.645000 1837.578812 1843.173209 1847.699927 1847.138442 1851.165306 1854.010951
139.745000 1838.996840 1844.551957 1849.134276 1848.598401 1852.513336 1855.211066
139.845000 1840.365084 1846.304512 1850.563642 1850.078798 1853.713818 1857.062328
139.945000 1842.885997 1848.097628 1852.071527 1851.625465 1855.165945 1858.541164
140.045000 1844.511097 1849.774237 1853.636312 1853.244298 1856.707386 1860.121070
140.145000 1846.482204 1851.305674 1855.192264 1854.908089 1858.526610 1862.034232
140.245000 1848.508736 1853.164332 1856.874000 1856.691741 1860.262690 1863.794428
140.345000 1850.308942 1855.098888 1858.822799 1858.608065 1862.527691 1865.658990
140.445000 1852.189858 1856.701709 1860.725832 1860.472683 1864.511173 1866.911492
140.545000 1853.911835 1858.189176 1862.749723 1862.178704 1866.212238 1868.021244
140.645000 1854.954905 1860.013408 1864.582501 1863.820103 1867.730429 1869.215227
140.745000 1856.549462 1861.776053 1866.549543 1865.491151 1868.931065 1870.306049
140.845000 1857.989113 1863.811693 1867.939248 1866.899076 1869.924487 1871.354141
140.945000 1859.782426 1865.431459 1869.046187 1868.153371 1870.885180 1872.169983
141.045000 1861.420086 1867.107218 1870.076884 1869.354757 1871.745543 1872.917488
141.145000 1863.625306 1868.552842 1870.995428 1870.405226 1872.569632 1873.770511
141.245000 1864.806543 1869.709749 1872.002548 1871.418117 1873.404987 1874.593154
141.345000 1866.812797 1870.721273 1872.843086 1872.371259 1874.227658 1875.435792
141.465000 1868.550472 1871.962045 1873.917129 1873.485156 1875.140401 1876.327919
141.565000 1869.370683 1873.049193 1874.716513 1874.366668 1875.932030 1877.060014
141.665000 1870.443954 1873.985473 1875.550099 1875.236988 1876.731236 1877.758246
141.765000 1871.669953 1874.939532 1876.326843 1876.073340 1877.537582 1878.480350
141.865000 1872.649861 1875.763826 1877.149838 1876.905483 1878.287366 1879.141481
141.965000 1873.800565 1876.658163 1877.921695 1877.699835 1879.028893 1879.853613
142.065000 1875.157219 1877.502079 1878.665446 1878.504100 1879.687616 1880.562518
142.165000 1876.376059 1878.284052 1879.441132 1879.273492 1880.374887 1881.307476
142.265000 1876.988414 1879.052819 1880.182595 1880.035686 1881.108618 1881.978024
142.365000 1877.945413 1879.845018 1880.916545 1880.777936 1881.788148 1882.677159
142.465000 1878.953253 1880.532176 1881.605671 1881.490887 1882.517487 1883.294017
142.565000 1879.687187 1881.266083 1882.285170 1882.180490 1883.163607 1883.902169
142.665000 1880.498478 1881.960850 1882.962451 1882.858971 1883.817057 1884.619252
142.765000 1881.321457 1882.640495 1883.691661 1883.547647 1884.490492 1885.313785
142.865000 1882.000527 1883.313029 1884.323264 1884.227860 1885.154036 1885.968331
142.965000 1882.526280 1884.035889 1884.971773 1884.899798 1885.816208 1886.706282
143.065000 1883.282638 1884.707425 1885.645430 1885.553363 1886.466900 1887.268871
143.165000 1883.870831 1885.381949 1886.291875 1886.214299 1887.140821 1887.937047
143.265000 1884.665123 1886.033037 1886.932363 1886.874495 1887.778179 1888.642174
143.365000 1885.324710 1886.710444 1887.601255 1887.542706 1888.480748 1889.241673
143.465000 1886.001792 1887.346522 1888.264095 1888.209981 1889.128644 1889.955863
143.565000 1886.718511 1887.997493 1888.913083 1888.874322 1889.785893 1890.599734
143.665000 1887.375671 1888.639227 1889.588959 1889.544194 1890.489682 1891.248752
143.765000 1888.088583 1889.300641 1890.265311 1890.213504 1891.167083 1891.943658
143.865000 1888.794499 1889.999703 1890.929947 1890.880694 1891.838248 1892.562296
143.940000 1889.342229 1890.501470 1891.442537 1891.386133 1892.294869 1893.102867
144.015000 1889.968034 1891.026241 1891.946086 1891.909047 1892.856953 1893.581426
144.127500 1890.719175 1891.782334 1892.678129 1892.658839 1893.609722 1894.364190
144.240000 1891.467221 1892.452174 1893.465903 1893.411620 1894.346622 1895.133954
144.352500 1892.211170 1893.225496 1894.178469 1894.166832 1895.080888 1895.953961
144.465000 1893.045776 1894.022215 1894.959850 1894.928915 1895.837939 1896.806950
144.565000 1893.750252 1894.710122 1895.634726 1895.620863 1896.527089 1897.482643
144.665000 1894.494118 1895.463405 1896.370298 1896.363206 1897.257813 1898.236394
144.765000 1895.256615 1896.226697 1897.156327 1897.130881 1898.044023 1898.965896
144.865000 1895.968620 1897.012731 1897.966263 1897.939930 1898.876071 1899.710859
144.965000 1896.915530 1897.946524 1898.859233 1898.834441 1899.736519 1900.645748
145.065000 1897.965639 1898.862012 1899.808585 1899.776794 1900.669488 1901.587959
145.165000 1898.905949 1899.977641 1900.827878 1900.831907 1901.703782 1902.641407
145.265000 1899.963326 1900.974939 1901.825209 1901.868407 1902.766774 1903.827482
145.365000 1900.916756 1901.863376 1902.756607 1902.787237 1903.698227 1904.856821
145.465000 1901.705256 1902.651242 1903.567063 1903.638160 1904.632369 1905.777731
145.565000 1902.559871 1903.478903 1904.414606 1904.453823 1905.414250 1906.693002
145.665000 1903.400385 1904.242935 1905.189518 1905.264478 1906.264972 1907.536271
145.765000 1904.059660 1905.016006 1905.983004 1906.063724 1907.128747 1908.389280
145.865000 1904.866706 1905.788300 1906.840020 1906.920637 1908.050674 1909.456766
145.965000 1905.639159 1906.674679 1907.735623 1907.799178 1908.938752 1910.546749
146.065000 1906.501954 1907.488283 1908.612172 1908.679459 1909.951591 1911.370679
146.165000 1907.325815 1908.336982 1909.559925 1909.650939 1910.969713 1912.847854
146.265000 1908.328443 1909.271139 1910.545199 1910.661355 1912.031848 1913.768829
146.365000 1909.233044 1910.214676 1911.572351 1911.653250 1913.161256 1914.597637
146.465000 1910.100678 1911.062817 1912.565842 1912.652368 1914.178080 1915.797432
146.565000 1910.984396 1912.149688 1913.707652 1913.783281 1915.367460 1917.111224
146.665000 1911.960278 1913.300271 1914.974408 1915.000930 1916.707382 1918.394567
146.765000 1913.191818 1914.530435 1916.377537 1916.425558 1918.283187 1920.095788
146.865000 1914.353876 1915.781184 1917.787923 1917.806740 1919.708036 1921.591631
146.965000 1915.359435 1917.167159 1919.135256 1919.166568 1921.167714 1923.137889
147.065000 1916.459567 1918.414838 1920.375872 1920.403793 1922.450859 1924.413811
147.165000 1917.776862 1919.649719 1921.699978 1921.691681 1923.659276 1925.452065
147.265000 1919.139058 1920.944402 1922.997682 1922.997521 1925.069827 1926.885777
147.365000 1920.408528 1922.122877 1924.252587 1924.262038 1926.384920 1928.177378
147.465000 1921.500807 1923.285777 1925.500509 1925.488621 1927.446652 1929.478614
147.565000 1922.734484 1924.632277 1926.760901 1926.748216 1928.684088 1930.687159
147.665000 1923.969239 1925.855167 1927.973398 1927.954744 1929.934993 1931.707054
147.765000 1925.050038 1927.148413 1929.117862 1929.138989 1931.171811 1933.048929
147.875000 1926.448912 1928.542164 1930.420325 1930.440285 1932.406771 1934.413324
147.975000 1927.489780 1929.665855 1931.577962 1931.590845 1933.486794 1935.645617
148.075000 1928.501417 1930.899368 1932.823408 1932.817169 1934.828046 1936.733224
148.175000 1930.058649 1932.100968 1934.124481 1934.128818 1936.209480 1938.056928
148.275000 1931.433126 1933.514167 1935.551602 1935.598282 1937.674295 1939.776403
148.375000 1932.831817 1935.036060 1937.062677 1937.112396 1939.283573 1941.497211
148.475000 1934.620142 1936.715729 1938.789987 1938.840392 1940.886797 1943.263220
148.575000 1936.646162 1938.866382 1940.919639 1940.905863 1942.960792 1944.975266
148.675000 1939.595587 1941.416257 1943.230212 1943.257175 1945.106076 1947.371951
148.775000 1941.401565 1943.010280 1944.817582 1944.921321 1946.852204 1948.829667
148.875000 1942.907269 1944.583380 1946.453845 1946.498174 1948.406474 1950.556458
148.975000 1944.196835 1945.875888 1947.909602 1947.887454 1949.840777 1951.980737
149.075000 1945.512316 1947.106637 1949.306578 1949.238218 1951.407710 1953.484812
149.175000 1946.609090 1948.373576 1950.540149 1950.537761 1952.728972 1954.542770
149.275000 1947.637598 1949.520621 1951.888520 1951.843188 1954.003090 1956.168812
149.375000 1948.645594 1950.836228 1953.182323 1953.142094 1955.449042 1957.634652
149.475000 1949.792270 1952.065459 1954.590392 1954.613654 1957.081868 1959.429390
149.575000 1951.051801 1953.338320 1956.119070 1956.117796 1958.723290 1961.106391
149.675000 1952.020910 1954.797570 1957.524026 1957.574786 1960.369126 1962.959213
149.775000 1953.217724 1956.228918 1959.108617 1959.018668 1961.728971 1964.189189
149.875000 1954.711407 1958.015078 1960.911301 1960.714020 1963.493783 1965.766433
149.975000 1956.538633 1959.833942 1962.696454 1962.496047 1965.192679 1967.437648
150.075000 1958.691698 1961.782360 1964.513435 1964.351549 1966.934649 1969.177727
150.175000 1960.908926 1963.852987 1966.442986 1966.321589 1968.851492 1971.138181
150.275000 1963.167891 1965.812163 1968.149273 1968.079335 1970.379190 1972.773141
150.375000 1965.340932 1967.767594 1970.068088 1969.955372 1972.152369 1974.142692
150.475000 1967.982452 1970.176022 1972.278765 1972.159092 1974.119646 1975.694353
150.575000 1970.167133 1972.365829 1974.086297 1974.033454 1975.655353 1977.775075
150.675000 1972.338851 1973.971593 1975.515830 1975.539310 1977.019149 1979.222089
150.775000 1973.846129 1975.246284 1976.723524 1976.811122 1978.364506 1980.183084
150.875000 1974.983067 1976.450374 1977.901185 1977.967994 1979.578874 1981.118007
150.975000 1976.115581 1977.489179 1979.004051 1979.084279 1980.771862 1982.245677
151.075000 1976.946265 1978.454230 1980.078143 1980.128505 1981.872109 1983.485328
151.175000 1977.822809 1979.394004 1981.138010 1981.144239 1982.901044 1984.425911
151.275000 1978.722187 1980.380732 1982.233393 1982.175010 1984.004837 1985.600061
151.375000 1979.703357 1981.335753 1983.193706 1983.207944 1985.097764 1986.823927
151.475000 1980.613452 1982.320626 1984.270274 1984.276927 1986.134379 1987.885462
151.575000 1981.906256 1983.497804 1985.344477 1985.410824 1987.343116 1989.170763
151.675000 1982.975750 1984.886019 1986.691981 1986.750783 1988.712653 1990.631264
151.775000 1984.354620 1986.392272 1988.359534 1988.410090 1990.543891 1992.573148
151.875000 1986.295299 1988.350463 1990.578468 1990.506949 1992.623189 1994.532755
151.975000 1987.813766 1990.061455 1992.192214 1992.166189 1994.336000 1996.294073
152.075000 1989.646968 1992.201800 1994.194560 1994.158416 1996.158341 1997.932194
152.175000 1992.760041 1994.510450 1996.165051 1996.170882 1997.913837 1999.601388
152.275000 1994.385108 1996.179606 1997.821091 1997.799948 1999.414922 2000.954674
152.375000 1996.106544 1997.619384 1999.244207 1999.251238 2000.907622 2002.692262
152.475000 1997.590418 1999.028827 2000.709588 2000.808850 2002.551523 2004.767522
152.575000 1998.770773 2000.489611 2002.423510 2002.462438 2004.458870 2006.557051
152.675000 2000.202691 2002.101802 2004.308030 2004.295846 2006.455515 2008.431763
152.775000 2001.988072 2003.822867 2006.108263 2006.078517 2008.170741 2010.285773
152.875000 2003.370561 2005.600536 2007.795760 2007.708863 2009.690974 2011.764346
152.975000 2005.079403 2007.622504 2009.606526 2009.548189 2011.665683 2013.553684
153.075000 2007.005572 2009.387491 2011.329030 2011.328980 2013.388331 2015.001523
153.175000 2009.130954 2011.104201 2013.066734 2013.015465 2014.886565 2016.523210
153.275000 2011.125792 2012.859464 2014.817139 2014.673282 2016.438967 2017.905620
153.375000 2012.741389 2014.303045 2016.145015 2015.999095 2017.611389 2018.897393
153.475000 2014.056852 2015.640073 2017.319563 2017.199983 2018.698480 2019.806053
153.575000 2015.420923 2017.079751 2018.501623 2018.395313 2019.798861 2020.691356
153.675000 2016.610938 2018.200736 2019.483902 2019.428382 2020.709639 2021.538053
153.775000 2017.663054 2019.289160 2020.458140 2020.375790 2021.524767 2022.410603
153.875000 2018.882921 2020.162750 2021.260707 2021.199795 2022.281256 2023.138123
153.975000 2019.868115 2020.879303 2022.013235 2021.953136 2022.986871 2023.774510
154.075000 2020.610756 2021.556082 2022.706914 2022.624332 2023.671812 2024.358046
154.175000 2021.290210 2022.142286 2023.362228 2023.268919 2024.308842 2025.037759
154.275000 2021.970107 2022.849613 2024.010947 2023.919981 2024.921158 2025.670398
154.375000 2022.605887 2023.391307 2024.634460 2024.537664 2025.519932 2026.371762
154.475000 2023.170858 2024.026414 2025.287801 2025.151896 2026.143992 2026.964771
154.575000 2023.817118 2024.659416 2025.920965 2025.779535 2026.763907 2027.535405
154.675000 2024.521086 2025.248877 2026.550700 2026.395084 2027.358861 2028.119605
154.775000 2025.069329 2025.824020 2027.168239 2027.008090 2028.011759 2028.817109
154.875000 2025.722158 2026.415772 2027.784630 2027.614736 2028.616812 2029.353752
154.975000 2026.323182 2027.030872 2028.361933 2028.212169 2029.230508 2029.948946
155.075000 2026.921914 2027.647036 2028.990295 2028.823345 2029.807374 2030.569612
155.175000 2027.510118 2028.270860 2029.600671 2029.426271 2030.402403 2031.138196
155.275000 2028.103790 2028.838450 2030.189607 2030.024357 2030.984127 2031.786986
155.375000 2028.756160 2029.449522 2030.814990 2030.626096 2031.590434 2032.399315
155.475000 2029.302530 2030.093744 2031.394062 2031.225837 2032.178419 2032.886526
155.575000 2029.901661 2030.679491 2032.015227 2031.827471 2032.787436 2033.494611
155.675000 2030.438294 2031.263634 2032.601391 2032.417769 2033.345317 2034.186208
155.775000 2031.065243 2031.888287 2033.198882 2033.027117 2033.928382 2034.865623
155.875000 2031.677628 2032.541624 2033.845238 2033.647175 2034.572887 2035.441773
155.975000 2032.224634 2033.157884 2034.406996 2034.258831 2035.175139 2036.172195
156.075000 2032.865398 2033.789477 2035.016383 2034.897012 2035.842708 2036.780829
156.175000 2033.499572 2034.491977 2035.638888 2035.551902 2036.510963 2037.457026
156.275000 2034.168120 2035.124365 2036.267079 2036.215108 2037.196140 2038.171509
156.375000 2034.849667 2035.803667 2036.919010 2036.879390 2037.854007 2038.812418
156.475000 2035.486566 2036.521244 2037.600913 2037.552455 2038.537132 2039.520606
156.575000 2036.156337 2037.183326 2038.283416 2038.249078 2039.255213 2040.264456
156.675000 2036.902845 2037.906027 2038.932451 2038.962722 2039.969254 2041.064617
156.775000 2037.600890 2038.652335 2039.693801 2039.720791 2040.743142 2041.818027
156.875000 2038.197502 2039.406641 2040.429179 2040.487901 2041.592879 2042.699333
156.975000 2038.996093 2040.174197 2041.228673 2041.279245 2042.361314 2043.573388
157.075000 2039.852803 2040.973790 2042.042245 2042.092160 2043.218050 2044.438222
157.175000 2040.615827 2041.720504 2042.918731 2042.917229 2044.080202 2045.424656
157.275000 2041.226869 2042.506866 2043.719236 2043.746348 2044.942551 2046.417880
157.375000 2042.105619 2043.320521 2044.608096 2044.597845 2045.781060 2047.246098
157.475000 2042.991415 2044.192965 2045.475301 2045.468653 2046.687162 2048.104206
157.575000 2043.802325 2045.132262 2046.327951 2046.340711 2047.579669 2048.815415
157.675000 2044.718419 2046.014270 2047.221711 2047.215646 2048.461867 2049.548374
157.775000 2045.501714 2046.781704 2048.035731 2048.037828 2049.288050 2050.382824
157.875000 2046.419478 2047.686100 2048.862853 2048.865130 2050.090848 2051.126155
157.975000 2047.288376 2048.491769 2049.717894 2049.680292 2050.886176 2051.839010
158.075000 2048.157061 2049.337420 2050.510397 2050.490673 2051.648891 2052.604978
158.175000 2048.833060 2050.143701 2051.292614 2051.272934 2052.404056 2053.476505
158.275000 2049.799204 2050.925392 2052.064204 2052.046958 2053.141959 2054.272846
158.375000 2050.581598 2051.687921 2052.814135 2052.807014 2053.890132 2055.105298
158.475000 2051.396073 2052.404663 2053.555136 2053.551044 2054.630985 2055.714148
158.575000 2052.149994 2053.113324 2054.286278 2054.286262 2055.358653 2056.508269
158.675000 2052.996276 2053.901342 2055.081308 2055.081750 2056.177715 2057.391502
158.775000 2053.717063 2054.783984 2055.891888 2055.916689 2057.029619 2058.338559
158.875000 2054.510463 2055.611192 2056.658713 2056.749553 2057.953511 2059.254949
158.975000 2055.356980 2056.476130 2057.603031 2057.664120 2058.882107 2060.261133
159.075000 2056.182851 2057.360538 2058.616619 2058.662368 2060.033888 2061.378854
159.175000 2057.040117 2058.329584 2059.591295 2059.703287 2061.192059 2062.393180
159.275000 2058.041646 2059.418515 2060.795318 2060.850590 2062.323832 2063.652828
159.375000 2059.352008 2060.762223 2062.387670 2062.339973 2063.832438 2065.290706
159.475000 2061.413190 2063.168502 2064.852537 2064.797985 2066.459148 2067.808282
159.550000 2062.835069 2064.585943 2066.229914 2066.165332 2067.711335 2069.217124
159.625000 2064.687727 2066.028666 2067.480141 2067.452995 2068.763487 2070.306026
159.725000 2065.956450 2067.217798 2068.643147 2068.668507 2070.057754 2071.578041
159.825000 2067.240801 2068.310426 2069.742614 2069.767846 2071.162226 2072.841264
159.925000 2068.220498 2069.262738 2070.725202 2070.813164 2072.348003 2073.989569
160.025000 2069.109257 2070.319120 2071.794444 2071.928951 2073.620294 2075.234407
160.125000 2070.127451 2071.372856 2072.910887 2073.042002 2074.682270 2076.726713
160.225000 2071.037163 2072.571781 2074.181785 2074.303322 2076.160486 2078.169552
160.325000 2072.174084 2073.771854 2075.636420 2075.725990 2077.615428 2079.577408
160.425000 2073.714447 2075.393081 2077.396801 2077.450938 2079.446380 2081.520311
160.525000 2074.953471 2076.994055 2079.114331 2079.194654 2081.501216 2083.536573
160.625000 2076.534152 2078.901773 2080.923590 2081.042760 2083.297188 2085.664598
160.725000 2078.022395 2080.487509 2082.703510 2082.730631 2085.088566 2087.476002
160.825000 2079.154290 2081.917519 2084.335700 2084.360769 2086.792435 2088.953208
160.925000 2080.650135 2083.208990 2085.541894 2085.663789 2088.162879 2090.777580
161.025000 2081.843271 2084.227854 2086.837113 2086.849409 2089.406056 2092.277663
161.125000 2082.633574 2085.296983 2088.022604 2087.946624 2090.396781 2093.592823
161.225000 2083.543352 2086.237575 2089.100930 2089.097465 2091.736731 2094.966553
