depth(m) lower_95(kyr) lower_68(kyr) median(kyr) mean(kyr) upper_68(kyr) upper_95(kyr)
19.700000 299.615747 303.140616 306.895068 306.704155 310.212105 313.118797
19.800000 301.763627 305.171305 308.864987 308.602845 311.930193 314.526511
19.900000 304.513053 307.625984 311.084667 310.925514 314.074269 316.377879
20.000000 307.665899 310.895215 313.801076 313.638952 316.476943 318.417375
20.100000 310.661032 313.534972 316.266724 316.081249 318.643186 320.679511
20.200000 313.262785 315.882609 318.351619 318.200472 320.534054 322.170843
20.300000 315.602737 318.113509 320.371956 320.172981 322.173761 323.522127
20.400000 317.940787 320.356252 322.227818 322.025498 323.671660 325.087331
20.500000 320.475650 322.488496 323.852152 323.784931 325.139390 326.469135
20.600000 322.918105 324.180888 325.331446 325.332567 326.462247 327.965216
20.700000 324.452713 325.576658 326.693719 326.695384 327.815359 329.076308
20.800000 325.868827 326.851493 327.990106 327.990923 329.112380 330.269540
20.900000 327.051451 328.077299 329.247135 329.241945 330.366815 331.437872
21.000000 328.101235 329.274820 330.518643 330.508726 331.727428 332.734416
21.133333 329.640616 330.879338 332.294541 332.359188 333.761458 336.010083
21.266667 331.063122 332.486143 334.017998 334.290367 335.959562 339.105938
21.400000 332.857038 334.111608 335.857771 336.274898 338.211862 342.711665
21.533333 334.506052 335.811581 337.672043 338.342422 340.995379 346.241280
21.666667 336.231393 337.567765 339.594087 340.402675 343.422577 348.366942
21.800000 338.104719 339.384465 341.531299 342.442978 346.092996 350.346172
21.900000 339.305767 340.782265 343.036840 343.960336 348.053709 351.875270
22.000000 340.482116 342.093494 344.508280 345.476778 349.677105 353.356854
22.106667 341.726611 343.637302 346.269141 347.097621 351.233611 354.858756
22.213333 343.309252 345.199760 347.984698 348.761322 352.833092 356.327784
22.320000 344.916406 346.923847 349.927969 350.482464 354.556266 357.637964
22.420000 346.197286 348.558345 351.804796 352.154572 356.148665 359.147043
22.520000 348.137471 350.134814 353.474013 353.802418 357.763839 360.449071
22.620000 349.719953 351.917060 355.419361 355.539780 359.235541 361.710823
22.720000 351.698861 353.860229 357.345773 357.375533 360.922105 363.191613
22.820000 353.159699 355.846623 359.392885 359.203159 362.470870 364.621871
22.920000 354.991051 357.624698 361.175886 360.951517 363.914505 366.114893
23.020000 356.623202 359.624355 363.133589 362.718916 365.451566 368.003067
23.120000 358.588982 361.651119 364.727601 364.456014 367.007346 369.588280
23.220000 361.069665 363.994904 366.598123 366.460883 368.857901 371.111109
23.320000 363.455562 366.284582 368.470621 368.470868 370.718048 373.102073
23.420000 365.518630 368.083418 370.220138 370.236436 372.580885 374.816340
23.520000 367.259804 369.584784 371.793189 371.880476 374.205027 376.546168
23.660000 369.490752 371.856658 374.099666 374.191357 376.756730 379.318355
23.760000 371.253170 373.416675 375.761301 375.951841 378.475097 381.443872
23.860000 372.972414 375.080116 377.772545 377.863323 380.501893 383.453062
23.960000 374.817519 377.089453 379.976313 379.995984 382.812806 385.747760
24.060000 376.920531 379.240093 382.292854 382.329798 385.417927 388.391935
24.160000 378.980691 381.709133 384.723476 384.931838 388.185629 391.608836
24.260000 381.254102 384.416186 387.979150 387.874465 391.351976 394.422825
24.360000 384.240013 387.575096 391.292741 391.199326 394.860730 397.613810
24.460000 387.277770 391.068082 395.478843 395.071732 398.827124 401.026299
24.560000 391.383898 395.825944 399.326567 398.825461 401.609637 403.231450
24.660000 398.702122 400.714892 402.290065 402.224598 403.864871 405.618403
24.760000 401.389866 402.668104 404.015088 404.076178 405.609995 407.153188
24.860000 402.960480 404.139287 405.515641 405.576783 407.025097 408.764066
24.960000 404.199653 405.509033 406.971218 407.015484 408.507843 410.151772
25.060000 405.624182 406.974651 408.442507 408.473240 409.983739 411.453230
25.120000 406.672763 407.932399 409.476945 409.503089 411.056836 412.545947
25.220000 408.452817 409.987195 411.639842 411.687852 413.341689 415.578665
25.320000 411.451587 413.271933 415.227191 415.328880 417.457500 419.802243
25.420000 414.323499 416.410782 418.572325 418.623965 420.895930 423.006428
25.520000 417.776479 419.839841 422.078012 421.977389 424.089575 425.746443
25.620000 420.763857 422.875111 424.840894 424.730066 426.703003 428.070685
25.720000 424.691711 426.400432 428.043141 427.952600 429.409798 431.103071
25.820000 427.695869 428.980836 430.440810 430.486977 431.887940 433.679925
25.920000 429.357960 430.645148 432.098990 432.264860 433.902461 436.116294
26.020000 430.729971 432.065365 433.715080 433.931168 435.799397 438.433610
26.120000 432.099380 433.518960 435.354252 435.663936 437.830175 440.935035
26.220000 433.258743 435.009725 436.980286 437.401941 440.004738 443.505185
26.320000 434.840592 436.547806 438.795029 439.239120 442.057471 445.858296
26.420000 436.529284 438.501058 441.226283 441.674838 444.896818 449.430712
26.520000 438.289221 440.629376 443.973318 444.262749 447.908642 451.994042
26.620000 441.370926 444.507367 447.741055 448.097399 451.740563 455.793760
26.760000 445.065555 448.329426 451.970387 452.147019 455.986757 459.818314
26.860000 447.132700 450.789018 454.816714 454.728732 458.879422 462.135601
26.960000 449.403409 453.153769 457.309684 457.158139 461.019654 464.237358
27.060000 451.599467 455.398998 459.714318 459.487474 463.408849 466.229417
27.160000 453.750240 457.802615 462.050378 461.703142 465.564303 467.825416
27.260000 455.985079 460.567689 464.324231 463.955640 467.331764 469.722831
27.360000 458.158405 462.931724 466.207038 465.884030 469.059921 471.211959
27.460000 460.536199 464.760487 468.117633 467.737437 470.798681 472.858851
27.560000 462.173739 466.571124 469.825770 469.443931 472.374500 474.423867
27.660000 463.937665 468.720461 471.544375 471.210671 473.945836 476.010249
27.760000 466.015970 470.513556 473.338008 473.025649 475.642456 477.490125
27.860000 468.215844 472.269345 474.994550 474.723566 477.314121 479.056674
27.960000 470.278196 474.284219 476.556977 476.414431 478.854518 480.852170
28.080000 472.879350 476.081684 478.221111 478.172716 480.508472 482.480774
28.200000 474.958619 477.798856 479.848371 479.843738 481.930387 484.093227
28.320000 476.790197 479.567401 481.501966 481.475806 483.362912 485.542836
28.440000 479.454668 481.402796 483.191489 483.201252 484.928940 487.191481
28.560000 481.646359 483.263170 484.859624 484.921217 486.535229 488.932449
28.660000 483.284975 484.802094 486.388994 486.445818 488.033834 490.466449
28.760000 484.893414 486.332033 487.791253 487.960472 489.590051 492.281002
28.860000 486.237815 487.735333 489.207419 489.387626 491.017135 493.950190
28.960000 487.525784 489.096532 490.585120 490.799831 492.527280 495.423281
29.060000 488.837768 490.389012 491.933838 492.226418 494.111709 497.044522
29.160000 490.104992 491.686732 493.388564 493.661850 495.700452 498.837089
29.260000 491.450616 493.110884 494.813067 495.156578 497.180593 500.525934
29.360000 492.690085 494.531342 496.304366 496.626200 498.673918 502.061198
29.460000 494.026902 495.878204 497.742883 498.094887 500.269057 503.577604
29.560000 495.326512 497.150472 499.283684 499.553298 501.904232 504.739432
29.660000 496.606987 498.706006 500.921859 501.069480 503.382825 506.127794
29.760000 498.079566 500.326465 502.649590 502.811712 505.282014 508.266691
29.860000 499.594483 502.063603 504.970870 505.077297 507.927956 510.905961
29.960000 501.241850 504.398376 507.520551 507.577137 510.760283 513.943719
30.060000 503.242047 506.874719 510.410312 510.189906 513.565049 516.409625
30.160000 504.721237 508.753460 512.974410 512.570316 515.981379 519.430835
30.260000 505.971380 511.169945 515.407433 514.829541 518.325942 521.280960
30.360000 507.129389 513.568865 517.624994 517.061756 520.639964 523.450278
30.460000 508.846620 515.798143 519.393515 518.940100 522.232328 525.143450
30.560000 511.530669 517.628829 521.206893 520.705983 523.968991 526.906007
30.660000 513.965203 519.395310 522.872881 522.516049 525.825875 528.511869
30.760000 517.222255 521.174149 524.561930 524.296486 527.428810 530.576451
30.860000 519.894497 523.240423 526.378439 526.210849 529.002309 532.410332
30.960000 522.166372 525.227333 528.298829 528.200620 531.015150 534.521759
31.060000 524.432418 527.440671 530.596756 530.519669 533.425132 537.143132
31.160000 526.880387 529.619638 532.712529 532.789991 536.172404 539.308099
31.260000 529.786094 532.482300 535.715701 535.711987 538.936344 542.374987
31.360000 532.034561 535.055503 538.259636 538.262582 541.276749 544.899817
31.460000 534.454275 537.723850 540.774486 540.790306 543.833718 547.008400
31.560000 536.690028 539.952591 542.956883 543.011614 546.210910 549.448774
31.660000 539.086355 542.175089 545.225088 545.273759 548.487781 551.249247
31.760000 541.587480 544.598804 547.607673 547.559720 550.646989 553.052333
31.860000 543.810817 546.901427 549.929409 549.793106 552.767546 554.909201
31.960000 545.796466 549.085779 552.418469 552.095315 554.955877 556.906266
32.060000 548.151308 551.490707 554.810792 554.500797 557.366204 559.538047
32.160000 550.610506 554.128598 557.177347 556.912924 559.531885 562.095529
32.260000 553.012465 556.535620 559.108182 559.032982 561.471165 563.989730
32.360000 555.799526 558.732217 561.311404 561.270176 563.819772 566.534829
32.460000 558.336333 560.796646 563.302810 563.387577 566.079363 568.726662
32.560000 560.587372 562.667675 565.210268 565.271234 567.999786 570.190862
32.660000 562.379114 564.542211 567.039938 567.110238 569.837819 572.288689
32.760000 564.306254 566.424894 569.007211 569.088098 571.887579 574.401938
32.860000 566.080497 568.198956 570.862865 570.988922 573.778396 576.600011
32.960000 567.732036 569.923877 572.661427 572.841157 575.708146 578.416591
33.060000 569.460334 571.826168 574.894508 574.852682 577.684900 579.980685
33.160000 571.429527 574.081338 577.271123 576.981802 579.504095 581.716401
33.260000 573.793811 576.815403 579.541189 579.319472 581.481834 584.007859
33.360000 578.155743 580.872059 582.563012 582.731496 584.657921 587.820661
33.460000 581.585494 583.023974 584.828473 585.168779 587.402943 590.372530
33.560000 583.526582 584.999475 587.044759 587.314846 589.591073 592.694477
33.660000 585.366397 586.793659 589.290151 589.497846 592.088620 595.647849
33.760000 587.102941 588.848894 591.560119 591.779289 594.556753 598.610717
33.860000 588.848800 591.154350 594.114936 594.347118 597.422135 601.150961
33.960000 591.007581 593.679536 596.784482 596.905199 600.258185 603.287592
34.060000 592.998603 595.964950 599.198671 599.268770 602.650595 605.223908
34.160000 594.743771 598.335089 601.644358 601.525485 604.769824 607.066914
34.260000 597.109115 600.701724 604.007709 603.667581 606.727911 608.643326
34.360000 599.543734 603.044025 606.242603 605.860702 608.648074 610.258945
34.460000 602.021438 605.625947 608.537130 608.053866 610.416735 611.842092
34.560000 604.972398 607.972540 610.373267 610.058398 612.041959 613.399847
34.660000 608.013870 610.116999 612.164281 611.942418 613.619319 614.970323
34.760000 609.969530 612.060759 613.917102 613.697145 615.248837 616.364560
34.860000 611.729312 613.828794 615.638322 615.372999 616.792866 617.810398
34.960000 613.625469 615.747987 617.300885 617.122328 618.446092 619.476900
35.060000 616.319775 618.025805 619.256169 619.146221 620.292380 621.297887
35.160000 619.192461 620.382245 621.431290 621.449322 622.540789 623.820274
35.260000 620.992563 622.203179 623.390398 623.576358 624.903728 626.783226
35.360000 622.505999 623.909329 625.465157 625.794470 627.753880 630.604425
35.460000 624.231646 625.589863 627.532844 627.966968 630.486137 633.790219
35.560000 625.735403 627.280180 629.626137 629.993874 632.817584 635.931890
35.660000 627.289385 629.137200 631.706750 631.985194 634.797792 638.274387
35.760000 629.097193 630.983795 633.872567 633.955253 636.864242 640.516803
35.860000 630.721400 633.150100 635.767954 636.030377 639.032300 642.821761
35.960000 632.629340 635.224138 637.841129 638.158110 641.429237 644.930024
36.060000 634.663496 637.690810 640.650279 640.767572 643.974561 647.626117
36.160000 637.041845 639.890216 643.157743 643.353652 646.563268 650.344905
36.260000 639.800895 642.987780 646.183206 646.371799 650.196624 653.229415
36.360000 642.402799 645.454189 649.314260 649.278921 653.075902 656.229049
36.460000 645.214362 648.498797 652.733065 652.495131 656.373541 659.275414
36.560000 648.761330 652.223533 656.185692 655.933106 659.382752 662.944818
36.660000 651.735846 655.787394 659.145030 658.972896 662.348249 665.479386
36.760000 655.193199 658.465198 661.584576 661.538698 664.782532 667.486680
36.860000 657.891749 660.726028 663.867329 663.877221 667.095789 669.392704
36.960000 660.259190 662.917091 665.857745 666.020922 669.325145 672.033086
37.060000 662.041304 664.785137 667.942081 667.995215 671.162845 673.964328
37.160000 663.999846 666.629639 669.962045 669.941324 673.239812 675.601404
37.293333 666.579224 669.422848 672.728399 672.630337 675.940592 677.882770
37.426667 669.133056 672.349482 675.593175 675.332375 678.327350 680.407747
37.560000 671.759664 675.279651 678.258005 677.975202 680.713578 682.588344
37.660000 674.303561 677.361046 680.265525 679.959090 682.439606 684.373704
37.760000 676.819588 679.579259 682.144672 681.900426 684.079484 686.039664
37.860000 679.040096 681.650287 683.809692 683.669673 685.634867 687.654705
37.960000 681.570962 684.005547 685.761497 685.649798 687.430607 689.361902
38.060000 683.966382 686.259044 687.827315 687.808915 689.549136 691.422794
38.160000 686.152171 687.965106 689.677736 689.784452 691.626324 693.391957
38.260000 687.878309 689.593971 691.352963 691.482856 693.363539 695.628513
38.360000 689.454392 691.145324 693.033948 693.143531 695.137658 697.164232
38.460000 691.079752 692.781814 694.685169 694.807363 696.939899 698.788707
38.560000 692.458241 694.506445 696.456729 696.533389 698.678846 700.704826
38.650000 693.985645 696.120127 698.211068 698.178848 700.306147 702.314953
38.740000 695.711400 697.990987 699.991573 699.940939 702.021681 703.555402
38.840000 697.982690 700.062497 702.037517 701.982148 703.887519 705.357768
38.940000 699.964980 702.077493 704.178590 704.012106 705.841661 707.351280
39.040000 702.648510 704.437654 706.301434 706.203001 707.903310 709.421199
39.140000 704.397110 706.473461 708.212081 708.172835 709.884672 711.447666
39.240000 706.145177 708.182325 709.983354 709.914472 711.695755 713.304400
39.340000 707.806208 709.698797 711.613409 711.579991 713.397154 715.475793
39.440000 709.499999 711.404379 713.220095 713.344560 715.177050 717.820035
39.540000 711.427922 712.926827 714.742037 714.961759 716.927048 719.885590
39.640000 712.915166 714.405262 716.275437 716.545710 718.793005 721.794933
39.740000 714.216346 715.798646 717.754925 718.093523 720.437517 723.415477
39.840000 715.683354 717.369744 719.421169 719.728121 722.043575 725.425372
39.940000 717.259093 719.094089 721.205374 721.418359 723.565496 727.086577
40.040000 719.083881 720.969591 723.097317 723.360664 725.580487 729.741602
40.140000 721.220396 723.249761 725.230088 725.663723 728.108352 732.985605
40.240000 723.802383 726.092233 728.330569 728.914296 731.939478 736.598436
40.340000 726.083609 728.932349 731.885511 732.180027 735.470577 739.230937
40.440000 728.165729 731.887841 735.650195 735.405505 738.808795 741.502657
40.540000 730.390917 734.924308 738.522971 738.151018 741.376762 744.042932
40.640000 732.648393 737.381689 740.589719 740.342672 743.391729 746.537163
40.740000 734.779901 739.222069 742.486880 742.306668 745.123384 749.446566
40.840000 737.270427 741.093608 744.311077 744.199409 747.076987 751.231519
40.940000 739.676732 743.137217 746.022137 746.106273 749.005567 753.007460
41.040000 741.385080 745.171763 747.896077 748.014710 750.889200 755.149512
41.140000 743.742629 746.901183 749.914189 749.941007 752.949974 757.070532
41.240000 745.356482 748.834630 751.555811 751.731223 754.844715 758.686940
41.340000 747.236765 750.597733 753.318151 753.490690 756.672877 760.490679
41.473333 749.722523 752.986518 755.628808 755.867111 759.018507 762.716578
41.606667 752.287332 755.244139 757.970896 758.222925 761.485263 765.137227
41.740000 754.744838 757.780157 760.553196 760.714234 763.884110 767.373001
41.840000 757.010247 759.696010 762.614571 762.798440 765.864888 769.557072
41.940000 759.068859 762.024139 764.914594 765.013030 768.119789 771.389681
42.040000 761.794349 764.543425 767.568943 767.607449 770.611422 773.397706
42.140000 764.176884 767.133317 770.704362 770.433454 773.552687 775.621638
42.240000 767.277632 770.996220 773.838054 773.615755 776.339907 778.162419
42.340000 770.394729 773.836386 776.539568 776.300976 778.638842 780.363068
42.440000 773.749714 776.610334 778.978569 778.713262 780.806196 782.290011
42.540000 776.056881 778.381074 780.921112 780.660522 782.780443 784.248300
42.640000 777.797122 780.420954 782.664009 782.477418 784.505254 786.119886
42.740000 780.226541 782.447147 784.444420 784.292513 786.249841 787.762436
42.840000 782.303110 784.594802 786.284510 786.247346 787.991385 789.650566
42.940000 785.657570 787.262412 788.808492 788.891726 790.633954 792.572595
43.040000 789.059702 790.690325 792.748728 792.876771 795.055460 797.330164
43.140000 791.420435 793.260098 795.669954 795.811012 798.469276 800.720094
43.240000 793.118852 795.199257 797.829592 798.085626 801.200383 803.514592
43.310000 794.203727 796.505378 799.597062 799.625867 802.844976 805.336698
43.340000 794.820298 797.127229 800.287516 800.308599 803.443683 806.090303
43.440000 797.379634 799.452509 802.848220 802.683228 805.558204 807.759924
43.540000 799.977647 802.236803 805.259191 805.157022 807.905403 810.135710
43.640000 802.683420 805.177027 807.773964 807.691049 810.326765 812.275009
43.740000 804.626172 807.576713 809.861933 809.837749 812.271358 814.421416
43.840000 806.786339 809.649868 811.885220 811.867671 814.074587 816.329253
43.940000 808.848030 811.574878 813.810116 813.950066 816.220866 819.565466
44.040000 810.706679 813.440662 815.918084 816.268238 819.229569 823.813271
44.140000 812.568674 815.159387 817.773160 818.334611 821.561254 826.963697
44.240000 815.022553 817.366534 819.984197 820.808299 824.710181 830.097368
44.340000 817.583288 819.850711 823.010936 823.651968 827.639876 833.479513
44.440000 819.963364 822.528099 826.323409 826.709089 830.938436 836.012051
44.540000 821.995933 825.901614 829.755766 829.983494 834.158996 838.043772
44.640000 824.915842 829.158906 833.251887 833.240238 837.342339 841.144901
44.740000 829.082865 832.707481 837.075843 836.930691 841.103185 844.643356
44.840000 833.183463 837.359075 841.643033 841.451511 845.397392 849.575045
44.940000 838.032530 842.090778 846.079001 846.101110 850.234189 853.441128
45.040000 841.967165 845.703626 849.813494 849.693774 853.898482 856.501430
45.140000 844.250374 848.691094 852.935819 852.534471 856.512769 858.777928
45.240000 846.563891 851.635647 855.997380 855.302981 858.830460 860.521534
45.340000 849.259190 854.874233 858.830484 857.956151 860.877941 862.259634
45.440000 852.099895 857.794703 861.215884 860.344825 862.782971 863.927124
45.540000 855.914847 860.761764 863.034087 862.495727 864.401616 865.416072
45.640000 860.769284 863.575892 865.116137 864.839824 866.338659 867.321103
45.773333 863.415060 865.731587 867.365627 867.308076 868.924966 870.887785
45.906667 866.174184 867.923604 869.526306 869.624593 871.375915 873.628367
46.040000 868.508210 870.107465 871.772555 871.924808 873.658944 876.041175
46.140000 869.933637 871.751000 873.447709 873.601835 875.537887 877.979501
46.240000 871.704361 873.324044 875.121445 875.252781 877.176440 879.703354
46.340000 873.604423 875.056322 876.879283 877.063076 879.063409 881.712214
46.440000 875.141403 876.807776 878.774468 878.971116 881.054687 883.725706
46.540000 876.908985 878.552515 880.776142 880.942358 883.219679 886.079254
46.640000 878.728534 880.512799 882.837037 882.960044 885.362721 888.183117
46.740000 880.439838 882.351516 884.737416 884.914956 887.387968 890.119332
46.860000 882.203388 884.696446 887.025675 887.092939 889.549565 892.035714
46.960000 883.943465 886.399033 888.796551 888.906145 891.384058 893.664517
47.060000 885.773894 888.244040 890.747425 890.706115 893.201605 895.551532
47.160000 887.823270 890.154090 892.631793 892.627202 895.137252 897.709230
47.260000 889.515384 892.075127 894.556118 894.598099 897.084752 899.921717
47.360000 892.009245 894.131975 896.659305 896.732391 899.164356 902.215001
47.460000 894.303271 896.417340 898.761641 898.905123 901.365209 904.582932
47.560000 896.686022 898.860912 901.043600 901.358738 904.002008 907.030406
47.660000 898.981345 901.070886 903.419410 903.704529 906.489584 909.289335
47.760000 901.104370 903.059125 905.797189 905.931478 908.849361 911.382184
47.860000 902.540757 904.982216 908.092233 908.021272 911.155381 913.347248
47.960000 904.756311 907.242324 910.385964 910.181323 913.048046 915.018975
48.060000 907.095689 909.668520 912.676872 912.534820 915.264511 917.166959
48.160000 909.714137 912.554046 915.430034 915.223774 917.550266 920.662424
48.260000 912.633731 915.797453 918.276369 918.291101 920.790333 924.341501
48.360000 915.456259 918.325831 921.084572 921.160847 924.048071 927.165087
48.460000 918.791579 921.347381 924.106580 924.199529 926.943155 930.448798
48.560000 922.372222 925.280243 928.419503 928.423939 931.488576 934.944009
48.660000 926.716610 929.518618 932.252331 932.211471 934.950311 937.557030
48.760000 929.627550 932.185990 934.974189 934.905111 937.530947 939.583658
48.860000 932.425235 935.014650 937.557742 937.413211 939.753302 941.467964
48.960000 934.702269 937.456105 939.844938 939.609991 941.800519 943.536957
49.060000 937.125390 939.791627 941.883889 941.712286 943.654400 945.215712
49.160000 939.613403 941.847244 943.770422 943.642338 945.417879 947.124414
49.260000 942.175523 943.999254 945.618745 945.559618 947.122002 948.860102
49.360000 944.297164 945.883772 947.385346 947.388140 948.934967 950.448986
49.460000 946.312469 947.824229 949.252449 949.251785 950.764019 952.037832
49.560000 948.248234 949.612267 951.002414 950.989612 952.421145 953.545250
49.660000 950.074068 951.453480 952.835380 952.788347 954.132267 955.223550
49.760000 952.194557 953.428491 954.756999 954.680654 955.930937 956.925991
49.860000 954.450854 955.863670 957.046209 957.030821 958.112880 959.478456
49.960000 957.969325 959.224574 960.771750 961.081486 962.963115 965.968213
50.060000 959.834924 961.684394 963.847470 963.975925 966.326965 968.957544
50.160000 962.053273 964.253731 966.735585 966.759077 969.097642 971.532288
50.260000 964.724973 967.433679 969.989743 969.883220 972.214211 974.651768
50.360000 967.898298 970.654358 972.798308 972.866493 975.196644 977.867981
50.460000 970.833171 972.963404 975.272983 975.374743 977.870323 980.284897
50.560000 973.127426 975.047203 977.587570 977.663229 980.177765 982.945837
50.660000 975.147203 977.491871 979.927124 979.963594 982.292319 985.468600
50.760000 977.219582 980.148674 982.495491 982.478649 985.022317 988.152716
50.860000 979.600404 982.177533 984.596594 984.783825 987.418275 990.642415
50.960000 982.034785 984.328662 986.878828 987.008019 989.760528 993.019709
51.060000 983.926649 986.382498 989.015625 989.237920 992.056351 995.597487
51.160000 985.941705 988.522243 991.312202 991.575681 994.686762 997.907826
51.260000 987.988721 990.689289 993.905878 994.014464 997.368714 1000.488672
51.360000 990.245104 993.108151 996.331751 996.442184 999.972857 1003.003494
51.460000 992.918798 995.802957 998.968424 998.988254 1002.182224 1004.996088
51.560000 995.701266 999.068183 1001.910202 1001.812586 1004.638151 1007.280660
51.660000 999.325003 1002.130691 1004.699312 1004.590382 1006.952816 1009.337745
51.760000 1001.953990 1004.630037 1007.086215 1007.012756 1009.387519 1012.170340
51.860000 1004.198731 1006.917312 1009.406722 1009.381069 1011.933805 1014.731664
51.960000 1006.377495 1009.186658 1011.681155 1011.737683 1014.462763 1017.669107
52.060000 1008.735675 1011.366118 1013.862925 1014.100852 1017.124177 1020.121307
52.160000 1011.749777 1013.837834 1016.526127 1016.758206 1019.813842 1022.761707
52.260000 1014.324101 1016.547513 1019.488299 1019.640237 1022.767866 1025.391131
52.360000 1016.761388 1019.350749 1022.696580 1022.459128 1025.447578 1027.346050
52.460000 1019.364987 1022.845833 1025.849729 1025.456204 1027.915423 1029.551528
52.560000 1022.755756 1026.485166 1028.834859 1028.460209 1030.336752 1032.165491
52.660000 1029.238790 1030.936794 1032.328867 1032.644289 1034.522895 1037.431335
52.760000 1031.678072 1033.160989 1035.038081 1035.316844 1037.581013 1040.220564
52.860000 1033.544651 1035.185206 1037.467929 1037.687483 1040.279923 1043.302481
52.960000 1035.333334 1037.098606 1039.738145 1039.903661 1042.654415 1045.747544
53.060000 1036.938661 1039.176761 1041.786233 1042.025074 1044.812746 1048.162140
53.160000 1038.892527 1041.180895 1043.951440 1044.066492 1046.933766 1049.819758
53.260000 1040.742423 1043.196083 1045.914849 1046.068538 1049.127987 1051.818978
53.360000 1042.905316 1045.238177 1048.062955 1048.134598 1051.159571 1053.833199
53.460000 1045.042343 1047.344829 1050.271892 1050.339854 1053.345747 1055.846934
53.560000 1047.000657 1049.532702 1052.474362 1052.531371 1055.680821 1057.881901
53.660000 1048.681555 1051.739840 1054.704960 1054.707488 1057.702924 1059.700513
53.760000 1051.139589 1054.395055 1057.430560 1057.127996 1059.800448 1061.549253
53.860000 1054.410054 1057.698246 1060.427754 1059.995773 1062.174012 1063.588014
53.960000 1058.350418 1061.444998 1063.415372 1063.094559 1064.740173 1066.267861
54.060000 1064.204090 1065.597878 1066.915616 1067.159447 1068.813174 1071.522584
54.160000 1066.800146 1068.058903 1069.769730 1069.996695 1072.012566 1074.314431
54.260000 1068.813593 1070.394133 1072.648524 1072.621399 1074.716935 1076.527900
54.360000 1070.768309 1073.298474 1075.457002 1075.330647 1077.399477 1079.149486
54.460000 1073.442441 1076.297072 1078.514872 1078.406725 1080.638608 1082.511619
54.560000 1077.877875 1079.565955 1081.387830 1081.500938 1083.434277 1085.380072
54.660000 1079.823977 1081.789385 1083.659455 1083.735882 1085.750937 1087.946210
54.760000 1081.963602 1083.843905 1085.838644 1085.823279 1087.721025 1089.912721
54.860000 1083.729143 1085.632249 1087.675430 1087.707745 1089.764973 1091.698204
54.960000 1085.572578 1087.332171 1089.460229 1089.481258 1091.546716 1093.529681
55.060000 1087.527242 1089.098615 1091.125702 1091.212935 1093.418886 1095.179395
55.160000 1089.042805 1090.888352 1092.864782 1092.983484 1095.080962 1097.017046
55.260000 1090.854269 1092.751774 1094.817203 1094.825636 1096.807274 1098.426584
55.360000 1092.689415 1094.832979 1096.675096 1096.724468 1098.613015 1100.424184
55.460000 1094.874475 1096.858807 1098.673878 1098.715992 1100.602554 1102.758752
55.560000 1097.138560 1098.934982 1100.839315 1101.040351 1103.060388 1106.288331
55.660000 1099.481404 1101.262473 1103.232150 1103.547450 1105.782403 1109.400006
55.760000 1101.539188 1103.703462 1106.095195 1106.324568 1109.184007 1111.642623
55.860000 1103.555351 1105.878124 1108.901140 1108.864005 1111.738508 1113.822879
55.960000 1106.313826 1109.125142 1111.840537 1111.700535 1114.088832 1116.696594
56.060000 1110.605257 1112.905706 1115.186766 1115.111096 1117.331608 1119.611405
56.160000 1113.324182 1115.393007 1117.637337 1117.788887 1120.196245 1123.177587
56.260000 1115.466588 1117.756399 1120.253750 1120.393072 1123.173827 1125.769317
56.360000 1117.834523 1120.140178 1122.851312 1122.916625 1125.814386 1127.974083
56.460000 1119.827625 1122.376175 1125.170515 1125.147109 1127.916633 1130.459253
56.560000 1122.186580 1124.446706 1127.317776 1127.346350 1130.078422 1132.973321
56.660000 1124.458195 1126.779988 1129.491573 1129.512682 1132.117047 1134.743262
56.760000 1126.549483 1129.156438 1131.737683 1131.688016 1134.298860 1136.783568
56.860000 1128.685735 1131.522882 1134.008830 1134.049290 1136.679247 1139.819239
56.960000 1130.767898 1133.374804 1135.982743 1136.054936 1138.703506 1141.694270
57.060000 1133.103673 1135.371127 1137.799024 1137.987181 1140.692527 1144.058785
57.160000 1135.348922 1137.202705 1139.639588 1139.920336 1142.619416 1146.301867
57.260000 1137.320777 1139.245508 1141.756027 1141.985259 1144.731472 1148.123686
57.360000 1139.012344 1141.119257 1143.770409 1143.974270 1146.845401 1150.387830
57.460000 1140.568736 1143.044398 1145.835349 1146.098099 1149.081435 1152.678254
57.560000 1142.706171 1145.064772 1148.026058 1148.233231 1151.418152 1154.866077
57.660000 1145.001313 1147.440326 1150.691857 1150.813877 1154.043333 1158.069766
57.760000 1147.332389 1150.226166 1153.483850 1153.595650 1156.875431 1160.715042
57.860000 1150.093087 1153.201700 1156.545707 1156.622085 1159.978366 1163.835451
57.960000 1152.609423 1155.815377 1159.253452 1159.467748 1163.194219 1166.988063
58.060000 1155.425184 1158.615610 1161.876397 1162.242223 1166.065563 1170.257839
58.160000 1158.096116 1161.331365 1164.840452 1165.121815 1169.195856 1173.292768
58.260000 1160.746074 1164.163386 1167.922367 1168.053628 1172.052282 1175.984662
58.360000 1162.646807 1167.126535 1170.955378 1170.960179 1174.952118 1178.399643
58.460000 1165.485470 1169.935307 1173.750337 1173.688311 1177.776147 1180.489158
58.560000 1167.945473 1172.295485 1176.262679 1176.091733 1180.096174 1182.780991
58.685000 1170.221870 1174.875939 1179.094238 1178.752648 1182.566884 1185.141627
58.810000 1172.704375 1177.540754 1181.724568 1181.309187 1184.932034 1187.382919
58.935000 1176.051938 1180.482950 1184.377003 1183.865211 1187.060408 1189.286359
59.060000 1179.552851 1183.782245 1187.129233 1186.649951 1189.342135 1191.673806
59.160000 1183.069147 1186.592256 1189.446548 1189.192438 1191.717315 1194.152398
59.260000 1186.806271 1189.660009 1191.949826 1191.891585 1194.054834 1196.840328
59.360000 1191.031279 1192.640272 1194.315784 1194.462659 1196.228300 1199.124325
59.460000 1193.129543 1194.673622 1196.334744 1196.568564 1198.566014 1201.271985
59.560000 1194.929128 1196.382764 1198.200805 1198.446717 1200.639562 1203.430397
59.660000 1196.455969 1198.018561 1200.159987 1200.330537 1202.695705 1205.104368
59.760000 1198.010216 1199.836478 1202.025321 1202.249834 1204.814879 1207.192004
59.860000 1199.869182 1201.823949 1204.150913 1204.315481 1206.838989 1209.281695
59.960000 1201.909877 1204.235851 1206.713620 1206.725146 1209.299561 1211.653040
60.060000 1204.296690 1206.850896 1209.416991 1209.453544 1212.040675 1214.516830
60.160000 1207.950152 1210.232449 1212.794216 1212.854771 1215.490752 1218.217595
60.260000 1211.277518 1213.872307 1216.433600 1216.477500 1219.101446 1221.394383
60.360000 1214.944352 1217.284029 1219.953042 1219.788938 1222.204242 1224.178018
60.460000 1217.661661 1220.557127 1222.873792 1222.819597 1225.166264 1227.250254
60.560000 1221.117090 1223.480268 1225.493072 1225.562047 1227.719819 1230.189401
60.660000 1223.850184 1225.716948 1227.679799 1227.793737 1229.935962 1232.100608
60.760000 1225.683710 1227.412735 1229.608759 1229.626937 1231.875770 1233.777854
60.860000 1227.431483 1229.128970 1231.268999 1231.360451 1233.683639 1235.315746
60.960000 1229.102281 1231.083369 1233.150619 1233.174007 1235.372038 1236.970005
61.060000 1231.018188 1232.903136 1234.953190 1234.968544 1237.107949 1238.535988
61.160000 1232.700045 1234.734533 1236.909965 1236.791754 1238.819685 1240.186742
61.260000 1234.687010 1236.637593 1238.939838 1238.696542 1240.552633 1241.969995
61.360000 1237.103326 1239.231141 1241.316583 1241.245461 1243.142963 1245.085264
61.460000 1239.513366 1241.921137 1243.722149 1243.803933 1245.632597 1249.311170
61.560000 1243.253186 1244.599518 1246.028293 1246.334889 1248.121281 1251.494896
61.660000 1245.315368 1246.561715 1248.311097 1248.676991 1250.929156 1253.807030
61.760000 1246.852150 1248.162202 1250.179826 1250.652985 1253.403880 1255.951362
61.860000 1248.327210 1249.572720 1252.117692 1252.496850 1255.715550 1257.979573
61.960000 1249.645819 1251.140517 1253.774347 1254.191665 1257.550462 1259.713496
62.060000 1251.064800 1252.738512 1255.523481 1255.822048 1259.049887 1261.167250
62.160000 1252.794369 1254.677955 1257.467797 1257.602285 1260.703866 1262.712111
62.260000 1254.648670 1256.609512 1259.543841 1259.506959 1262.433681 1264.253488
62.360000 1256.550799 1258.657330 1261.497003 1261.384418 1264.111238 1265.726331
62.460000 1258.928231 1261.166824 1263.740830 1263.582647 1265.961622 1267.394071
62.560000 1261.628619 1263.863714 1266.274731 1266.085257 1268.096912 1269.675622
62.660000 1264.563547 1266.887140 1268.735412 1268.658532 1270.394017 1272.763603
62.760000 1267.613765 1269.362551 1271.187235 1271.246132 1272.977850 1275.369861
62.860000 1269.741224 1271.549822 1273.520881 1273.506085 1275.431337 1277.478492
62.960000 1271.903687 1273.581966 1275.606174 1275.596589 1277.665690 1279.536250
63.060000 1273.724812 1275.445133 1277.579412 1277.521671 1279.563065 1281.135215
63.160000 1275.749443 1277.576113 1279.541432 1279.528468 1281.498929 1282.985194
63.260000 1278.051795 1280.056187 1281.771500 1281.707153 1283.406985 1285.158778
63.360000 1281.037824 1282.973805 1284.432858 1284.532380 1285.987454 1288.615427
63.460000 1284.227565 1285.671864 1287.319315 1287.691673 1289.889652 1293.560743
63.560000 1285.940187 1287.655305 1289.897229 1290.274423 1292.927297 1296.212443
63.660000 1287.501778 1289.499858 1292.530540 1292.644308 1295.694404 1298.949283
63.760000 1289.384291 1291.470264 1294.828595 1294.814381 1298.099358 1301.095040
63.860000 1290.968618 1293.533899 1297.198613 1297.106486 1300.554679 1303.320980
63.960000 1292.980338 1295.830938 1299.340298 1299.337907 1302.821958 1305.826605
64.060000 1295.358967 1298.496535 1302.040388 1301.940093 1305.440323 1307.986580
64.160000 1297.728282 1301.171785 1305.065154 1304.870949 1308.291706 1311.881675
64.260000 1300.436036 1304.058518 1307.700276 1307.752369 1311.379618 1316.185237
64.360000 1302.657825 1306.398622 1309.884316 1309.952182 1313.139956 1319.471535
64.460000 1304.884998 1308.815570 1311.935488 1312.129648 1315.351879 1321.113762
64.560000 1307.695899 1311.333450 1314.261203 1314.404796 1317.329511 1322.755514
64.660000 1310.702261 1313.691484 1316.602177 1316.681763 1319.310551 1324.342448
64.760000 1313.190274 1316.199362 1319.090925 1319.222002 1322.162813 1325.988184
64.860000 1316.043603 1318.828435 1321.732304 1321.863772 1325.069274 1328.105767
64.960000 1319.139007 1321.422749 1324.230482 1324.345047 1327.444017 1330.231275
65.060000 1321.626028 1323.832546 1326.685743 1326.740142 1329.782749 1332.287467
65.160000 1323.461408 1325.922371 1328.815112 1328.822256 1331.777199 1334.052359
65.260000 1325.381485 1327.966615 1330.966266 1330.820140 1333.530756 1335.469205
65.360000 1327.215111 1330.298296 1332.906096 1332.770276 1335.388104 1337.072869
65.460000 1329.507393 1332.342100 1334.864401 1334.649458 1336.933684 1338.531549
65.560000 1331.516037 1334.223953 1336.681186 1336.417545 1338.533415 1340.149572
65.660000 1333.547040 1336.147306 1338.396176 1338.179328 1340.179270 1341.586481
65.760000 1335.744296 1337.926833 1340.091778 1339.908163 1341.787674 1343.190821
65.860000 1337.442644 1339.788014 1341.804764 1341.611938 1343.406851 1344.761702
65.960000 1339.666681 1341.741059 1343.612452 1343.495580 1345.200027 1346.625096
66.060000 1341.844422 1344.094894 1345.689243 1345.632313 1347.236673 1349.061226
66.160000 1346.440516 1348.009392 1349.524841 1349.632631 1351.366649 1353.331499
66.260000 1349.221850 1350.752882 1352.440987 1352.497338 1354.159601 1356.013531
66.360000 1351.246271 1353.033861 1354.839672 1354.954083 1356.870662 1358.820636
66.493333 1353.914583 1356.103775 1358.378107 1358.558297 1361.049888 1363.894413
66.626667 1357.258663 1359.448378 1361.898852 1362.013950 1364.520668 1367.607026
66.760000 1361.457785 1363.085032 1365.204430 1365.415621 1367.739320 1370.997576
66.860000 1363.688906 1365.306083 1367.539727 1367.712274 1370.116332 1373.115167
66.960000 1365.272693 1367.026538 1369.448948 1369.629994 1372.111487 1375.480011
67.060000 1366.753330 1368.672361 1371.206578 1371.426505 1374.123295 1377.101085
67.160000 1368.479909 1370.727777 1373.207466 1373.330948 1376.098649 1378.785645
67.260000 1370.379166 1372.553423 1375.250164 1375.233559 1378.033552 1380.267919
67.360000 1372.255936 1374.712250 1377.240199 1377.235864 1379.841382 1382.076809
67.460000 1374.628437 1377.068639 1379.592300 1379.512919 1382.093393 1383.890345
67.560000 1376.918689 1379.846890 1382.240307 1382.233395 1384.597893 1387.323761
67.660000 1379.982947 1382.853855 1385.236554 1385.235609 1387.654949 1390.001322
67.760000 1382.865311 1385.254098 1387.874361 1387.811348 1390.259405 1392.919740
67.860000 1385.339758 1387.689524 1390.171801 1390.150091 1392.594863 1395.045115
67.960000 1387.417434 1390.074648 1392.479950 1392.442913 1394.811626 1397.707972
68.060000 1389.555932 1392.115512 1394.589477 1394.514216 1396.930697 1399.225420
68.160000 1391.254211 1393.982791 1396.611513 1396.520934 1399.048174 1400.992719
68.260000 1393.052188 1395.863386 1398.720752 1398.492341 1401.072372 1402.683832
68.340000 1394.746251 1397.724592 1400.223751 1400.080443 1402.481505 1404.150267
68.420000 1396.874985 1399.592711 1401.906724 1401.747193 1403.910070 1405.619287
68.520000 1400.466298 1402.542088 1404.430262 1404.358253 1406.137821 1407.751661
68.620000 1403.866538 1405.460236 1407.199560 1407.256747 1408.909351 1411.270455
68.720000 1405.926686 1407.700047 1409.491761 1409.629456 1411.481037 1414.442077
68.820000 1407.853490 1409.743271 1411.660663 1411.875893 1414.060270 1416.993099
68.920000 1409.909822 1411.817151 1413.874278 1414.036352 1416.519524 1418.975379
69.020000 1411.862020 1413.916885 1416.193835 1416.305973 1418.846180 1420.685051
69.120000 1413.924517 1416.134164 1418.529065 1418.526522 1420.980679 1422.579116
69.220000 1416.317266 1418.453146 1420.784680 1420.664161 1422.922633 1424.435380
69.320000 1418.514486 1420.908100 1423.131868 1422.925386 1424.930266 1426.351612
69.420000 1421.543936 1423.601569 1425.416027 1425.280694 1426.952383 1428.377489
69.520000 1424.322408 1426.236165 1427.715975 1427.678399 1429.237370 1430.859749
69.620000 1426.806055 1428.190202 1429.776078 1429.856211 1431.574462 1433.380484
69.720000 1428.501113 1429.913887 1431.524225 1431.733764 1433.509073 1436.098959
69.820000 1430.143170 1431.591124 1433.374242 1433.618402 1435.619462 1438.339224
69.920000 1431.659485 1433.346572 1435.369621 1435.613014 1437.950226 1440.798398
70.020000 1433.135027 1435.223455 1437.407483 1437.656766 1440.279859 1443.013284
70.120000 1435.004904 1437.210928 1439.565364 1439.768979 1442.472752 1445.056207
70.220000 1436.900567 1439.373231 1441.791617 1441.887648 1444.563141 1446.932879
70.320000 1439.089356 1441.557974 1444.355991 1444.147322 1446.534233 1448.677002
70.420000 1441.378413 1444.600192 1446.971023 1446.691436 1448.722545 1450.261224
70.520000 1445.708258 1448.637316 1450.218954 1450.066294 1451.682565 1453.148774
70.620000 1449.269483 1451.359442 1453.070434 1452.982751 1454.624523 1456.281952
70.720000 1452.781431 1454.013193 1455.517780 1455.530239 1456.969056 1458.533299
70.820000 1454.561271 1455.870791 1457.373691 1457.413252 1458.944433 1460.446626
70.920000 1456.146744 1457.463081 1458.989774 1459.062629 1460.697444 1462.165652
71.020000 1457.624001 1459.078104 1460.660423 1460.731260 1462.349650 1464.094162
71.120000 1459.406047 1460.809821 1462.505286 1462.497283 1464.159459 1465.960557
71.220000 1460.998565 1462.671049 1464.336782 1464.349939 1466.083288 1467.724740
71.320000 1462.941259 1464.610756 1466.232966 1466.318268 1468.040184 1469.954899
71.420000 1464.941199 1466.569589 1468.174134 1468.317370 1470.125768 1472.532660
71.520000 1466.375239 1468.203378 1469.929555 1470.142613 1472.040941 1474.872085
71.620000 1468.077685 1469.749788 1471.769868 1472.043102 1474.212295 1477.973988
71.720000 1469.662154 1471.402616 1473.456688 1473.856106 1476.406869 1480.164713
71.820000 1471.192626 1472.949768 1475.351233 1475.783677 1478.899553 1482.257501
71.920000 1473.005921 1474.886446 1477.672871 1478.024936 1481.357247 1485.205942
72.020000 1474.707482 1476.720142 1479.934684 1480.349292 1484.167099 1487.705422
72.120000 1476.241215 1479.073835 1482.555541 1482.770517 1486.597641 1489.621620
72.220000 1478.695563 1481.942120 1485.392142 1485.335442 1488.734190 1491.342407
72.320000 1481.861124 1485.459142 1488.605661 1488.481668 1491.607529 1494.264969
72.420000 1489.658780 1491.920931 1493.974477 1493.957703 1496.075090 1497.722099
72.520000 1492.804119 1494.840806 1496.481361 1496.539836 1498.363855 1500.232856
72.620000 1494.835878 1496.735832 1498.394193 1498.458567 1500.278621 1502.098899
72.720000 1496.648346 1498.321881 1500.102885 1500.147628 1502.001270 1504.257086
72.820000 1498.239729 1499.955530 1501.698687 1501.829662 1503.673641 1505.939629
72.920000 1499.927041 1501.643475 1503.451929 1503.618454 1505.513604 1507.889391
73.020000 1501.563734 1503.492736 1505.443355 1505.632667 1507.870217 1510.161979
73.120000 1503.502562 1505.660179 1507.917584 1508.085692 1510.674695 1513.170564
73.220000 1505.927911 1508.344347 1511.157844 1511.212408 1514.067054 1517.106310
73.320000 1508.293216 1511.186354 1514.326088 1514.447115 1517.384235 1521.228644
73.420000 1511.553002 1514.859732 1518.098965 1517.986738 1521.143908 1523.981603
73.520000 1514.909744 1518.362884 1522.012953 1521.549557 1524.512662 1526.387859
73.620000 1517.882095 1523.112428 1525.686980 1525.290555 1527.674672 1529.324495
73.720000 1522.948249 1526.292644 1528.385363 1528.165502 1530.163526 1531.633802
73.820000 1527.186337 1529.206604 1530.974586 1530.879294 1532.610036 1533.961430
73.920000 1529.736368 1531.228753 1532.792540 1532.724425 1534.276658 1535.558286
74.020000 1531.400730 1532.875823 1534.354144 1534.325554 1535.799444 1537.151066
74.120000 1532.943946 1534.398287 1535.833171 1535.844976 1537.305640 1538.658966
74.220000 1534.508890 1535.955838 1537.348107 1537.321099 1538.675826 1540.071568
74.320000 1535.861398 1537.445529 1538.842305 1538.826414 1540.282667 1541.634562
74.420000 1537.460119 1538.921926 1540.390140 1540.408303 1541.904368 1543.316284
74.520000 1539.217268 1540.540542 1542.067151 1542.042862 1543.589917 1544.927913
74.620000 1540.760403 1542.123374 1543.646592 1543.689483 1545.203913 1547.114504
74.720000 1542.335957 1543.847773 1545.267356 1545.378304 1546.904408 1549.018316
74.820000 1543.883778 1545.479524 1546.891407 1547.091735 1548.691707 1550.816972
74.920000 1545.334332 1546.870577 1548.493839 1548.677090 1550.381698 1553.237501
75.020000 1546.785177 1548.351258 1549.972046 1550.239308 1552.077012 1555.416777
75.120000 1548.150722 1549.857318 1551.636631 1551.925150 1554.063938 1557.652255
75.220000 1549.906566 1551.617937 1553.556878 1553.969472 1556.311635 1560.261964
75.320000 1552.059528 1553.843311 1556.110555 1556.619047 1559.732197 1563.314769
75.420000 1554.219927 1556.095127 1559.313407 1559.551011 1563.165231 1565.886051
75.520000 1555.869921 1558.275712 1562.261911 1562.259380 1565.944278 1568.411331
75.620000 1558.030959 1561.510183 1565.486268 1564.994675 1568.256477 1570.409594
75.720000 1561.014954 1564.866994 1567.961292 1567.572565 1570.226262 1571.861080
75.820000 1564.740177 1568.297200 1570.508834 1570.215614 1572.221968 1573.861553
75.920000 1569.231817 1571.379340 1572.975745 1572.877439 1574.398736 1576.233668
76.020000 1571.575974 1573.236567 1574.786217 1574.800888 1576.352356 1578.146139
76.120000 1573.353479 1574.879084 1576.427365 1576.481586 1578.107884 1579.995263
76.240000 1575.076187 1576.525707 1578.314146 1578.383340 1580.186856 1582.373762
76.340000 1576.541635 1578.041606 1579.842374 1579.986621 1581.989246 1584.344992
76.440000 1577.961173 1579.629931 1581.463241 1581.627429 1583.749994 1585.975402
76.540000 1579.441354 1581.146671 1583.050754 1583.286616 1585.618948 1588.107887
76.640000 1580.801147 1582.501530 1584.665709 1584.881567 1587.436790 1589.918693
76.740000 1582.153540 1584.013058 1586.160197 1586.433167 1589.018734 1591.728684
76.840000 1583.596265 1585.616929 1587.749015 1587.990583 1590.488190 1593.205582
76.940000 1585.332114 1587.472366 1589.603847 1589.789783 1592.255978 1595.036009
77.040000 1587.431507 1589.559933 1592.068279 1592.136324 1594.628784 1597.311357
77.140000 1589.809110 1592.186393 1594.858920 1594.975824 1597.654239 1600.873892
77.240000 1592.523319 1595.175957 1597.766053 1598.008755 1600.906314 1604.672980
77.340000 1594.983045 1597.881385 1600.811358 1600.976036 1604.159750 1607.814927
77.440000 1597.739967 1600.969405 1604.090868 1604.120003 1607.310503 1610.349755
77.540000 1600.151864 1604.181675 1607.967559 1607.772410 1611.230772 1615.038032
77.640000 1602.839096 1606.898919 1610.680069 1610.513678 1613.938257 1617.740874
77.740000 1605.923171 1609.332382 1613.283212 1613.125767 1616.832845 1620.201503
77.840000 1608.786907 1611.898656 1615.601049 1615.622765 1619.222892 1622.839140
77.940000 1610.923590 1614.290136 1617.805982 1617.941080 1621.536159 1625.426232
78.040000 1612.966567 1616.670552 1620.109305 1620.235125 1623.839591 1627.644281
78.140000 1615.044479 1618.800821 1622.436455 1622.503337 1626.238587 1630.456752
78.240000 1616.843057 1621.074937 1624.658890 1624.701826 1628.484609 1632.428443
78.340000 1618.977533 1623.236979 1626.770030 1626.843901 1630.712352 1634.572233
78.440000 1621.370992 1625.311298 1628.869665 1628.947881 1632.804863 1636.676728
78.540000 1623.979372 1627.497330 1631.054040 1631.139026 1635.277724 1638.574252
78.640000 1625.925241 1629.696812 1633.104791 1633.237965 1637.191184 1640.481488
78.740000 1628.606877 1631.971344 1635.421650 1635.493041 1639.225973 1641.873290
78.840000 1631.539954 1634.573306 1637.940743 1637.902784 1641.327393 1644.201293
78.940000 1634.751323 1637.731863 1640.571010 1640.579538 1643.492655 1646.727166
79.040000 1640.200902 1643.209425 1645.382300 1645.452273 1647.934387 1650.603306
79.140000 1643.663681 1645.510170 1647.815020 1648.023115 1650.707787 1653.179052
79.240000 1645.601961 1647.675971 1650.278976 1650.311524 1653.060708 1655.288724
79.340000 1647.368873 1649.533557 1652.411702 1652.279408 1654.837801 1656.984762
79.480000 1649.577795 1652.104566 1654.975284 1654.763121 1657.279175 1659.135601
79.580000 1651.149799 1653.838557 1656.702681 1656.475828 1659.031088 1660.630534
79.680000 1652.825948 1655.688476 1658.395089 1658.144020 1660.514820 1662.158634
79.780000 1654.652130 1657.228610 1660.007289 1659.739715 1662.104634 1663.695771
79.880000 1656.328954 1658.887010 1661.512622 1661.292387 1663.457356 1665.121181
79.980000 1658.062330 1660.701448 1663.057305 1662.845171 1664.844276 1666.629371
80.080000 1660.105494 1662.507383 1664.595182 1664.425030 1666.311401 1668.006423
80.180000 1661.942762 1664.264371 1666.143118 1666.064979 1667.861577 1669.414569
80.280000 1664.111323 1666.230991 1667.977184 1667.878983 1669.513250 1671.194228
80.380000 1666.508130 1668.676988 1670.161499 1670.212467 1671.762494 1673.870498
80.480000 1669.530220 1671.133507 1672.987780 1673.138007 1675.200241 1677.917634
80.580000 1671.966326 1673.568812 1675.632682 1675.827399 1678.164269 1680.591779
80.680000 1673.789908 1675.841243 1678.072402 1678.224919 1680.636821 1683.228086
80.780000 1675.182597 1677.785608 1680.505473 1680.411961 1683.136378 1685.404131
80.880000 1676.930827 1679.556525 1682.392982 1682.374553 1685.176661 1687.330557
80.980000 1678.614449 1681.440625 1684.362963 1684.300613 1687.030348 1689.134700
81.080000 1680.702756 1683.507902 1686.395602 1686.229947 1688.935764 1690.681963
81.180000 1682.991242 1685.694497 1688.450459 1688.218980 1690.762236 1692.512957
81.280000 1684.975557 1687.763669 1690.385295 1690.109057 1692.476137 1694.113564
81.380000 1687.317945 1689.723868 1692.297615 1692.028040 1694.164840 1695.862280
81.480000 1689.516836 1691.979321 1694.226818 1694.009468 1695.993653 1697.690113
81.580000 1692.212343 1694.502359 1696.343882 1696.306690 1698.142011 1699.905757
81.680000 1695.792113 1697.670947 1699.506332 1699.567143 1701.489605 1703.750903
81.780000 1698.247695 1699.796571 1701.960149 1701.950142 1704.124383 1706.127679
81.880000 1699.644790 1701.845250 1704.180735 1704.154740 1706.557000 1708.258740
81.980000 1701.717112 1703.806189 1706.348466 1706.263175 1708.673622 1710.357578
82.080000 1703.858858 1705.985442 1708.479135 1708.361380 1710.587183 1712.346905
82.180000 1706.331145 1708.498519 1710.960246 1710.781896 1712.870927 1714.714645
82.280000 1709.295171 1711.119015 1713.203536 1713.150130 1715.110793 1717.258176
82.380000 1711.699649 1713.328061 1715.275395 1715.311381 1717.219533 1719.372313
82.480000 1713.702857 1715.375421 1717.332739 1717.299490 1719.120382 1721.128472
82.580000 1715.369183 1717.192402 1719.228765 1719.231175 1721.155958 1723.256685
82.680000 1716.937288 1718.978291 1721.136543 1721.101080 1723.201008 1725.457475
82.780000 1718.540302 1720.738281 1723.163362 1723.086632 1725.355942 1727.627380
82.880000 1720.204377 1722.498758 1724.937366 1724.956359 1727.385402 1729.829196
82.980000 1721.773345 1724.426726 1726.805561 1726.794725 1729.327561 1731.608953
83.080000 1723.001932 1726.243969 1728.746493 1728.634098 1731.232538 1733.799028
83.180000 1724.710178 1727.889473 1730.480545 1730.442793 1733.038438 1736.082582
83.280000 1726.525797 1729.724214 1732.331537 1732.327694 1734.925281 1737.876365
83.380000 1727.832885 1731.438446 1734.178772 1734.184228 1736.711149 1740.102288
83.480000 1729.826097 1733.371362 1735.952649 1736.017786 1738.650317 1742.120917
83.580000 1731.774809 1735.090418 1737.739745 1737.871368 1740.588109 1744.252481
83.680000 1733.399804 1736.803118 1739.607268 1739.938789 1742.736464 1749.453863
83.780000 1735.279515 1738.500346 1741.269731 1742.070461 1745.251921 1753.951022
83.880000 1737.527254 1740.414780 1743.246852 1744.474342 1749.545162 1756.205228
83.980000 1739.973907 1742.416865 1745.641893 1747.203580 1753.473982 1758.647319
84.080000 1741.969434 1744.993857 1749.254810 1750.155917 1755.729407 1760.618761
84.180000 1745.721035 1748.713381 1752.989417 1753.435048 1758.396488 1762.750511
84.280000 1749.827740 1753.584190 1757.500422 1757.575422 1761.692886 1765.435074
84.380000 1753.989481 1757.314162 1760.834783 1760.836376 1764.540783 1767.830605
84.480000 1756.503198 1759.794290 1763.338297 1763.354267 1766.821588 1770.198431
84.580000 1759.429513 1762.240836 1765.837491 1765.684101 1769.034562 1772.090580
84.680000 1761.259684 1764.657087 1768.087238 1767.955323 1771.122255 1774.152225
84.780000 1763.929976 1767.114397 1770.346652 1770.279665 1773.571886 1776.324793
84.880000 1765.873751 1769.579943 1772.712029 1772.680098 1775.945148 1778.496144
84.980000 1767.850353 1771.919013 1775.049975 1774.967932 1778.213038 1780.831138
85.080000 1770.599148 1773.925226 1777.255518 1777.033780 1780.274466 1782.495869
85.180000 1773.271875 1776.329425 1779.541807 1779.302059 1782.308832 1784.368491
85.280000 1775.825851 1778.741102 1781.882455 1781.583368 1784.277809 1786.232733
85.380000 1778.388614 1781.363127 1784.076135 1783.876415 1786.358505 1788.082105
85.480000 1780.597614 1784.026489 1786.356376 1786.134456 1788.433634 1790.103712
85.580000 1783.873392 1786.420643 1788.634919 1788.471288 1790.564410 1792.304172
85.680000 1786.481853 1788.810757 1790.714246 1790.645712 1792.648381 1794.404441
85.780000 1788.520717 1790.720095 1792.582720 1792.620344 1794.598131 1796.367486
85.880000 1790.202509 1792.440017 1794.492115 1794.463852 1796.476721 1798.682595
85.980000 1791.929561 1794.235961 1796.288537 1796.245132 1798.239401 1800.397483
86.080000 1793.588922 1796.000964 1797.986164 1797.932538 1799.844576 1801.922763
86.180000 1795.684265 1797.916261 1799.892403 1799.814243 1801.646798 1803.669431
86.280000 1797.834584 1799.792111 1801.656148 1801.691995 1803.622691 1805.934963
86.380000 1799.984353 1801.661427 1803.557259 1803.789082 1805.963403 1808.565303
86.480000 1801.859204 1803.561695 1805.484481 1805.786792 1808.113870 1810.933957
86.580000 1803.579732 1805.365346 1807.429111 1807.793613 1810.202096 1813.379841
86.680000 1805.170460 1807.042782 1809.434544 1809.703826 1812.564214 1815.520763
86.780000 1806.852389 1808.758976 1811.442970 1811.619057 1814.655377 1817.343078
86.880000 1808.415142 1810.363951 1813.336266 1813.500326 1816.710986 1819.627879
86.980000 1809.821963 1812.252369 1815.230276 1815.349108 1818.577320 1821.415441
87.080000 1811.487579 1813.967732 1817.326172 1817.296770 1820.491947 1823.164696
87.180000 1813.033000 1815.809569 1819.394045 1819.301220 1822.533708 1825.264356
87.280000 1815.003400 1817.846481 1821.548304 1821.280382 1824.415858 1827.424259
87.380000 1817.096945 1820.031713 1823.488626 1823.280804 1826.430012 1829.333168
87.480000 1819.195006 1822.359401 1825.407613 1825.343484 1828.215354 1831.052076
87.580000 1821.705966 1824.991090 1827.624125 1827.692305 1830.315542 1833.430944
87.680000 1824.309737 1827.348268 1830.119558 1830.241097 1833.016618 1836.861373
87.780000 1826.854337 1830.054812 1832.816578 1832.921576 1835.732918 1839.713709
87.880000 1829.928082 1832.532642 1835.346283 1835.566773 1838.591614 1842.744521
87.980000 1831.826836 1834.738674 1838.029808 1838.198625 1841.776867 1845.885306
88.080000 1834.195862 1837.114828 1840.460223 1840.893853 1844.655244 1849.698559
88.180000 1836.488528 1839.592176 1843.587390 1843.800938 1847.938741 1852.689725
88.280000 1838.210971 1842.010794 1846.415419 1846.527716 1850.987948 1855.436275
88.380000 1840.420995 1844.352812 1849.278559 1849.328782 1853.986734 1859.070276
88.480000 1842.891375 1847.268200 1851.980882 1852.064918 1856.678275 1861.753649
88.580000 1844.864514 1849.890885 1854.726964 1854.797647 1859.530522 1865.100754
88.680000 1847.441303 1852.626804 1857.330114 1857.589305 1862.355041 1868.524211
88.780000 1849.979578 1855.379889 1860.108959 1860.511599 1866.177701 1871.725274
88.880000 1852.499562 1857.961810 1863.063456 1863.450377 1869.570865 1874.733900
88.980000 1854.895908 1860.554600 1866.143933 1866.342483 1872.613203 1876.525280
89.080000 1857.774831 1863.393036 1869.444154 1869.244408 1875.125623 1878.245867
89.180000 1860.533318 1866.945157 1872.357630 1871.935713 1877.135044 1880.057242
89.280000 1863.961234 1870.107503 1874.744436 1874.442410 1879.070400 1881.851161
89.380000 1867.412381 1872.862541 1877.048947 1876.835460 1881.188408 1883.471366
89.480000 1870.507251 1875.201655 1879.278191 1878.976661 1883.013864 1885.238677
89.580000 1873.318772 1877.374931 1881.296564 1881.011378 1884.807589 1887.025442
89.680000 1875.858096 1879.444467 1883.389497 1883.022418 1886.584811 1888.608804
89.780000 1878.059447 1881.500066 1885.543398 1885.056715 1888.341346 1890.418372
89.880000 1880.259270 1883.778125 1887.544295 1887.075059 1890.160763 1891.909819
89.920000 1881.373539 1884.711799 1888.410050 1887.893580 1890.827429 1892.496223
90.020000 1883.544618 1886.941153 1890.349136 1889.837833 1892.509617 1893.906486
90.120000 1885.470308 1889.276889 1892.296362 1891.781725 1894.087447 1895.477783
90.220000 1888.252088 1891.714287 1894.200776 1893.735370 1895.639190 1896.939318
90.320000 1890.888350 1894.267684 1896.092508 1895.747653 1897.376235 1898.408920
90.420000 1893.683330 1896.248782 1897.756997 1897.542708 1898.870309 1899.986902
90.520000 1896.668790 1898.082767 1899.326332 1899.285412 1900.447535 1901.828492
90.620000 1898.696419 1899.965516 1901.009698 1901.145363 1902.334462 1904.274625
90.720000 1900.672423 1901.590379 1902.751667 1902.921170 1904.269209 1906.068116
90.820000 1902.115569 1903.155117 1904.470020 1904.648998 1906.223758 1907.886287
90.920000 1903.540425 1904.745512 1906.179178 1906.360769 1908.032947 1909.601003
91.020000 1905.010313 1906.405709 1907.882998 1908.089378 1909.814944 1911.333786
91.120000 1906.545181 1907.987141 1909.634018 1909.781967 1911.603509 1913.382761
91.220000 1908.244692 1909.713931 1911.454326 1911.570713 1913.415398 1915.401930
91.320000 1909.785665 1911.506511 1913.340050 1913.353180 1915.110033 1917.121983
91.420000 1911.566982 1913.256120 1915.134307 1915.200785 1917.075496 1919.165126
91.520000 1913.422897 1915.213823 1917.122206 1917.162652 1919.167183 1920.977389
91.620000 1915.154610 1917.140907 1919.138544 1919.070177 1920.930792 1922.890484
91.720000 1917.110035 1919.114540 1921.043088 1920.958667 1922.776457 1924.634816
91.820000 1919.197115 1920.970071 1922.901835 1922.842155 1924.626109 1926.326873
91.920000 1921.127869 1922.814554 1924.737208 1924.679055 1926.553406 1928.011554
92.020000 1922.634479 1924.644053 1926.412774 1926.404622 1928.217404 1929.834339
92.120000 1924.519885 1926.480916 1928.161724 1928.169727 1929.935458 1931.541609
92.220000 1926.298847 1928.143712 1929.975194 1929.898277 1931.615567 1932.998185
92.320000 1928.051522 1929.819630 1931.686832 1931.586696 1933.240690 1934.645235
92.420000 1929.839856 1931.556728 1933.318464 1933.246314 1934.958789 1936.183260
92.520000 1931.504574 1933.361906 1935.017540 1934.920046 1936.499293 1937.649444
92.620000 1933.403278 1935.252151 1936.854652 1936.691106 1938.144316 1939.378140
92.720000 1935.695489 1937.436732 1938.865329 1938.799821 1940.062333 1941.577195
92.820000 1939.143607 1940.392669 1941.779134 1942.254874 1943.885802 1948.443827
92.920000 1941.439082 1942.813239 1945.029831 1945.639479 1948.725400 1952.951654
93.020000 1943.103673 1944.907730 1948.551924 1948.871272 1952.775807 1956.690221
93.120000 1944.841991 1948.016785 1951.912362 1952.033403 1955.990858 1960.096120
93.220000 1947.299574 1951.196012 1955.170925 1955.138274 1958.992373 1963.553102
93.320000 1950.387967 1954.551331 1958.327359 1958.361659 1962.362931 1966.054952
93.420000 1953.590357 1957.608143 1961.756868 1961.655444 1965.854048 1969.297247
93.520000 1956.508177 1961.024179 1965.184185 1965.017835 1969.071272 1972.032070
93.620000 1961.186248 1965.006613 1969.392461 1968.935493 1972.492178 1975.032523
93.720000 1966.275320 1970.315433 1973.635492 1973.245023 1975.961772 1978.395734
93.820000 1970.621323 1974.274943 1976.601533 1976.501065 1978.882358 1980.958833
93.920000 1974.454718 1976.912256 1978.991130 1979.025260 1981.258127 1983.155171
94.020000 1976.706715 1979.059322 1981.147904 1981.137934 1983.319945 1985.339235
94.120000 1978.793680 1980.966845 1983.018753 1983.102678 1985.248052 1987.628595
94.220000 1980.787900 1982.924066 1984.978566 1985.055514 1987.314706 1989.557785
94.320000 1982.692559 1984.957884 1987.064550 1987.140516 1989.370352 1991.633568
94.420000 1984.654552 1987.167422 1989.413929 1989.428635 1991.628974 1993.981717
94.520000 1987.464170 1989.817196 1992.133832 1992.142579 1994.239518 1996.913001
94.620000 1990.580655 1993.417108 1995.855938 1996.006432 1998.556057 2002.074492
94.720000 1993.596282 1996.547389 1999.077795 1999.302641 2002.230906 2006.247814
94.820000 1995.958305 1998.847997 2002.013840 2002.186637 2005.492630 2009.201019
94.920000 1997.767677 2001.103873 2004.875305 2004.843526 2008.637680 2012.117578
95.020000 2000.067885 2003.442742 2007.535001 2007.398130 2011.059498 2014.462928
95.120000 2002.649415 2006.315423 2010.205206 2010.065266 2013.736075 2016.853453
95.220000 2004.851772 2008.873762 2012.904315 2012.731775 2016.660008 2019.413367
95.320000 2007.272313 2011.419267 2015.543236 2015.276617 2018.883937 2022.087984
95.420000 2011.025842 2015.107191 2018.634915 2018.455035 2021.591026 2024.361239
95.520000 2015.123971 2018.913545 2021.551765 2021.488074 2024.255391 2026.740377
95.620000 2018.822310 2021.762699 2024.077946 2024.074647 2026.494087 2028.811462
95.720000 2022.320316 2024.175736 2026.337703 2026.335222 2028.560265 2030.496059
95.820000 2024.299541 2026.375301 2028.362432 2028.371184 2030.375613 2032.267810
95.920000 2026.408747 2028.526696 2030.422329 2030.394511 2032.310852 2034.162650
96.020000 2028.447313 2030.525376 2032.317746 2032.354207 2034.170613 2036.157926
96.120000 2030.583066 2032.549189 2034.521834 2034.506454 2036.388707 2039.097279
96.220000 2032.466820 2034.492671 2036.420823 2036.532037 2038.565592 2041.310539
96.320000 2034.357443 2036.270403 2038.262210 2038.486714 2040.745286 2043.940879
96.420000 2036.135141 2038.085316 2040.229418 2040.485418 2042.976732 2045.860636
96.520000 2038.082093 2040.006218 2042.289055 2042.547302 2045.227815 2048.014337
96.620000 2040.079376 2042.024491 2044.612864 2044.684211 2047.344796 2050.022684
96.720000 2042.054529 2044.240452 2046.840267 2046.862980 2049.421773 2052.075969
96.820000 2043.910128 2046.695173 2049.174218 2049.065780 2051.552036 2053.728165
96.920000 2045.972056 2048.625950 2051.219591 2051.101848 2053.590955 2055.414344
97.020000 2047.912670 2050.696809 2053.148889 2053.077474 2055.508550 2057.135909
97.120000 2049.706377 2052.622065 2055.103490 2054.946044 2057.260162 2058.978900
97.220000 2052.127745 2054.696821 2057.129665 2056.897239 2058.999578 2060.946641
97.320000 2054.407305 2057.051892 2059.348396 2059.130662 2061.081777 2063.134797
97.420000 2057.328020 2059.558470 2061.406346 2061.427841 2063.268992 2065.327085
97.520000 2059.771583 2061.790669 2063.497505 2063.606911 2065.522593 2068.169314
97.620000 2061.637293 2063.709836 2065.632501 2065.812962 2067.902007 2071.244214
97.720000 2063.704429 2065.481107 2067.627944 2067.950683 2070.576825 2073.716476
97.820000 2065.283557 2067.201177 2069.439477 2069.873652 2072.869577 2076.028785
97.920000 2066.911207 2068.840829 2071.388480 2071.778415 2075.043285 2078.026682
98.020000 2068.505033 2070.563978 2073.365095 2073.648737 2077.035738 2079.959679
98.120000 2070.152517 2072.472005 2075.434977 2075.600857 2079.079466 2081.518903
98.210000 2071.789987 2074.323764 2077.547795 2077.590155 2080.863402 2083.412500
98.300000 2073.513777 2076.340369 2079.733392 2079.584237 2082.744009 2085.296148
98.400000 2075.471129 2078.607473 2082.022466 2081.704357 2084.572323 2087.426811
98.500000 2077.428652 2080.999710 2084.119204 2083.865053 2086.644308 2089.476567
98.600000 2079.858644 2083.667931 2086.510828 2086.268845 2088.816581 2091.703043
98.700000 2082.702054 2085.933491 2088.458661 2088.498950 2091.095117 2094.104644
98.800000 2085.891618 2088.486729 2090.760448 2090.967828 2093.516377 2097.547917
98.900000 2088.542962 2090.540706 2092.922733 2093.208955 2095.862451 2099.815948
99.000000 2090.710320 2092.687719 2095.122803 2095.451769 2098.306177 2102.508519
99.100000 2092.519193 2094.609454 2097.309197 2097.641255 2100.781563 2104.587778
99.200000 2094.165082 2096.385366 2099.365553 2099.719548 2103.067372 2106.628641
99.300000 2095.875417 2098.237009 2101.516732 2101.672676 2105.386113 2108.678630
99.400000 2097.529330 2100.175649 2103.488767 2103.715598 2107.396918 2110.505955
99.500000 2099.261036 2102.146377 2105.711764 2105.782002 2109.369017 2112.693801
99.600000 2101.040015 2104.034562 2107.814487 2107.811646 2111.403427 2115.031009
99.700000 2103.024485 2106.189032 2109.986575 2109.977157 2113.714455 2117.231769
99.800000 2105.224501 2108.275561 2112.055673 2112.108641 2115.816512 2119.635958
99.900000 2107.072809 2110.316179 2114.224233 2114.320559 2118.210412 2122.006237
100.000000 2109.501524 2112.948165 2116.671584 2116.705336 2120.624836 2123.954216
100.100000 2111.538214 2115.491085 2119.101865 2119.117640 2123.063655 2126.342079
100.200000 2114.080335 2118.026681 2121.675367 2121.636732 2125.228517 2128.760706
100.300000 2117.596090 2120.925190 2124.461085 2124.426215 2127.846378 2131.468217
100.400000 2120.199240 2124.109364 2127.468196 2127.457495 2130.714164 2134.117098
100.500000 2124.056062 2127.668134 2130.841096 2130.778876 2134.063192 2136.878013
100.600000 2126.736005 2130.200815 2133.778192 2133.574470 2136.911969 2138.993820
100.700000 2129.533657 2133.346688 2136.486181 2136.160457 2139.230021 2140.810936
100.800000 2132.623731 2136.305248 2139.265256 2138.767366 2141.207897 2142.507277
100.900000 2135.798974 2139.303797 2141.663102 2141.258981 2143.187252 2144.405835
101.000000 2139.519204 2142.400550 2143.986576 2143.795097 2145.395313 2146.435963
101.100000 2142.629496 2144.563285 2145.884294 2145.853483 2147.257975 2148.576419
101.200000 2145.125190 2146.431326 2147.693017 2147.784861 2149.173119 2150.890229
101.300000 2147.020490 2148.312333 2149.683701 2149.733571 2151.269632 2153.217196
101.400000 2148.553132 2149.864536 2151.369104 2151.452740 2152.977191 2154.881834
101.500000 2150.235195 2151.343007 2153.019532 2153.095263 2154.743190 2156.636698
101.600000 2151.641596 2152.952441 2154.661265 2154.730750 2156.431209 2158.501322
101.700000 2153.120799 2154.589105 2156.261773 2156.354054 2158.152508 2160.185467
101.800000 2154.550155 2156.232019 2157.959992 2158.015194 2159.819382 2161.900685
101.900000 2156.177190 2157.928398 2159.742244 2159.772321 2161.730736 2163.729253
102.000000 2157.816425 2159.763014 2161.596895 2161.685435 2163.657078 2165.590298
102.100000 2160.102637 2161.913794 2163.896051 2163.930677 2165.843931 2168.109274
102.200000 2162.400044 2164.335890 2166.546540 2166.589856 2168.886880 2171.197169
102.300000 2164.773837 2166.880009 2169.251393 2169.399127 2171.818014 2174.357342
102.400000 2167.270356 2169.407050 2172.186836 2172.097805 2174.530648 2177.385327
102.500000 2169.940145 2172.789533 2175.526969 2175.340876 2177.613424 2180.357139
102.600000 2172.621541 2176.069275 2178.476558 2178.548219 2181.198798 2183.749270
102.700000 2175.627420 2178.730350 2181.516857 2181.454540 2184.160869 2186.841153
102.800000 2177.739311 2181.080823 2184.289992 2184.028945 2186.969533 2189.297696
102.900000 2180.404916 2183.440573 2186.760014 2186.449852 2189.253827 2191.734163
103.000000 2182.923140 2186.366600 2189.194535 2189.017996 2191.812807 2194.226545
103.100000 2186.096328 2188.928700 2191.486328 2191.549599 2194.279429 2197.000649
103.200000 2188.914201 2191.691051 2194.110891 2194.190760 2196.889993 2199.326998
103.300000 2191.452065 2194.227138 2196.567769 2196.655099 2199.290328 2201.558596
103.400000 2194.141777 2196.336605 2198.872678 2198.927959 2201.560230 2203.714557
103.500000 2196.295334 2198.500983 2201.159946 2201.090571 2203.671432 2205.879618
103.600000 2197.991614 2200.612249 2203.411916 2203.345504 2205.943422 2208.634316
103.700000 2200.026760 2202.780496 2205.670121 2205.613739 2208.463576 2210.814817
103.800000 2202.473680 2205.249795 2208.132996 2208.192294 2211.018694 2214.143627
103.900000 2204.791973 2207.957425 2210.564442 2210.743026 2213.531042 2217.007053
104.000000 2207.400194 2210.310518 2213.189609 2213.212285 2216.051805 2219.583488
104.100000 2209.940799 2212.344692 2215.468376 2215.456935 2218.420399 2222.037744
104.200000 2211.928218 2214.412725 2217.600916 2217.681358 2220.766421 2224.284839
104.300000 2214.045402 2216.784247 2219.806300 2219.925933 2223.206836 2226.190986
104.400000 2216.090451 2218.988219 2222.026480 2222.174094 2225.531245 2228.087539
104.500000 2218.545407 2221.389311 2224.405539 2224.445661 2227.743707 2229.854982
104.600000 2220.786966 2223.507096 2226.747052 2226.662608 2229.756962 2232.096083
104.700000 2222.962130 2225.787773 2228.992767 2228.860288 2231.930044 2234.008990
104.800000 2225.591081 2228.321596 2231.440067 2231.236093 2234.018192 2235.973453
104.900000 2228.106107 2231.167257 2233.995982 2233.837819 2236.354996 2238.642006
104.990000 2231.193304 2234.310153 2237.052273 2236.973756 2239.600558 2242.303098
105.080000 2235.230417 2237.745247 2240.093259 2240.205867 2242.696230 2245.359440
105.180000 2238.321520 2240.529524 2243.260576 2243.216906 2245.897923 2248.222377
105.280000 2240.515094 2243.164220 2246.155282 2245.994816 2248.651860 2250.682213
105.380000 2243.153418 2245.963140 2248.766984 2248.573951 2251.079837 2253.342146
105.480000 2245.730975 2248.650453 2251.259228 2251.093253 2253.474773 2256.095801
105.580000 2248.602051 2251.329989 2253.739199 2253.928970 2256.679485 2259.956582
105.680000 2251.854319 2254.028048 2256.433779 2256.836616 2259.873650 2263.436968
105.780000 2254.407998 2256.448332 2259.466174 2259.672929 2262.962635 2266.258531
105.880000 2256.371535 2258.810174 2262.465663 2262.431418 2265.965882 2268.741723
106.000000 2258.833357 2261.834554 2265.972361 2265.760711 2269.410716 2272.596257
106.120000 2261.369782 2265.070009 2269.283334 2268.887505 2272.464992 2275.458138
106.240000 2264.413025 2268.346798 2272.476715 2271.996736 2275.385764 2277.727145
106.360000 2267.994863 2272.220779 2275.281443 2275.031886 2277.849194 2280.185944
106.480000 2272.961993 2275.600589 2277.932383 2277.918165 2280.306836 2282.018992
106.580000 2275.568639 2277.710875 2280.116278 2280.004184 2282.318504 2284.075238
106.680000 2277.635474 2279.862450 2282.073928 2281.999603 2284.161140 2286.109654
106.780000 2279.778343 2281.887651 2284.100934 2284.083810 2286.184315 2288.174813
106.880000 2282.090903 2284.142535 2286.408494 2286.325756 2288.442783 2290.337076
106.980000 2284.708628 2287.101641 2289.065999 2289.085254 2291.215914 2293.212693
107.080000 2288.043124 2289.931594 2292.068991 2292.066499 2294.111177 2296.363384
107.180000 2290.360545 2292.343146 2294.458169 2294.521522 2296.817927 2299.183369
107.280000 2292.563770 2294.682967 2296.730217 2296.871507 2299.215209 2301.805197
107.380000 2294.691433 2296.770984 2298.868929 2299.081903 2301.454981 2303.965746
107.480000 2296.952369 2298.938951 2301.267810 2301.318543 2303.732242 2306.277644
107.580000 2299.191103 2301.151065 2303.627611 2303.690292 2306.105632 2308.725978
107.680000 2301.392119 2303.985145 2306.460975 2306.491710 2308.914659 2311.743825
107.780000 2304.173941 2306.949817 2309.369062 2309.572295 2312.400476 2315.487476
107.880000 2307.029327 2309.649557 2312.057562 2312.471552 2315.694151 2318.877612
107.980000 2309.444886 2311.909632 2315.043444 2315.154398 2318.461141 2321.574154
108.080000 2311.383874 2313.963180 2317.533781 2317.568857 2321.014031 2323.931672
108.180000 2313.203379 2316.231940 2319.850274 2319.799783 2323.228601 2326.224738
108.280000 2315.457491 2318.372283 2321.957112 2321.979961 2325.429389 2328.073249
108.380000 2317.610467 2320.564766 2324.181507 2324.125606 2327.364818 2330.156473
108.480000 2319.481484 2323.120863 2326.558465 2326.255078 2329.239422 2332.070403
108.580000 2322.218775 2325.645298 2328.940020 2328.619296 2331.354671 2334.520501
108.680000 2324.873554 2328.499582 2331.484830 2331.249419 2333.932694 2336.794368
108.780000 2328.643927 2331.445312 2334.106136 2334.157831 2336.989489 2339.648122
108.880000 2331.931076 2334.495833 2337.056153 2337.031083 2339.530727 2342.125599
108.980000 2334.987487 2337.043309 2339.642196 2339.529228 2341.890588 2343.948550
109.040000 2336.179073 2338.447414 2341.030605 2340.882273 2343.181321 2345.154053
109.180000 2339.045523 2341.368716 2343.801551 2343.603940 2345.533598 2347.625585
109.280000 2341.552758 2343.856455 2345.874205 2345.847067 2347.807643 2350.500535
109.380000 2344.373631 2346.581444 2348.466294 2348.692833 2350.823301 2354.195978
109.480000 2348.170779 2349.942891 2352.266592 2352.685974 2355.392155 2359.648797
109.580000 2350.618306 2352.660182 2355.535541 2355.867721 2359.157403 2362.770164
109.700000 2353.022455 2355.482533 2359.130365 2359.213229 2363.018705 2365.427349
109.780000 2354.638337 2357.591389 2361.492529 2361.389617 2365.093095 2367.107021
109.880000 2356.665654 2360.410395 2364.301992 2363.906716 2367.298848 2369.078207
109.980000 2359.158368 2363.075009 2366.871255 2366.287360 2369.311821 2371.032010
110.080000 2362.000001 2365.816509 2369.132309 2368.589854 2371.135540 2372.888537
110.180000 2364.787966 2368.400475 2371.253946 2370.752494 2372.936361 2374.524282
110.280000 2367.709371 2371.001165 2373.295080 2372.985672 2374.883613 2376.687431
110.380000 2371.618093 2373.753111 2375.350582 2375.251766 2376.754746 2378.713305
110.440000 2373.470410 2375.133588 2376.666236 2376.605463 2377.960912 2379.923617
110.480000 2374.474374 2376.081362 2377.448507 2377.465968 2378.775781 2380.831397
110.540000 2375.931579 2377.315703 2378.549828 2378.681795 2379.985909 2382.065537
110.580000 2376.881634 2378.124662 2379.362240 2379.509744 2380.810884 2383.073229
110.640000 2378.113075 2379.189601 2380.507534 2380.712907 2382.206350 2384.629799
110.680000 2378.749460 2380.001409 2381.287893 2381.525807 2383.021444 2385.619157
110.740000 2379.802957 2381.125143 2382.485469 2382.772801 2384.368503 2386.936841
110.780000 2380.615371 2382.049166 2383.476256 2383.740367 2385.449794 2388.280744
110.880000 2382.735238 2384.199997 2385.964056 2386.203477 2388.115434 2390.924657
110.980000 2384.871729 2386.836234 2388.846676 2389.215011 2391.552730 2395.683705
111.040000 2386.738889 2388.931203 2391.540689 2391.718997 2394.486020 2398.168793
111.080000 2387.950284 2390.179766 2392.938930 2393.053706 2395.950249 2399.264154
111.140000 2389.401584 2391.925020 2394.742424 2394.971062 2397.894253 2401.053354
111.240000 2391.726122 2394.609253 2397.460936 2397.726357 2401.050286 2404.184472
111.280000 2392.679587 2395.513208 2398.606593 2398.780468 2402.130681 2405.174549
111.340000 2394.139106 2397.013413 2400.195717 2400.286773 2403.766808 2406.902757
111.380000 2395.074592 2397.995397 2401.215617 2401.230337 2404.740616 2407.708548
111.440000 2396.278976 2399.298095 2402.516357 2402.571721 2405.986671 2408.874466
111.540000 2398.614718 2401.372607 2404.655041 2404.647134 2407.896719 2411.132243
111.640000 2400.759449 2403.670908 2406.893158 2406.849959 2409.921271 2413.284256
111.740000 2403.026213 2406.328211 2409.445373 2409.435680 2412.570438 2415.746268
111.880000 2408.345521 2411.269582 2414.120856 2414.112441 2417.049959 2419.305108
111.940000 2410.423303 2413.037912 2416.045485 2415.924504 2418.756960 2420.696476
111.980000 2411.540308 2414.201395 2417.379080 2417.105586 2419.845131 2421.705543
112.040000 2413.413294 2416.397498 2419.230598 2418.917889 2421.400074 2423.039651
112.180000 2417.899572 2420.912869 2423.017499 2422.840196 2424.802407 2426.421438
112.240000 2420.239453 2422.674998 2424.540809 2424.435360 2426.208388 2428.002253
112.280000 2421.559319 2423.851299 2425.677846 2425.620609 2427.347587 2429.275812
112.340000 2423.377325 2425.410136 2427.258662 2427.278897 2429.157862 2431.922896
112.380000 2424.785738 2426.788751 2428.668449 2428.748059 2430.657266 2433.741716
112.480000 2428.044855 2430.089080 2432.221411 2432.547774 2435.200750 2438.484638
112.540000 2429.971555 2431.939658 2434.484027 2434.704369 2437.503795 2440.568422
112.580000 2431.127141 2433.097066 2435.916473 2436.062333 2438.904831 2441.884301
112.640000 2432.616704 2434.974549 2438.164702 2438.115673 2440.881832 2443.884162
112.700000 2434.162754 2436.933632 2440.262168 2440.131816 2443.174421 2445.482968
112.780000 2436.525168 2439.587266 2442.686479 2442.596026 2445.475744 2447.470176
112.840000 2438.427500 2441.717523 2444.514300 2444.430464 2447.243731 2449.670065
112.880000 2439.727341 2442.922759 2445.747154 2445.603261 2448.289071 2450.473765
112.940000 2442.500388 2445.010017 2447.646617 2447.601451 2449.958508 2452.682381
112.980000 2443.661610 2446.256049 2448.745657 2448.739139 2451.117449 2453.552247
113.040000 2446.212377 2448.406441 2450.824444 2450.718572 2452.963979 2455.137527
113.080000 2447.225074 2449.662180 2451.904361 2451.894553 2454.131766 2456.242574
113.140000 2449.440681 2451.529397 2453.702439 2453.722913 2455.764011 2458.412875
113.180000 2450.518105 2452.610837 2454.758125 2454.768470 2456.803313 2459.620365
113.240000 2452.085241 2454.156359 2456.235585 2456.321781 2458.343008 2461.624054
113.280000 2453.207860 2455.168892 2457.118592 2457.325554 2459.538876 2463.062281
113.340000 2454.719656 2456.785900 2458.857666 2459.070982 2461.347131 2465.254011
113.440000 2457.210894 2459.139128 2461.354311 2461.739741 2464.449794 2468.087911
113.480000 2458.116322 2459.966493 2462.403536 2462.752628 2465.791915 2469.096125
113.540000 2459.395321 2461.388965 2463.847638 2464.183027 2467.307908 2470.413446
113.580000 2460.450397 2462.295433 2464.753732 2465.194002 2468.410355 2471.191741
113.640000 2461.827143 2463.718847 2466.425461 2466.706744 2469.850391 2472.658981
113.680000 2462.660292 2464.884985 2467.439134 2467.730384 2470.888070 2473.350791
113.760000 2464.834740 2467.152238 2469.643283 2469.816343 2472.781723 2475.127221
113.840000 2467.546732 2469.415140 2471.509908 2471.875770 2474.646784 2477.153776
113.860000 2467.977936 2469.888108 2471.977982 2472.366102 2475.028726 2477.575076
113.940000 2470.579303 2472.011147 2473.867085 2474.318998 2476.939938 2479.676827
113.960000 2471.001747 2472.481903 2474.266470 2474.733285 2477.388502 2480.121190
114.040000 2472.515777 2473.887528 2475.585589 2476.181991 2478.696413 2482.129313
114.060000 2472.968111 2474.240914 2475.944999 2476.552500 2479.028498 2482.711217
114.140000 2474.086237 2475.522860 2477.350266 2477.882341 2480.322371 2484.221724
114.240000 2475.694934 2477.261775 2479.303030 2479.692956 2482.299884 2486.096407
114.340000 2477.528301 2479.068981 2481.457416 2481.736313 2484.300290 2487.900072
114.440000 2479.221138 2480.912488 2483.469870 2483.700170 2486.437377 2489.644529
114.540000 2480.789890 2482.674122 2485.353825 2485.556959 2488.418229 2491.313185
114.640000 2482.829349 2484.754831 2487.376760 2487.484833 2490.116056 2492.910171
114.740000 2484.794172 2486.792046 2489.458005 2489.445531 2491.870069 2494.354554
114.840000 2487.316635 2489.357079 2491.921956 2491.803375 2493.967626 2496.231515
114.940000 2490.256909 2492.905822 2494.930168 2494.778542 2496.713444 2498.350768
115.040000 2492.498631 2494.947964 2496.969591 2496.803808 2498.702168 2500.133324
115.140000 2494.407918 2496.633856 2498.558760 2498.420418 2500.115883 2501.681984
115.240000 2496.107246 2498.201311 2500.041992 2499.929734 2501.574564 2502.965606
115.340000 2498.036771 2499.887144 2501.439300 2501.397284 2502.962217 2504.363305
115.440000 2499.337647 2501.264875 2502.930900 2502.819024 2504.348627 2505.616114
115.540000 2500.775234 2502.701022 2504.410148 2504.240466 2505.706043 2507.022104
115.640000 2502.296114 2504.191922 2505.827736 2505.671488 2507.117623 2508.345482
115.740000 2503.922553 2505.742974 2507.305298 2507.143187 2508.560978 2509.697642
115.840000 2505.423807 2507.215941 2508.749413 2508.642430 2510.052976 2511.265840
115.940000 2507.098074 2508.883176 2510.231992 2510.174923 2511.516231 2512.748134
116.040000 2509.261692 2510.761227 2512.084432 2512.092534 2513.438275 2514.939751
116.140000 2511.598841 2512.897571 2514.192480 2514.391420 2515.884578 2517.963415
116.240000 2513.323842 2514.565778 2516.057669 2516.318326 2518.190244 2520.286952
116.340000 2514.875593 2516.209615 2517.825473 2518.099902 2520.201928 2522.138576
116.440000 2516.206848 2517.646096 2519.540620 2519.755373 2522.073017 2523.744727
116.540000 2517.740976 2519.230386 2521.232621 2521.369674 2523.658866 2525.361339
116.640000 2519.238336 2520.917060 2523.028676 2523.010887 2525.104061 2526.945784
116.740000 2520.786635 2522.557145 2524.710590 2524.662515 2526.647218 2528.507009
116.840000 2522.540859 2524.362241 2526.429449 2526.345989 2528.447692 2529.900361
116.940000 2523.988941 2526.033028 2528.153566 2528.063023 2530.039733 2531.612214
117.040000 2525.746407 2527.778003 2529.775560 2529.696397 2531.610000 2533.100291
117.140000 2527.455002 2529.561917 2531.484073 2531.394687 2533.264032 2534.649974
117.240000 2529.235874 2531.445679 2533.210045 2533.125813 2534.871242 2536.308842
117.340000 2531.245307 2533.340778 2535.036969 2534.916265 2536.632628 2537.933516
117.440000 2533.478805 2535.028635 2536.716173 2536.619564 2538.240172 2539.464185
117.540000 2535.043368 2536.689303 2538.275804 2538.174493 2539.652557 2540.803590
117.640000 2536.585421 2538.342364 2539.893449 2539.794587 2541.226935 2542.413823
117.740000 2537.936256 2539.848082 2541.411636 2541.295114 2542.778922 2544.028597
117.840000 2539.610579 2541.333149 2542.905478 2542.809552 2544.280213 2545.777895
117.940000 2541.538065 2543.217548 2544.718966 2544.690211 2546.205830 2547.619562
118.040000 2543.974206 2545.225943 2546.617658 2546.680232 2548.092074 2549.780963
118.140000 2545.730019 2547.075184 2548.508537 2548.569386 2550.084496 2551.692737
118.240000 2547.341799 2548.991908 2550.542833 2550.566350 2552.099620 2553.930787
118.340000 2549.678200 2551.477082 2553.130479 2553.305416 2555.043003 2558.027349
118.440000 2552.063124 2554.005161 2556.026599 2556.472987 2558.918533 2563.085082
118.540000 2554.217881 2556.311773 2559.192949 2559.607500 2563.406054 2566.474471
118.640000 2556.232144 2558.507616 2562.366916 2562.532213 2566.582810 2569.618026
118.700000 2557.367700 2560.229120 2564.119197 2564.152852 2567.994302 2571.002561
118.800000 2559.354712 2562.993687 2567.030766 2566.737568 2570.444445 2573.024225
118.900000 2561.593258 2565.731384 2569.702528 2569.341374 2572.851099 2575.513240
119.000000 2563.941446 2568.204504 2572.084167 2571.654659 2575.084487 2577.607374
119.133333 2566.531812 2570.970979 2574.547993 2574.152625 2577.431083 2579.608320
119.266667 2569.808163 2573.443057 2576.716712 2576.511488 2579.567307 2581.678774
119.400000 2572.990605 2576.033429 2579.033861 2578.884644 2581.733845 2583.675784
119.500000 2574.871062 2577.759209 2580.731575 2580.513884 2583.281290 2585.238577
119.600000 2576.517033 2579.456949 2582.450018 2582.154452 2584.804756 2586.739861
119.700000 2578.566109 2581.283885 2583.986230 2583.823380 2586.364023 2588.226295
119.800000 2580.400803 2583.112116 2585.699419 2585.515265 2587.964262 2589.700453
119.900000 2582.607408 2585.086967 2587.437062 2587.370028 2589.538539 2591.455385
120.000000 2584.997898 2587.304798 2589.395924 2589.328818 2591.267133 2593.577301
120.100000 2588.071994 2590.262560 2592.147887 2592.245450 2594.221459 2597.311324
120.200000 2591.696824 2593.226809 2595.179493 2595.511145 2597.916051 2600.947631
120.300000 2593.959121 2595.504782 2598.070322 2598.285695 2600.831829 2604.032374
120.400000 2595.864712 2598.033543 2600.737629 2600.865641 2603.643352 2606.626856
120.500000 2597.696153 2600.409763 2603.525281 2603.466272 2606.335676 2609.239566
120.600000 2600.119649 2603.095700 2606.210069 2606.081328 2609.022216 2611.666199
120.700000 2602.527875 2605.874488 2609.059894 2608.811295 2611.608309 2613.878222
120.800000 2606.081870 2609.274428 2612.082207 2611.903875 2614.522547 2616.607091
120.900000 2609.653805 2612.719907 2615.356456 2615.082497 2617.448775 2619.301756
121.000000 2614.023478 2616.324589 2618.302536 2618.235819 2620.225266 2621.843393
121.100000 2616.513403 2618.624097 2620.405566 2620.369699 2622.127853 2623.816796
121.200000 2618.789470 2620.490936 2622.093314 2622.095492 2623.736626 2625.416078
121.300000 2620.466587 2622.126802 2623.636053 2623.628968 2625.149217 2626.928016
121.400000 2622.125205 2623.583178 2625.100286 2625.147523 2626.665902 2628.200345
121.500000 2623.496059 2625.074494 2626.535718 2626.575515 2628.059879 2629.838029
121.600000 2624.990106 2626.477826 2627.956890 2628.032719 2629.510124 2631.478691
121.700000 2626.607258 2627.923421 2629.448373 2629.566210 2631.140504 2633.095081
121.800000 2627.981258 2629.447312 2631.114624 2631.242409 2633.028397 2635.439703
121.900000 2629.479860 2630.921692 2632.818486 2633.097489 2635.247309 2638.539595
122.000000 2631.003140 2632.624537 2634.696518 2635.138948 2637.703415 2641.593593
122.100000 2632.670453 2634.550344 2636.834276 2637.427423 2640.718049 2644.431406
122.200000 2634.368404 2636.512869 2639.516869 2639.968344 2643.768516 2647.132171
122.300000 2636.486674 2638.872672 2642.591950 2642.673966 2646.535693 2649.177882
122.400000 2638.739236 2641.880515 2645.530830 2645.364782 2648.806368 2651.003079
122.500000 2641.064400 2644.668400 2648.342659 2647.971408 2651.094768 2652.815006
122.600000 2644.092114 2648.125439 2651.212801 2650.686582 2653.195928 2654.623862
122.700000 2647.626060 2651.945543 2653.960901 2653.621238 2655.529338 2657.123144
122.800000 2651.568518 2654.345220 2655.987243 2655.826757 2657.430797 2659.013282
122.900000 2654.240215 2656.130843 2657.699701 2657.635728 2659.156802 2660.741692
123.000000 2656.194344 2657.618916 2659.191939 2659.237806 2660.931524 2662.480886
123.100000 2657.673692 2659.207686 2660.705666 2660.786959 2662.436162 2664.182598
123.200000 2658.948275 2660.582892 2662.197388 2662.232738 2663.917384 2665.753764
123.300000 2660.151019 2662.036291 2663.584900 2663.677231 2665.409250 2667.187954
123.400000 2661.693920 2663.282400 2665.132248 2665.156884 2666.900042 2668.838647
123.500000 2663.100550 2664.816405 2666.624616 2666.677040 2668.442121 2670.527491
123.600000 2664.559829 2666.394662 2668.202540 2668.293506 2670.241039 2672.096715
123.700000 2666.069444 2668.043646 2670.034693 2670.106921 2672.255928 2674.572231
123.756000 2667.208009 2669.159300 2671.118570 2671.318406 2673.608444 2675.955023
123.878000 2669.286811 2671.378320 2673.694116 2673.996787 2676.630998 2679.777575
124.000000 2671.939488 2673.987795 2676.636834 2676.931019 2679.851949 2683.442252
124.100000 2674.596333 2677.020657 2679.839894 2680.000360 2683.189033 2686.514505
124.200000 2676.897703 2679.410518 2682.525046 2682.676838 2686.056829 2688.752801
124.300000 2678.841786 2681.961652 2685.442653 2685.245956 2688.540539 2691.200994
124.400000 2680.599468 2684.168101 2687.962734 2687.717119 2690.935199 2693.804198
124.500000 2682.512036 2686.812311 2690.380910 2690.155089 2693.210354 2697.169572
124.600000 2684.208103 2689.181115 2692.666930 2692.599478 2695.793255 2700.612428
124.700000 2686.689549 2691.938839 2695.061578 2695.232731 2698.721446 2704.295933
124.800000 2688.798891 2693.906448 2697.267301 2697.638151 2701.559141 2707.582794
