depth(m)	initial_age(kiloyear)
0.21	4.0160954
0.31	8.0321908
0.41	11.885308
0.51	14.774591
0.61	17.344908
0.71	19.915224
0.81	22.484363
0.91	24.894062
1.01	27.303761
1.11	29.657144
1.21	31.799054
1.31	33.940965
1.41	36.082876
1.51	38.224787
1.61	40.366745
1.71	42.508703
1.81	44.650618
1.91	46.792528
2.01	48.934439
2.11	51.07635
2.21	53.218294
2.31	55.360253
2.41	57.502181
2.51	59.644092
2.61	61.926747
2.71	64.336386
2.81	66.746024
2.91	69.155663
3.01	71.565301
3.11	73.97494
3.21	76.534277
3.31	79.104623
3.41	81.674969
3.51	84.245302
3.61	86.815619
3.71	89.385936
3.81	91.956254
3.91	94.526529
4.01	97.096801
4.11	99.667073
4.21	102.52205
4.31	105.73438
4.41	108.94775
4.51	112.16021
4.61	116.13323
4.71	120.14953
4.79	123.36257
4.89	127.37867
4.99	131.39476
5.09	135.28873
5.19	138.21076
5.29	140.78091
5.39	143.35105
5.49	145.9212
5.59	148.49155
5.69	151.06191
5.79	153.63226
5.89	156.20266
6.09	161.34352
6.19	163.91395
6.29	166.48411
6.39	169.05425
6.49	171.6244
6.59	174.11951
6.69	176.52914
6.79	178.93878
6.89	181.16916
6.99	183.3114
7.09	185.45338
7.19	187.59514
7.29	189.73691
7.39	191.87868
7.49	194.02063
7.59	196.16287
7.69	198.30498
7.79	200.44675
7.89	202.58852
7.99	204.73028
8.09	206.87209
8.19	209.01434
8.29	211.15658
8.39	213.29835
8.49	215.44012
8.59	217.81976
8.69	220.2294
8.79	222.63904
8.89	225.04877
8.99	227.45849
9.04	228.66336
9.19	232.27783
9.29	234.68747
9.39	237.09711
9.49	239.50675
9.59	241.91639
9.69	244.32608
9.79	246.73581
9.99	251.55549
10.09	253.96548
10.19	256.37543
10.29	258.78516
10.39	261.19488
10.49	263.60434
10.59	266.0132
10.69	268.42207
10.79	270.83137
10.89	273.24109
10.99	275.65082
11.09	278.17545
11.16	279.9749
11.19	280.7461
11.26	282.54555
11.36	285.11621
11.46	287.6866
11.56	290.25696
11.66	292.82733
11.74	294.88352
11.86	297.96742
11.96	300.53734
12.06	303.10726
12.16	306.27317
12.26	309.48709
12.36	313.36532
12.44	316.57819
12.56	321.39747
12.66	325.41248
12.76	329.42749
12.86	333.25567
12.96	336.46959
13.06	339.59647
13.16	342.1661
13.36	347.30536
13.46	349.77281
13.56	352.18254
13.66	354.59226
13.76	357.00199
13.86	359.41171
14.06	364.23116
14.16	366.64089
14.26	369.05061
14.36	371.46034
14.46	373.87006
14.56	376.27979
14.66	378.68951
14.76	381.09924
14.86	383.61421
14.96	386.18486
15.06	388.75551
15.16	391.42718
15.26	394.63863
15.32	396.8549
15.42	400.87135
15.52	404.8878
15.62	409.05412
15.72	413.33724
15.82	417.49663
15.92	421.51308
16.02	425.52952
16.12	429.01018
16.22	432.22349
16.32	435.43529
16.42	438.6497
16.52	441.86145
16.62	445.07467
16.72	448.28872
16.82	451.49975
16.92	454.71383
17.02	457.92517
17.12	461.13894
17.22	464.35279
17.32	467.56405
17.42	470.77776
17.52	473.99235
17.62	477.02049
17.72	479.59115
17.82	482.1618
17.92	484.73245
18.02	487.3031
18.12	489.87376
18.22	492.44441
18.32	495.20069
18.42	498.41282
18.52	501.62714
18.62	504.83874
18.72	508.05225
18.82	511.26598
18.92	514.47737
19.02	517.69095
19.12	520.90279
19.22	524.11592
19.32	527.33051
19.42	530.54089
19.52	533.75548
19.62	536.96905
19.72	540.18045
19.82	543.39418
19.92	546.60768
20.02	549.81929
20.12	553.0331
20.22	556.2444
20.32	559.45858
20.42	562.67128
20.52	565.88355
20.62	569.09783
20.72	572.30936
20.82	575.52294
20.92	578.7367
21.02	581.94805
21.12	585.16167
21.22	588.37341
21.32	591.58664
21.42	595.22041
21.52	599.2365
21.62	603.25259
21.72	607.26894
21.82	611.28539
21.92	615.30183
21.96	616.90829
22.02	619.31795
22.12	623.33404
22.22	627.24372
22.32	630.45509
22.42	633.6693
22.52	636.88187
22.62	640.09427
22.72	643.30852
22.82	646.51998
22.92	649.73363
23.02	652.94742
23.12	656.75486
23.22	660.76951
23.32	664.78416
23.42	668.80051
23.52	672.81695
23.62	676.83335
23.7	680.04622
23.92	688.88161
24.02	692.8977
24.12	696.91379
24.22	700.48745
24.32	703.70112
24.42	706.91242
24.52	710.09094
24.62	712.66131
24.72	715.23167
24.82	717.80204
24.92	720.7306
25.02	723.94432
25.12	727.15814
25.22	730.36943
25.32	733.58311
25.42	736.79465
25.52	740.00808
25.62	743.22267
25.72	746.43305
25.82	749.64764
25.92	752.86091
26.02	756.07261
26.12	759.28624
26.22	762.49954
26.32	765.71135
26.42	769.06683
26.52	773.08292
26.62	777.09901
26.72	781.11523
26.82	785.13168
27.07	794.30097
27.17	797.51557
27.27	800.72785
27.38	804.262
27.48	807.47427
27.58	810.68697
27.68	814.05211
27.88	822.085
27.98	826.10131
28.08	830.1174
28.18	834.13348
28.28	837.67268
28.38	840.88306
28.48	844.09765
28.57	846.98658
28.67	850.20116
28.77	853.4149
28.88	856.94759
28.98	860.16132
29.08	863.37484
29.18	866.58643
29.28	869.80075
29.38	873.01289
29.48	876.22572
29.58	879.43845
29.68	882.65069
29.78	885.86498
29.88	889.07652
29.98	892.94106
30.07	896.55554
30.17	900.57163
30.27	904.58805
30.38	909.00614
30.48	912.84747
30.58	916.06137
30.68	918.74733
30.78	921.31725
30.88	923.88717
30.98	926.45723
31.16	931.08389
31.18	931.59796
31.24	933.14018
31.34	935.98563
31.44	939.20005
31.54	942.4106
31.64	945.62519
31.74	948.83557
31.86	953.27978
31.96	957.29587
32.04	960.50874
32.14	963.93573
32.24	967.14829
32.34	970.3607
32.44	973.57495
32.54	976.7864
32.66	980.64269
32.74	983.56827
32.84	987.58472
32.94	991.60116
33.04	995.61738
33.14	999.63347
33.24	1003.6496
33.34	1007.6647
33.46	1012.4828
33.54	1015.6949
33.64	1019.712
33.74	1023.7292
33.84	1027.7458
33.94	1031.7608
34.04	1035.7758
34.16	1040.5939
34.24	1043.8059
34.34	1047.8209
34.44	1051.8383
34.54	1055.8568
34.64	1059.8754
34.74	1063.8909
34.82	1067.103
34.92	1071.118
35.02	1075.133
35.12	1079.148
35.22	1083.1633
35.32	1087.1819
35.42	1091.2004
35.62	1099.2331
35.72	1103.2481
35.82	1107.3911
35.92	1111.6761
36.02	1115.9594
36.12	1120.2396
36.32	1128.8089
36.42	1133.0956
36.52	1137.3806
36.72	1145.6583
36.82	1149.6733
36.92	1153.4593
37.02	1156.6679
37.12	1159.8852
37.22	1163.0948
37.32	1166.9407
37.42	1170.9593
37.52	1174.9779
37.62	1178.9929
37.72	1183.0079
37.82	1187.0229
37.92	1191.0379
38.02	1195.053
38.12	1199.0694
38.22	1203.088
38.32	1207.1066
38.42	1211.123
38.52	1215.138
38.62	1219.1531
38.72	1223.1681
38.82	1227.1831
38.92	1231.1925
39.02	1234.41
39.12	1237.6184
39.22	1240.836
39.32	1244.0452
39.42	1247.2605
39.52	1250.4735
39.62	1253.6851
39.72	1256.8994
39.82	1260.1128
39.92	1263.3254
40.02	1266.5374
40.12	1269.7513
40.22	1273.2978
40.32	1277.3164
40.42	1281.335
40.52	1285.3514
40.62	1289.3664
40.72	1293.3814
40.82	1297.3964
40.92	1301.4114
41.02	1305.4033
41.12	1308.6207
41.22	1311.8289
41.32	1315.0468
41.37	1316.6556
41.42	1318.2556
41.47	1319.8619
41.57	1323.0808
41.67	1326.2886
41.77	1329.5053
41.97	1335.9311
42.07	1339.1388
42.17	1342.3561
42.27	1345.5641
42.37	1348.1724
42.47	1350.7439
42.57	1353.3154
42.68	1356.144
42.77	1358.4584
42.87	1361.0299
42.97	1363.6014
43.07	1366.9746
43.17	1370.9932
43.27	1375.0118
43.35	1378.2258
43.47	1383.0438
43.57	1387.0588
43.67	1391.0739
43.77	1395.0889
43.87	1399.1039
