depth(m) lower_95(kyr) lower_68(kyr) median(kyr) mean(kyr) upper_68(kyr) upper_95(kyr)
26.320000 699.082493 700.059785 701.145926 701.118302 702.165332 703.000508
26.370000 700.282669 701.459733 702.842402 702.988601 704.416871 706.696239
26.380000 700.557986 701.809661 703.197157 703.351408 704.905185 707.119003
26.475000 703.130992 704.692178 706.767664 706.817556 708.850004 710.755426
26.570000 706.162447 707.953448 710.376559 710.110534 712.018682 713.162919
26.620000 707.622977 709.849486 711.856699 711.572268 713.184981 714.094910
26.670000 709.022899 711.577960 713.226706 712.954996 714.379728 715.171344
26.680000 709.335073 711.962081 713.494823 713.253487 714.627771 715.375497
26.770000 714.343628 715.154508 716.031012 716.053644 716.937097 717.818800
26.780000 714.731221 715.497993 716.352208 716.388113 717.250615 718.191984
26.820000 715.773565 716.608536 717.470059 717.481331 718.373583 719.336967
26.870000 716.926723 717.861743 718.701223 718.738602 719.626092 720.536519
26.880000 717.198879 718.112169 718.999190 719.009243 719.927052 720.755572
26.920000 718.191608 719.124288 719.978703 719.973302 720.812082 721.627607
26.970000 719.295466 720.266024 721.104754 721.068986 721.862609 722.683342
27.020000 720.512525 721.417129 722.188507 722.203464 723.026093 723.851414
27.070000 721.713586 722.578545 723.388373 723.417684 724.230684 725.415621
27.080000 721.944369 722.842598 723.641089 723.692656 724.534100 725.700807
27.120000 723.024765 723.851688 724.750474 724.842361 725.837105 727.289204
27.170000 724.419668 725.238282 726.364079 726.555609 727.825866 730.173937
27.180000 724.689147 725.551056 726.707702 726.905066 728.221976 730.805563
27.220000 725.705339 726.696874 728.037531 728.314957 729.947504 732.375295
27.270000 727.120843 728.377602 730.064627 730.249391 732.101559 734.381461
27.280000 727.360908 728.733496 730.419104 730.623256 732.541583 734.764437
27.370000 729.951705 731.881493 734.271364 734.205695 736.593161 738.046211
27.380000 730.210344 732.174853 734.654855 734.569941 736.936504 738.402288
27.470000 732.822841 734.827777 737.854562 737.436972 739.696581 740.733719
27.480000 733.161293 735.191067 738.197412 737.771756 740.006683 741.008527
27.520000 734.229766 736.897944 739.668309 739.121744 741.079198 742.052653
27.570000 735.831109 739.139331 741.321370 740.861726 742.464488 743.327529
27.580000 736.149776 739.564593 741.651278 741.223207 742.791334 743.686683
27.620000 738.473266 741.419663 743.118312 742.808046 744.280934 745.474277
27.720000 742.926033 744.319315 745.426211 745.429230 746.610937 747.744116
27.780000 744.618026 745.669311 746.723908 746.774677 747.885377 749.106686
27.820000 745.835831 746.664728 747.629058 747.699098 748.750592 749.948190
27.870000 746.971310 747.854711 748.784930 748.869051 749.964335 751.092319
27.880000 747.183831 748.111462 749.049586 749.132446 750.214159 751.398808
27.920000 748.166509 749.021884 750.022732 750.067527 751.081650 752.284356
27.970000 749.249418 750.189296 751.180406 751.226448 752.330255 753.398960
27.980000 749.565017 750.409620 751.457908 751.497585 752.620808 753.682031
28.070000 751.555027 752.677052 753.699066 753.727553 754.815122 755.908824
28.080000 751.895895 752.959214 754.036775 754.056875 755.137762 756.271945
28.120000 753.230810 754.402904 755.681483 755.743746 757.081140 758.720503
28.170000 754.614199 755.855287 757.377408 757.491445 759.167428 760.857191
28.270000 756.980587 758.096628 760.282150 760.316634 762.451034 764.090201
28.280000 757.213802 758.354716 760.574052 760.611628 762.803280 764.481875
28.320000 758.038012 759.360663 761.655866 761.650859 763.902488 765.450408
28.370000 759.139274 760.624596 763.196697 762.990361 765.215003 766.654895
28.380000 759.429345 760.886888 763.467672 763.271990 765.490631 766.944025
28.420000 760.512033 762.038021 764.587957 764.322366 766.405152 767.713660
28.480000 761.956663 763.653892 766.030590 765.770117 767.683132 768.978717
28.520000 762.843474 764.808529 766.937267 766.765577 768.578922 769.924292
28.580000 764.720835 766.656110 768.414493 768.329748 769.926848 771.454255
28.670000 767.705629 769.667095 771.163004 771.342253 773.014365 776.081680
28.680000 768.016462 770.041300 771.559033 771.753955 773.488637 776.489927
28.780000 773.616466 776.577693 780.347111 780.167539 783.843657 785.773713
28.870000 779.991910 783.864203 786.789365 786.111787 788.066079 789.102156
28.880000 780.653116 784.462301 787.266540 786.614992 788.538938 789.470417
28.920000 784.575018 788.817059 790.568242 790.329813 792.283487 793.636127
28.995000 788.727986 791.452419 792.870092 792.686627 794.088096 795.222912
29.070000 792.979549 793.832213 794.687251 794.781483 795.791694 796.767851
29.080000 793.265122 794.074232 794.955046 795.036395 796.047050 797.064784
29.170000 795.018349 795.838470 796.838701 796.825128 797.776132 798.615303
29.180000 795.265945 796.133162 797.082461 797.074859 798.022241 798.828060
29.220000 796.115714 796.978981 797.955860 797.949886 798.910150 799.868859
29.320000 798.104622 799.004885 799.949037 799.974702 800.894452 802.000043
29.370000 799.287479 800.093716 801.077354 801.104434 802.054106 803.250469
29.380000 799.524935 800.389110 801.307059 801.358426 802.304525 803.457119
29.420000 800.490853 801.300379 802.251666 802.289224 803.249589 804.411930
29.470000 801.508640 802.400931 803.413910 803.431201 804.421528 805.599038
29.480000 801.803895 802.688941 803.700962 803.723585 804.694742 805.931490
29.520000 802.914057 803.947480 804.990516 805.039613 806.082477 807.439092
29.580000 804.557706 805.715632 806.914538 807.081372 808.455530 810.491280
29.680000 806.883543 808.339337 810.093449 810.372024 812.412254 815.402378
29.820000 812.297796 814.508868 817.128392 817.302936 820.221718 822.958329
29.870000 814.075684 816.705522 819.698138 819.635416 822.599902 825.071138
29.880000 814.487001 817.131048 820.102933 820.064169 822.959119 825.409100
29.970000 817.457610 820.928768 823.981000 823.696849 826.215268 829.368599
30.070000 822.151566 824.961817 827.181210 827.305055 829.758122 833.226875
30.080000 822.377015 825.305054 827.539756 827.674407 830.160593 833.572644
30.170000 825.173001 827.768453 830.420282 830.716767 834.302508 836.311826
30.180000 825.409007 828.042267 830.830245 831.074854 834.691410 836.635071
30.220000 826.529861 829.253457 832.569618 832.481255 835.951686 837.639750
30.270000 828.287462 830.821124 834.892791 834.324147 837.358153 839.044130
30.280000 828.563669 831.178034 835.326864 834.687606 837.655875 839.290138
30.370000 831.097500 835.583649 838.091726 837.699058 839.969470 841.471540
30.380000 831.270582 836.061383 838.440681 838.070966 840.277753 841.788672
30.480000 837.891259 840.327565 841.882342 841.703966 843.113232 844.365538
30.520000 840.093262 842.061559 843.382555 843.280273 844.627102 845.889561
30.570000 842.501387 843.812172 845.149579 845.176736 846.491868 847.937664
30.580000 842.967428 844.213855 845.513694 845.553085 846.865042 848.398468
30.670000 845.593532 846.967796 848.429224 848.440353 849.718359 851.466359
30.680000 845.989056 847.347224 848.793459 848.816379 850.148151 851.781150
30.780000 849.507657 850.983109 852.370633 852.481227 853.991136 855.846258
30.820000 851.040368 852.502996 854.044836 854.157625 855.859835 857.836843
30.880000 853.257142 854.978107 856.978891 856.999238 858.931665 861.062294
30.970000 856.616337 858.431030 860.647001 860.599455 862.819247 864.432968
30.980000 857.030033 858.797165 861.081810 861.054257 863.271131 864.943490
31.020000 858.848126 861.115709 863.390590 863.221199 865.204216 866.848822
31.070000 864.421764 865.835810 867.208593 867.221365 868.621623 869.994139
31.080000 864.919634 866.495835 867.867844 867.844415 869.209756 870.608974
31.120000 867.625543 868.685965 869.991154 869.978842 871.167654 872.396465
31.170000 869.593466 870.651239 871.748656 871.799382 872.980309 874.223198
31.180000 869.924348 870.965809 872.060080 872.116146 873.300212 874.750712
31.280000 872.312043 873.236099 874.402149 874.473213 875.647207 877.106864
31.320000 873.104289 874.164761 875.372626 875.450581 876.678355 878.194799
31.380000 874.494520 875.570500 876.813369 876.933033 878.249249 880.195991
31.420000 875.431271 876.570430 877.849782 878.022849 879.427837 881.691392
31.480000 876.897745 878.096355 879.440241 879.677072 881.300468 883.758490
31.580000 879.200881 880.573050 882.154532 882.387379 884.301365 886.692186
31.725000 882.348794 884.283509 886.416379 886.621868 888.986044 891.669595
31.870000 886.209047 888.858928 891.094367 891.053813 893.359628 895.266400
31.880000 886.603797 889.261848 891.493223 891.483864 893.739420 895.871961
31.920000 888.806143 891.297782 893.540568 893.473066 895.621961 897.888560
31.970000 892.374865 894.371044 896.388499 896.521713 898.461118 902.042185
31.980000 892.858680 894.804688 896.845405 896.998624 898.903934 902.441330
32.020000 895.164683 897.077110 899.180900 899.357424 901.593823 905.078190
32.070000 897.458321 899.330808 901.746265 901.868761 904.467125 907.040417
32.120000 899.542534 901.866511 904.562833 904.464949 907.059398 908.983925
32.170000 901.808842 904.279105 907.047203 906.834705 909.229410 910.910341
32.180000 902.188212 904.728825 907.499150 907.259697 909.608660 911.296683
32.200000 902.789570 905.654216 908.450713 908.117950 910.445609 911.930920
32.220000 903.847200 906.564658 909.339458 908.982739 911.203355 912.602730
32.300000 908.249247 910.698336 912.576336 912.341200 914.013535 915.045359
32.320000 909.224358 911.613233 913.537689 913.283736 914.931357 915.862906
32.350000 910.847345 913.434948 915.264023 915.008453 916.537419 917.811425
32.400000 914.818828 916.383827 917.604416 917.689984 919.068321 921.381486
32.420000 916.089599 917.342097 918.693019 918.719158 920.035176 922.017073
32.550000 920.645624 922.052351 923.284566 923.310208 924.571047 926.124542
32.600000 922.348134 923.674091 924.803993 924.910940 926.301190 927.831447
32.650000 923.857277 925.071787 926.299581 926.432300 927.842812 929.658963
32.700000 925.297981 926.341189 927.834358 927.865321 929.307012 930.985053
32.750000 926.612248 927.697871 929.186444 929.176354 930.645831 932.025301
32.850000 928.982502 930.333714 931.663921 931.674846 933.027656 934.399425
32.950000 931.440845 932.843023 934.152670 934.198540 935.594667 936.967579
33.000000 932.645498 934.105365 935.455877 935.498122 936.921815 938.162390
33.050000 934.047632 935.423243 936.819170 936.799668 938.172148 939.447246
33.100000 935.546055 936.825163 938.270882 938.218672 939.539140 940.896720
33.150000 937.291429 938.482173 939.872904 939.884956 941.185243 943.002409
33.200000 939.111690 940.584815 942.060568 942.259994 943.958203 946.545536
33.300000 942.576287 944.476895 947.090996 947.222044 949.942235 951.882087
33.350000 944.048829 946.815305 949.971835 949.561267 952.163057 953.534136
33.400000 946.495331 949.092539 952.016851 951.554996 953.709316 954.950265
33.450000 949.277531 951.650843 953.776538 953.458925 955.134044 956.107000
33.500000 951.855275 953.766176 955.235799 955.042287 956.343038 957.358751
33.550000 953.702186 955.362498 956.491104 956.417881 957.500271 958.534998
33.600000 955.492132 956.753379 957.660115 957.635021 958.540429 959.588219
33.650000 957.022745 958.036046 958.870063 958.895523 959.755907 960.711617
33.700000 958.351484 959.138701 959.938016 959.969172 960.797561 961.727203
33.750000 959.746298 960.355691 961.061613 961.146234 961.950323 962.988535
33.800000 960.818778 961.479866 962.199781 962.334562 963.186704 964.452466
33.850000 962.029594 962.625692 963.446146 963.604890 964.561872 966.054621
33.900000 963.015888 963.750639 964.745651 964.890110 965.960628 967.534100
33.950000 964.166238 965.005298 966.107530 966.172420 967.304758 968.644474
34.050000 966.550939 967.595308 968.565750 968.610789 969.632107 970.843751
34.100000 968.039101 969.035096 969.978665 970.024875 970.978303 972.427167
34.150000 969.497456 970.486187 971.515179 971.659405 972.822262 974.499651
34.200000 971.211575 972.198466 973.569348 973.710132 975.290349 976.953818
34.250000 972.521451 973.835489 975.460214 975.480311 977.150128 978.425401
34.300000 973.903756 975.404153 977.037966 976.998651 978.584789 979.608819
34.350000 975.723087 977.180763 978.648870 978.546154 979.861240 980.782150
34.400000 977.375206 978.825829 980.161669 980.067826 981.255712 982.312796
34.500000 980.549169 981.963165 983.175800 983.143026 984.239258 985.558823
34.600000 983.365355 984.446218 985.644381 985.708765 987.013377 988.324500
34.650000 984.417517 985.728744 986.946069 987.013821 988.371803 989.643813
34.700000 985.633765 987.040298 988.292029 988.344341 989.727671 990.862477
34.750000 987.064477 988.413642 989.697669 989.727525 991.036292 992.507914
34.800000 988.579137 989.822931 991.169266 991.221459 992.651858 994.177659
34.850000 990.372379 991.632107 993.062880 993.141210 994.708751 996.297409
34.900000 992.368791 993.874335 995.412962 995.413602 996.911448 998.500650
34.950000 994.720393 996.019041 997.527279 997.467067 998.901174 999.897346
35.000000 997.010405 998.168429 999.384572 999.332147 1000.537406 1001.333389
35.050000 998.680211 1000.155362 1001.383020 1001.268313 1002.280181 1003.137495
35.100000 1000.945139 1002.228148 1003.289436 1003.264660 1004.302177 1005.786064
35.150000 1002.601156 1003.589329 1004.666954 1004.818477 1006.124872 1007.715604
35.200000 1003.958768 1004.863087 1006.091490 1006.222748 1007.651641 1009.287876
35.250000 1005.055938 1006.164884 1007.600789 1007.677732 1009.218121 1010.991490
35.300000 1006.281690 1007.448622 1009.057085 1009.103339 1010.713879 1012.537689
35.350000 1007.561296 1008.970965 1010.513917 1010.705996 1012.466692 1014.849276
35.400000 1008.979824 1010.628916 1012.229274 1012.477356 1014.284274 1017.523321
35.450000 1010.827032 1012.480205 1014.330808 1014.726969 1017.257496 1020.021267
35.500000 1012.800506 1014.901895 1016.924383 1017.289633 1020.179523 1022.496908
35.550000 1014.724169 1017.113927 1019.634410 1019.622944 1022.163291 1024.320303
35.600000 1016.526005 1019.647435 1022.297290 1022.039793 1024.244989 1026.112864
35.650000 1018.443143 1021.889561 1024.230852 1023.930173 1026.034269 1027.504145
35.700000 1020.917103 1023.651569 1025.980013 1025.686587 1027.797968 1028.831852
35.750000 1022.801199 1025.473734 1027.640837 1027.390797 1029.242721 1030.242128
35.800000 1025.696124 1027.753649 1029.484125 1029.259898 1030.722344 1031.567061
35.850000 1028.108555 1030.019837 1031.351341 1031.208076 1032.383900 1033.394343
35.900000 1031.189779 1032.350270 1033.442371 1033.635565 1034.878275 1037.317274
35.950000 1032.818250 1033.824961 1035.340837 1035.697586 1037.544927 1040.920463
36.020000 1034.419768 1035.756145 1038.212015 1038.518408 1041.477355 1044.484103
36.050000 1035.035098 1036.635821 1039.522864 1039.705561 1042.793851 1045.796040
36.100000 1036.270218 1038.742045 1041.833448 1041.780972 1044.956076 1047.018807
36.120000 1036.984827 1039.586493 1042.747823 1042.585110 1045.678940 1047.567605
36.200000 1039.974472 1043.421655 1046.219852 1045.786587 1048.143055 1049.462652
36.220000 1040.887145 1044.241910 1046.874638 1046.499525 1048.794362 1050.092326
36.250000 1042.202053 1045.342591 1047.847308 1047.531239 1049.686868 1050.944830
36.290000 1044.028017 1046.558831 1049.021196 1048.724659 1050.820368 1051.861435
36.300000 1044.294187 1046.923878 1049.336941 1049.053584 1051.102816 1052.228138
36.320000 1045.108374 1047.650085 1049.972741 1049.685956 1051.697453 1052.832326
36.350000 1046.403351 1048.840305 1050.823991 1050.647026 1052.515502 1053.565580
36.390000 1048.064391 1050.141841 1052.107260 1051.917215 1053.621802 1054.664426
36.420000 1049.697701 1051.441939 1053.242391 1053.067552 1054.588080 1055.728708
36.500000 1053.330299 1054.692331 1056.151742 1056.088061 1057.376574 1058.884134
36.520000 1054.025013 1055.455614 1056.879321 1056.810323 1058.109837 1059.609276
36.540000 1054.767074 1056.206233 1057.671964 1057.577901 1058.808113 1060.227932
36.550000 1055.269156 1056.589140 1057.990833 1057.963152 1059.205050 1060.647647
36.560000 1055.595896 1056.991043 1058.378036 1058.332425 1059.582786 1060.979609
36.600000 1056.827168 1058.266187 1059.648628 1059.678559 1061.011310 1062.730532
36.610000 1057.135229 1058.699510 1059.981750 1060.059199 1061.446361 1063.116532
36.640000 1057.983299 1059.635219 1061.030569 1061.095084 1062.676531 1064.036531
36.650000 1058.345711 1059.948783 1061.405086 1061.452373 1063.078804 1064.461351
36.660000 1058.669704 1060.309442 1061.758456 1061.786333 1063.387846 1064.766165
36.710000 1060.204727 1061.753660 1063.262230 1063.316915 1064.933351 1066.157712
36.740000 1061.068177 1062.628986 1064.248524 1064.233545 1065.862424 1067.220701
36.760000 1061.644144 1063.218113 1064.891191 1064.841915 1066.433384 1067.920944
36.840000 1063.532539 1065.430985 1067.246480 1067.071863 1068.608920 1070.059215
36.860000 1064.042926 1065.907124 1067.861262 1067.656340 1069.237439 1070.626574
36.910000 1065.350646 1067.341721 1069.152252 1069.033180 1070.601203 1072.372834
36.940000 1066.210113 1068.242672 1070.025786 1069.972630 1071.551072 1073.777327
37.010000 1068.301368 1070.386047 1072.052103 1072.083481 1073.727836 1076.404777
37.040000 1069.409136 1071.313463 1073.046512 1073.160594 1074.862863 1077.912614
37.060000 1070.125658 1072.082835 1073.848045 1074.026069 1076.001986 1078.885029
37.140000 1073.313101 1075.192623 1077.856641 1078.234146 1081.421963 1085.638298
37.210000 1075.820385 1078.583271 1082.191943 1082.504583 1086.765915 1090.352334
37.240000 1077.568581 1080.403655 1084.250863 1084.425384 1088.753493 1091.625756
37.310000 1082.200151 1085.866277 1089.600402 1089.219812 1092.220467 1094.545866
37.340000 1083.970349 1087.796368 1091.067168 1090.761729 1093.531487 1095.664652
37.360000 1084.902673 1088.805904 1091.849621 1091.591499 1094.358829 1096.342451
37.410000 1088.002676 1091.258223 1093.979661 1093.697702 1096.130007 1097.874609
37.440000 1089.312528 1092.552984 1095.132273 1094.954573 1097.407875 1099.080010
37.460000 1090.344085 1093.415511 1095.982369 1095.805080 1098.123843 1099.915927
37.540000 1095.179741 1097.502859 1099.596749 1099.478403 1101.437869 1103.354303
37.560000 1096.162715 1098.470022 1100.549383 1100.431828 1102.353679 1104.202125
37.610000 1098.908238 1100.901063 1102.700458 1102.725512 1104.640495 1106.464412
37.640000 1100.218489 1102.079825 1103.981014 1103.984983 1105.930868 1107.658416
37.740000 1103.913129 1105.823203 1107.689717 1107.666143 1109.479258 1111.256573
37.840000 1107.577872 1109.683468 1111.618058 1111.535958 1113.374960 1115.077537
37.860000 1108.505926 1110.841135 1112.638813 1112.537836 1114.319075 1115.862157
37.940000 1112.126209 1113.646313 1115.236874 1115.181532 1116.766726 1117.888738
38.010000 1114.366142 1115.771296 1117.315850 1117.229681 1118.676058 1119.799055
38.040000 1115.246150 1116.713443 1118.262278 1118.164310 1119.568128 1120.620813
38.140000 1118.563822 1119.762527 1120.921480 1120.971952 1122.267303 1123.473888
38.210000 1120.600120 1121.682744 1123.008785 1122.977344 1124.196550 1125.463286
38.240000 1121.388342 1122.544502 1123.856708 1123.851195 1125.106154 1126.383382
38.260000 1122.099807 1123.229581 1124.478939 1124.481772 1125.705000 1126.966192
38.310000 1123.691991 1124.827747 1126.052793 1126.065566 1127.352907 1128.521047
38.340000 1124.637157 1125.753681 1127.158341 1127.114120 1128.412534 1129.715423
38.360000 1125.216550 1126.485995 1127.813751 1127.829962 1129.184939 1130.518766
38.440000 1127.198128 1128.689639 1130.276293 1130.218840 1131.737810 1133.430187
38.460000 1127.756079 1129.202040 1130.911705 1130.849567 1132.468480 1134.130683
38.510000 1128.957096 1130.567968 1132.314788 1132.267781 1133.949162 1135.541576
38.540000 1129.946616 1131.500265 1133.176425 1133.135755 1134.748412 1136.290300
38.640000 1132.873541 1134.307056 1135.703776 1135.729145 1137.170211 1138.707871
38.710000 1135.196363 1136.285759 1137.740640 1137.798374 1139.244792 1140.903342
38.740000 1136.079493 1137.145073 1138.626799 1138.707844 1140.255241 1141.742301
38.810000 1137.674721 1138.925356 1140.572284 1140.557014 1142.059887 1143.434927
38.840000 1138.516109 1139.751270 1141.504693 1141.420841 1142.926166 1144.240325
38.860000 1139.121760 1140.351113 1142.096498 1142.008736 1143.537282 1144.925858
38.910000 1140.273788 1141.638650 1143.448528 1143.316139 1144.892197 1146.397442
38.940000 1141.081688 1142.456213 1144.266236 1144.135794 1145.684217 1147.191605
39.010000 1142.728655 1144.226548 1146.039464 1145.940158 1147.511185 1148.992708
39.040000 1143.604753 1145.027298 1146.817743 1146.776004 1148.414545 1149.752888
39.160000 1146.695931 1148.157025 1149.883456 1150.070720 1151.840522 1155.135897
39.240000 1148.645247 1150.301170 1152.022707 1152.484618 1154.716536 1159.280138
39.260000 1149.332926 1150.946805 1152.758807 1153.219695 1155.579186 1159.878930
39.360000 1152.121460 1153.861077 1156.308728 1156.817344 1159.646940 1164.471773
39.410000 1153.542970 1155.292658 1158.368092 1158.662049 1161.677262 1166.535387
39.440000 1154.296663 1156.274718 1159.467645 1159.745420 1162.969833 1168.143745
39.510000 1156.311061 1158.307648 1161.866929 1162.211494 1165.693047 1171.029615
39.540000 1157.154006 1159.280442 1162.885215 1163.255588 1167.095281 1172.336797
39.610000 1158.830865 1161.804340 1165.401323 1165.800025 1170.108768 1174.447956
39.640000 1159.674085 1162.841906 1166.580459 1166.964534 1171.465598 1175.418240
39.740000 1162.371703 1166.428561 1170.583771 1170.620517 1175.146121 1177.915241
39.840000 1165.805493 1169.989506 1174.778780 1174.184017 1178.194484 1180.301285
39.940000 1169.969692 1174.088124 1178.608564 1177.803390 1181.011766 1182.483053
40.040000 1173.473760 1178.796522 1181.720704 1181.162956 1183.440757 1184.637632
40.060000 1174.678392 1179.709339 1182.426693 1181.877352 1184.017127 1185.212985
40.135000 1179.640537 1183.137031 1184.646631 1184.344381 1185.825493 1186.898639
40.210000 1185.083728 1185.932668 1186.879343 1186.883286 1187.788018 1188.769620
