depth(m) lower_95(kyr) lower_68(kyr) median(kyr) mean(kyr) upper_68(kyr) upper_95(kyr)
68.420000 1398.186846 1399.075063 1400.102363 1400.044716 1400.960682 1401.871517
68.520000 1399.953414 1401.080622 1402.222312 1402.265101 1403.376833 1404.917189
68.620000 1402.028995 1403.206125 1404.607745 1404.862749 1406.443206 1409.000289
68.720000 1403.774880 1405.062084 1406.800909 1407.132181 1409.392062 1412.067555
68.820000 1405.471274 1406.941015 1409.125340 1409.373510 1411.944997 1414.271530
68.920000 1407.271129 1408.892219 1411.362879 1411.489241 1414.212583 1416.218439
69.020000 1408.869758 1411.097866 1413.832960 1413.739823 1416.354427 1418.488392
69.120000 1410.662207 1413.286106 1416.053936 1415.904967 1418.405751 1420.304725
69.220000 1413.029256 1415.607808 1418.198443 1417.994888 1420.325310 1422.010257
69.320000 1415.605229 1417.948858 1420.332937 1420.139501 1422.338251 1423.692719
69.420000 1418.055796 1420.538323 1422.541412 1422.425025 1424.374409 1425.753165
69.520000 1420.950759 1423.009047 1424.912376 1424.874843 1426.691062 1428.716641
69.620000 1423.411350 1425.200435 1427.191532 1427.313322 1429.472868 1432.521817
69.720000 1425.256354 1426.937360 1429.233317 1429.517135 1432.020390 1435.524431
69.820000 1426.953213 1428.797417 1431.342768 1431.805049 1434.853183 1439.281932
69.920000 1428.979001 1430.876303 1433.612591 1434.217488 1437.733358 1441.955300
70.020000 1430.638945 1432.952873 1436.140338 1436.590899 1440.484123 1444.181759
70.120000 1432.597807 1435.413734 1438.742051 1439.053576 1443.074830 1446.391412
70.220000 1434.968158 1437.927525 1441.597396 1441.619651 1445.407898 1448.377087
70.320000 1437.392695 1440.688239 1444.684068 1444.285476 1447.682698 1449.892778
70.420000 1440.196203 1443.834658 1447.722543 1447.153107 1450.094379 1451.828671
70.520000 1444.240504 1447.825674 1450.813962 1450.410377 1452.720157 1454.469405
70.620000 1447.651752 1451.192247 1453.441351 1453.215330 1455.257189 1457.189056
70.720000 1452.435633 1454.175813 1455.810800 1455.780331 1457.331775 1459.028710
70.820000 1454.584744 1456.068207 1457.656093 1457.650039 1459.263191 1460.998633
70.920000 1456.221280 1457.791068 1459.302802 1459.335628 1460.937565 1462.648275
71.020000 1457.775930 1459.336598 1460.960953 1460.953942 1462.581423 1464.180928
71.120000 1459.258280 1460.992726 1462.596882 1462.631741 1464.366675 1465.884185
71.220000 1461.214305 1462.698507 1464.352054 1464.380716 1466.020693 1467.837858
71.320000 1463.196945 1464.640574 1466.315836 1466.377479 1467.999248 1470.286822
71.420000 1464.834490 1466.413656 1468.278564 1468.355818 1470.130346 1472.844551
71.520000 1466.475679 1468.151103 1470.249887 1470.480675 1472.734912 1475.995772
71.620000 1468.238416 1470.133846 1472.422124 1472.948775 1475.854363 1480.035740
71.720000 1470.063419 1471.841886 1474.758184 1475.343357 1478.957075 1483.445161
71.820000 1471.566285 1473.780057 1477.388557 1477.892365 1482.207764 1485.953894
71.920000 1473.282546 1476.352692 1480.338558 1480.610419 1485.344658 1488.361289
72.020000 1475.213234 1478.816849 1483.797226 1483.523306 1488.157496 1490.359323
72.120000 1477.499284 1482.151921 1486.723268 1486.223797 1490.239150 1492.068061
72.220000 1481.000925 1485.571457 1489.576122 1488.923820 1491.985669 1493.660301
72.320000 1485.420486 1490.136929 1492.830332 1492.354690 1494.652526 1496.188071
72.420000 1492.354957 1494.058512 1495.546125 1495.517512 1496.973841 1498.477836
72.520000 1494.925560 1496.149575 1497.418397 1497.446887 1498.694901 1500.027789
72.620000 1496.549386 1497.706039 1498.976863 1498.989052 1500.244947 1501.658126
72.720000 1497.956596 1499.137630 1500.343130 1500.409814 1501.692990 1502.992133
72.820000 1499.356770 1500.521283 1501.817173 1501.850770 1503.113157 1504.598661
72.920000 1500.696648 1502.045356 1503.295938 1503.351758 1504.695365 1506.213192
73.020000 1502.322718 1503.646933 1505.007345 1505.112298 1506.519251 1508.608470
73.120000 1504.112626 1505.404826 1507.129274 1507.281939 1509.063215 1512.021730
73.220000 1506.106023 1507.750209 1509.833898 1510.285917 1512.759670 1517.114702
73.320000 1508.050276 1510.293906 1512.988759 1513.621606 1517.203449 1521.812685
73.420000 1510.864162 1513.316848 1517.198722 1517.467017 1521.773017 1525.456792
73.520000 1514.535121 1517.728056 1521.984211 1521.661029 1525.421899 1527.721094
73.620000 1518.274807 1523.176005 1526.535823 1525.918961 1528.722016 1530.029729
73.720000 1523.914600 1527.049542 1529.221672 1528.882872 1530.750684 1531.996508
73.820000 1528.408304 1530.138275 1531.516373 1531.433383 1532.753994 1533.946221
73.920000 1530.644845 1531.913918 1533.098867 1533.092657 1534.300230 1535.352561
74.020000 1532.205100 1533.405703 1534.490953 1534.523169 1535.686725 1536.857685
74.120000 1533.584050 1534.717043 1535.834784 1535.846915 1537.029361 1538.108497
74.220000 1534.874364 1536.072606 1537.132209 1537.167634 1538.345999 1539.392647
74.320000 1536.181286 1537.432953 1538.468948 1538.523193 1539.595698 1540.875572
74.420000 1537.673802 1538.795431 1539.865652 1539.914796 1541.064135 1542.385048
74.520000 1539.098471 1540.124750 1541.294941 1541.359566 1542.635464 1543.969094
74.620000 1540.434339 1541.504624 1542.772183 1542.867447 1544.191053 1545.837804
74.720000 1541.728171 1542.945512 1544.266132 1544.427591 1545.948043 1547.959421
74.820000 1543.098541 1544.359167 1545.823942 1546.011915 1547.670867 1550.348950
74.920000 1544.506811 1545.785893 1547.367720 1547.649398 1549.457577 1552.646681
75.020000 1545.872040 1547.178445 1548.917224 1549.337098 1551.455065 1555.322143
75.120000 1547.097814 1548.723709 1550.732085 1551.135732 1553.572643 1557.639616
75.220000 1548.519957 1550.431817 1552.945504 1553.316932 1556.356870 1560.253850
75.320000 1550.342990 1552.496615 1555.603988 1555.965343 1559.607385 1562.816884
75.420000 1552.616209 1555.002032 1558.751855 1558.847968 1562.809152 1565.457022
75.520000 1554.833792 1557.682253 1562.052844 1561.731770 1565.578509 1567.647633
75.620000 1556.636151 1560.276358 1565.117402 1564.440539 1567.915587 1569.536514
75.720000 1559.874749 1564.289192 1567.765080 1567.098011 1569.750185 1571.367150
75.820000 1563.932538 1567.875452 1570.174068 1569.799305 1571.666798 1573.205715
75.920000 1569.361246 1571.219252 1572.519207 1572.464827 1573.778730 1575.242153
76.020000 1571.327402 1572.983529 1574.251977 1574.244545 1575.501204 1576.756485
76.120000 1573.180183 1574.532520 1575.841565 1575.835402 1577.124206 1578.726681
76.240000 1574.901322 1576.339818 1577.659864 1577.661286 1579.068172 1580.681358
76.340000 1576.383713 1577.788619 1579.146273 1579.227870 1580.740276 1582.389408
76.440000 1577.855080 1579.355872 1580.816906 1580.919215 1582.584411 1584.335538
76.540000 1579.488105 1580.889770 1582.583483 1582.691835 1584.541286 1586.632851
76.640000 1581.010316 1582.457446 1584.457076 1584.550484 1586.580238 1588.889373
76.740000 1582.495252 1584.005120 1586.159979 1586.292613 1588.529030 1590.824535
76.840000 1583.984617 1585.847613 1587.999705 1588.112035 1590.371598 1592.719804
76.940000 1585.570701 1587.657612 1589.967798 1590.123005 1592.666353 1595.182330
77.040000 1587.595583 1589.739662 1592.339198 1592.337305 1594.834944 1597.257677
77.140000 1589.533573 1592.420486 1594.924586 1594.893106 1597.297537 1600.435905
77.240000 1592.094604 1594.895053 1597.297932 1597.399403 1599.931618 1603.185614
77.340000 1594.338968 1596.996494 1599.668380 1599.722308 1602.389059 1605.414991
77.440000 1596.339482 1599.107530 1601.855307 1601.940050 1604.723761 1608.297083
77.540000 1598.117330 1600.918949 1604.220908 1604.393751 1607.715346 1612.215679
77.640000 1600.025687 1603.097542 1606.334780 1606.681316 1610.253815 1615.319608
77.740000 1602.390074 1605.718152 1608.916321 1609.364121 1613.070943 1618.291595
77.840000 1605.104681 1608.280955 1611.653947 1612.054532 1615.849984 1620.861392
77.940000 1607.302038 1610.376295 1614.312301 1614.611028 1618.788243 1624.449535
78.040000 1609.073043 1612.670920 1617.004764 1617.134891 1621.661112 1626.607175
78.140000 1611.020214 1615.073642 1619.380883 1619.720611 1624.615540 1629.476936
78.240000 1612.996835 1617.474048 1622.034013 1622.235043 1627.227234 1632.071001
78.340000 1615.150285 1619.793292 1624.533396 1624.739070 1629.904320 1633.924373
78.440000 1617.878827 1622.341538 1627.210264 1627.202548 1632.296248 1636.092536
78.540000 1620.417284 1624.927597 1629.998109 1629.776151 1634.744428 1638.210564
78.640000 1623.047165 1627.365124 1632.611173 1632.304418 1637.047166 1640.173829
78.740000 1625.499180 1630.304227 1635.378505 1634.928397 1639.269827 1642.435711
78.840000 1629.377552 1633.646112 1638.163347 1637.724318 1641.609781 1644.552364
78.940000 1633.311972 1637.353681 1640.853897 1640.716633 1644.056535 1646.619268
79.040000 1638.601304 1641.621488 1644.510725 1644.411706 1647.254822 1649.603784
79.140000 1641.760477 1644.232367 1646.889364 1646.831032 1649.425164 1651.668481
79.240000 1643.917726 1646.246935 1648.818402 1648.802704 1651.249574 1653.722954
79.340000 1645.486516 1648.005531 1650.660939 1650.601592 1653.096421 1655.766934
79.480000 1647.502361 1650.227551 1652.928817 1652.851275 1655.416055 1657.823285
79.580000 1649.212698 1651.773212 1654.560874 1654.453243 1657.003295 1659.214994
79.680000 1650.796881 1653.455713 1656.057621 1656.020335 1658.461535 1660.997392
79.780000 1652.268340 1655.065866 1657.664932 1657.557121 1659.893481 1662.215267
79.880000 1653.859855 1656.680905 1659.207435 1659.130653 1661.483615 1663.968525
79.980000 1655.482542 1658.227947 1660.763326 1660.662620 1662.943357 1665.381949
80.080000 1657.089005 1659.975097 1662.359105 1662.295718 1664.605195 1666.936259
80.180000 1659.064470 1661.702159 1664.114890 1664.070236 1666.332119 1668.711055
80.280000 1661.380252 1663.925912 1666.205532 1666.168621 1668.450258 1670.875544
80.380000 1664.133461 1666.279135 1668.643137 1668.765630 1671.212426 1674.460422
80.480000 1666.978055 1669.250929 1671.791936 1672.042500 1674.974005 1678.215239
80.580000 1669.607320 1671.966976 1674.769369 1675.028482 1678.110401 1681.679929
80.680000 1671.516683 1674.354695 1677.380281 1677.557552 1680.968491 1684.086106
80.780000 1673.228343 1676.288509 1679.829369 1679.802228 1683.471345 1686.242572
80.880000 1675.189766 1678.418057 1682.073447 1682.025025 1685.676947 1688.549650
80.980000 1677.282002 1680.690618 1684.380781 1684.265684 1687.748666 1690.125881
81.080000 1679.081618 1682.942229 1686.800675 1686.455740 1689.859449 1692.096216
81.180000 1681.093265 1685.390074 1689.017485 1688.622201 1691.787489 1694.022535
81.280000 1683.598742 1687.643342 1691.002394 1690.709195 1693.753829 1695.988976
81.380000 1686.579910 1690.015494 1692.993635 1692.732776 1695.423243 1697.681702
81.480000 1689.053283 1692.203335 1695.170907 1694.837830 1697.272035 1699.331725
81.580000 1691.845735 1694.826395 1697.331611 1697.187911 1699.528722 1701.695437
81.680000 1695.237870 1697.728950 1699.847157 1699.820700 1701.831653 1704.113293
81.780000 1697.499951 1699.743970 1701.905807 1701.902773 1703.969695 1706.177360
81.880000 1699.498770 1701.535490 1703.797296 1703.849207 1706.060428 1708.579943
81.980000 1701.452554 1703.537296 1705.735634 1705.815587 1708.138760 1710.601123
82.080000 1703.381208 1705.523625 1707.755168 1707.932386 1710.297935 1713.727387
82.180000 1705.297653 1707.581101 1710.022680 1710.296658 1712.866907 1717.697082
82.280000 1707.644929 1709.853572 1712.344009 1712.807373 1715.644873 1720.712890
82.380000 1709.513929 1711.994693 1714.726844 1715.232659 1718.174284 1724.179576
82.480000 1711.568322 1714.265064 1717.117373 1717.699689 1721.087790 1727.503178
82.580000 1713.554601 1716.218866 1719.333773 1720.101532 1723.795481 1731.564545
82.680000 1715.154512 1718.178757 1721.513604 1722.435830 1726.464679 1734.792769
82.780000 1717.142913 1720.253614 1723.745208 1724.942396 1729.868540 1738.641235
82.880000 1718.913429 1722.190148 1726.091078 1727.318668 1732.808035 1741.810947
82.980000 1720.857160 1724.176012 1728.502593 1729.724186 1735.681203 1745.657714
83.080000 1722.770698 1726.193478 1730.794295 1732.198515 1738.386109 1748.755574
83.180000 1724.879937 1728.098529 1733.330517 1734.625201 1741.713032 1751.469420
83.280000 1726.830537 1730.129252 1735.511074 1736.955568 1744.367000 1753.934663
83.380000 1729.034923 1732.171511 1738.060537 1739.453291 1748.050918 1756.251994
83.480000 1731.158850 1734.561650 1740.245218 1741.969416 1751.175509 1758.157541
83.580000 1733.437794 1736.762303 1742.997923 1744.499219 1753.486615 1760.058638
83.680000 1735.343842 1739.254727 1746.806609 1747.346965 1755.632630 1762.051528
83.780000 1737.124330 1741.763031 1750.191567 1750.014341 1757.717877 1763.587033
83.880000 1739.218166 1744.894277 1753.540096 1752.763873 1759.655159 1765.223874
83.980000 1742.234680 1748.407713 1755.963528 1755.309207 1761.501176 1767.195632
84.080000 1745.088935 1751.535226 1758.074072 1757.724549 1763.380626 1768.807135
84.180000 1748.519561 1754.839092 1760.167196 1760.125888 1765.511659 1770.829022
84.280000 1752.506086 1758.123980 1762.842793 1762.887006 1768.043833 1772.714342
84.380000 1756.903280 1760.968805 1765.140134 1765.431175 1770.385497 1774.393958
84.480000 1759.243250 1763.325692 1767.639346 1767.774041 1772.567925 1776.118831
84.580000 1761.247555 1765.564014 1769.860334 1769.907707 1774.352000 1777.590439
84.680000 1764.100638 1767.891882 1771.995484 1772.003188 1776.111284 1778.864590
84.780000 1766.312810 1770.364224 1774.617561 1774.184543 1777.886040 1780.375540
84.880000 1768.570309 1772.846371 1776.762022 1776.395142 1779.966341 1781.898413
84.980000 1771.339096 1775.252123 1778.934171 1778.541705 1781.902950 1783.618410
85.080000 1774.054107 1777.223460 1780.927247 1780.499243 1783.599473 1785.384225
85.180000 1776.296396 1779.605592 1782.845916 1782.482504 1785.271919 1786.978972
85.280000 1778.974930 1781.792427 1784.778326 1784.479627 1786.842815 1788.533889
85.380000 1781.725084 1784.216423 1786.672351 1786.461962 1788.578522 1790.382527
85.480000 1784.018643 1786.370202 1788.537022 1788.402166 1790.365519 1792.174022
85.580000 1786.068180 1788.469425 1790.323462 1790.294592 1792.239572 1794.112453
85.680000 1788.320752 1790.305745 1792.153817 1792.138285 1794.078967 1795.767717
85.780000 1789.809482 1791.849046 1793.906500 1793.817684 1795.724352 1797.339897
85.880000 1791.523027 1793.403395 1795.612850 1795.502243 1797.514724 1799.398971
85.980000 1793.069307 1795.117033 1797.294724 1797.184874 1799.257375 1801.126392
86.080000 1794.784304 1796.713376 1798.876460 1798.829482 1800.843206 1802.973679
86.180000 1796.555186 1798.575204 1800.672445 1800.663245 1802.661926 1805.066614
86.280000 1798.592599 1800.428603 1802.494535 1802.555992 1804.579894 1807.127893
86.380000 1800.740637 1802.482771 1804.500709 1804.659234 1806.721053 1809.832742
86.480000 1802.407430 1804.398082 1806.424693 1806.804787 1809.161559 1813.864163
86.580000 1804.075353 1806.293692 1808.497213 1808.918642 1811.523467 1816.274449
86.680000 1805.797199 1808.148349 1810.485291 1811.011968 1813.926158 1819.023061
86.780000 1807.633598 1810.006224 1812.568705 1813.117671 1816.122639 1821.641289
86.880000 1809.783457 1811.782204 1814.581361 1815.206910 1818.322352 1825.304530
86.980000 1811.446389 1813.627173 1816.636815 1817.258174 1820.542840 1827.906088
87.080000 1813.406804 1815.712145 1818.733379 1819.344644 1822.845931 1830.068110
87.180000 1815.244962 1817.631805 1820.787175 1821.488285 1824.919787 1832.599690
87.280000 1816.978224 1819.715670 1822.985791 1823.726284 1827.264686 1836.656461
87.380000 1819.055826 1821.910484 1825.158586 1825.984661 1829.395525 1841.299334
87.480000 1821.020405 1824.194293 1827.576592 1828.374226 1831.765151 1846.260210
87.580000 1823.029920 1826.448007 1829.986818 1830.933334 1834.731023 1848.973004
87.680000 1825.683366 1828.908233 1832.813005 1833.825127 1837.852856 1850.318754
87.780000 1828.475327 1831.779339 1835.557289 1836.690175 1840.944393 1853.261349
87.880000 1831.103664 1834.366303 1838.202759 1839.488004 1844.062515 1857.020912
87.980000 1833.700713 1836.833777 1841.097802 1842.306012 1847.258270 1860.568747
88.080000 1835.699389 1839.250800 1843.904260 1845.110957 1850.887263 1863.291935
88.180000 1837.546548 1841.746142 1846.740644 1847.896046 1853.767146 1865.316345
88.280000 1840.148811 1844.362392 1849.661934 1850.613897 1856.424685 1867.092630
88.380000 1842.208575 1846.759774 1852.703426 1853.510831 1860.460950 1868.851766
88.480000 1844.911599 1849.673996 1855.408041 1856.311221 1863.686018 1870.599042
88.580000 1847.394064 1852.527610 1858.377305 1859.267786 1866.924390 1872.278335
88.680000 1851.037190 1855.412771 1861.711721 1862.128482 1869.403256 1873.938549
88.780000 1853.176947 1858.208051 1864.846782 1864.867823 1871.535209 1875.331587
88.880000 1856.202528 1861.430412 1868.256776 1867.658039 1873.525614 1877.065444
88.980000 1858.521053 1864.996613 1870.969823 1870.240282 1875.488833 1878.580362
89.080000 1862.112270 1868.192426 1873.180171 1872.612024 1876.941643 1880.004960
89.180000 1865.748769 1870.907253 1875.236937 1874.817420 1878.828227 1881.422387
89.280000 1868.461435 1873.202839 1877.214738 1876.849109 1880.403936 1882.911251
89.380000 1871.141248 1875.551685 1879.020259 1878.773986 1882.016137 1884.354538
89.480000 1873.747039 1877.554969 1880.762647 1880.522031 1883.568260 1886.022941
89.580000 1876.053314 1879.465045 1882.398269 1882.244533 1885.197514 1887.424184
89.680000 1877.918054 1881.238583 1884.204282 1884.000541 1886.813431 1889.020127
89.780000 1880.160430 1883.134488 1886.029940 1885.873454 1888.611540 1890.495226
89.880000 1882.431831 1885.116384 1887.849105 1887.750561 1890.491370 1892.212402
89.920000 1883.202413 1885.861251 1888.732675 1888.518386 1891.077582 1892.856055
90.020000 1884.878751 1887.792504 1890.632800 1890.327083 1892.757360 1894.408550
90.120000 1887.206729 1889.829685 1892.462036 1892.123227 1894.239506 1895.734195
90.220000 1889.433356 1892.111983 1894.194665 1893.938484 1895.776190 1897.121403
90.320000 1891.774261 1894.332793 1895.940859 1895.784319 1897.328753 1898.489673
90.420000 1894.498044 1896.235462 1897.615848 1897.549813 1898.930629 1900.155036
90.520000 1896.414183 1897.894042 1899.160478 1899.171668 1900.516920 1901.875947
90.620000 1898.259389 1899.585297 1900.826203 1900.899278 1902.249710 1903.896542
90.720000 1899.675037 1901.169506 1902.458382 1902.515741 1903.927020 1905.539159
90.820000 1901.092113 1902.686274 1904.010446 1904.054502 1905.499764 1907.084508
90.920000 1902.453102 1904.072825 1905.523955 1905.554900 1907.075171 1908.646971
91.020000 1904.044950 1905.597452 1907.065649 1907.117119 1908.704598 1910.169085
91.120000 1905.505593 1907.019450 1908.649482 1908.633630 1910.163187 1911.865872
91.220000 1907.015291 1908.629448 1910.306826 1910.260761 1911.808644 1913.608982
91.320000 1908.767760 1910.148045 1911.895880 1911.866278 1913.454993 1915.480680
91.420000 1910.392500 1911.870773 1913.502052 1913.607352 1915.231876 1917.647002
91.520000 1912.067773 1913.602139 1915.433207 1915.539185 1917.397858 1919.923016
91.620000 1913.797151 1915.479950 1917.277720 1917.483122 1919.510208 1922.192883
91.720000 1915.339725 1917.222292 1919.234142 1919.429975 1921.762053 1924.401381
91.820000 1917.151530 1919.091716 1921.193078 1921.399793 1923.842029 1926.397118
91.920000 1918.818272 1920.930972 1923.217175 1923.418996 1926.161648 1928.691257
92.020000 1920.591229 1922.735300 1925.061415 1925.334623 1928.055528 1930.797279
92.120000 1922.566464 1924.659323 1927.266886 1927.367531 1930.082583 1932.685712
92.220000 1924.605698 1926.687396 1929.407729 1929.394774 1932.046651 1934.381134
92.320000 1926.373473 1928.507306 1931.272026 1931.292377 1934.046173 1936.116859
92.420000 1928.328997 1930.449153 1933.285239 1933.196963 1935.815342 1937.822809
92.520000 1930.494360 1932.682770 1935.205703 1935.171171 1937.553110 1939.437423
92.620000 1932.551635 1934.977078 1937.513446 1937.295220 1939.462332 1941.271322
92.720000 1935.163932 1937.516425 1939.799346 1939.728676 1941.824507 1944.044595
92.820000 1938.659307 1940.905656 1942.964827 1943.326860 1945.646248 1950.527910
92.920000 1941.724391 1943.785885 1946.418442 1946.929831 1950.256276 1954.365667
93.020000 1943.975455 1946.350692 1949.642074 1949.998727 1953.748555 1957.347360
93.120000 1946.218753 1949.335368 1952.992622 1953.113846 1956.994012 1960.289714
93.220000 1948.738353 1952.349122 1956.056319 1956.051078 1959.859533 1963.523715
93.320000 1951.721962 1955.399775 1959.040908 1958.947516 1962.681721 1965.785537
93.420000 1954.718236 1958.529911 1961.958394 1961.855325 1965.197717 1967.830570
93.520000 1957.873048 1961.562482 1965.070115 1964.895470 1968.144458 1970.489462
93.620000 1961.521975 1965.059232 1968.447260 1968.175572 1971.178409 1973.465199
93.720000 1966.242726 1969.345160 1971.974601 1971.929668 1974.479931 1977.320351
93.820000 1970.192203 1972.668652 1974.938351 1975.073251 1977.600922 1980.600724
93.920000 1973.298981 1975.015260 1977.404168 1977.512672 1979.906446 1982.879381
94.020000 1975.292435 1977.182163 1979.618008 1979.684857 1982.192997 1984.922438
94.120000 1977.179735 1979.117641 1981.735840 1981.705970 1984.222943 1986.828096
94.220000 1978.876525 1981.297930 1983.848495 1983.852855 1986.416101 1989.096201
94.320000 1980.729056 1983.589528 1986.128617 1986.177185 1988.853144 1991.126150
94.420000 1983.124810 1985.918465 1988.886950 1988.788484 1991.621759 1993.735697
94.520000 1985.949377 1988.997620 1991.914556 1991.805649 1994.549689 1997.316890
94.620000 1989.795086 1993.118898 1995.756717 1995.886203 1998.832691 2002.486739
94.720000 1993.010063 1996.153583 1999.020983 1999.272754 2002.698798 2006.443396
94.820000 1995.292514 1998.307192 2001.829137 2001.944426 2005.751019 2009.008698
94.920000 1997.117135 2000.520314 2004.486671 2004.487876 2008.547028 2011.473582
95.020000 1999.464019 2003.086889 2007.114349 2006.963918 2010.980250 2013.991488
95.120000 2001.574505 2005.406873 2009.580101 2009.400415 2013.255689 2016.286181
95.220000 2003.945085 2007.905313 2012.095868 2011.836681 2015.451920 2018.244015
95.320000 2006.447225 2010.725588 2014.788185 2014.355088 2017.863046 2020.222873
95.420000 2010.277065 2014.249277 2017.774558 2017.376876 2020.528961 2022.459464
95.520000 2013.814700 2017.648544 2020.598258 2020.221319 2022.763179 2024.587919
95.620000 2017.569063 2020.388259 2022.767499 2022.582562 2024.919513 2026.429148
95.720000 2020.147979 2022.512368 2024.771262 2024.606401 2026.698973 2028.169540
95.820000 2022.497594 2024.555303 2026.529703 2026.475557 2028.413655 2030.192407
95.920000 2024.382958 2026.333553 2028.348399 2028.291519 2030.207345 2031.916632
96.020000 2026.364591 2028.214865 2030.220696 2030.220890 2032.102579 2034.179450
96.120000 2028.353722 2030.137044 2032.166584 2032.226740 2034.202094 2036.973414
96.220000 2030.206186 2031.899897 2034.002468 2034.210254 2036.418890 2040.182190
96.320000 2031.899441 2033.615669 2035.711127 2036.090169 2038.646759 2042.327625
96.420000 2033.493583 2035.439051 2037.668639 2038.183459 2041.212953 2044.776113
96.520000 2035.458545 2037.460248 2039.963370 2040.428738 2043.682467 2047.106006
96.620000 2037.258714 2039.558052 2042.454947 2042.701525 2045.993703 2049.145660
96.720000 2039.218056 2041.769706 2045.009122 2045.089575 2048.366993 2051.139118
96.820000 2041.307157 2044.289465 2047.814743 2047.656464 2050.931126 2053.754255
96.920000 2043.494308 2046.553068 2049.911127 2049.930397 2053.307236 2055.769774
97.020000 2045.597100 2048.925326 2052.264402 2052.146173 2055.506213 2057.964017
97.120000 2047.593657 2051.090071 2054.468869 2054.311655 2057.558034 2059.966784
97.220000 2050.112526 2053.674439 2056.845212 2056.618309 2059.585445 2061.871341
97.320000 2053.410299 2056.552755 2059.555431 2059.280824 2061.952312 2063.832108
97.420000 2056.420456 2059.588816 2062.155987 2061.926664 2064.299191 2066.252529
97.520000 2059.009493 2062.175674 2064.439610 2064.314083 2066.524678 2068.457814
97.620000 2062.295333 2064.533056 2066.547492 2066.586823 2068.767389 2071.036460
97.720000 2064.233578 2066.338243 2068.357638 2068.535481 2070.926984 2073.066615
97.820000 2066.018075 2067.851595 2070.126607 2070.278430 2072.717561 2075.201259
97.920000 2067.675304 2069.598815 2071.964259 2072.020023 2074.678582 2076.833025
98.020000 2069.178053 2071.221399 2073.547289 2073.725995 2076.237047 2079.024952
98.120000 2070.893954 2072.950920 2075.400273 2075.533796 2078.026062 2080.761210
98.210000 2072.716774 2074.733697 2077.245215 2077.271585 2079.612143 2082.330137
98.300000 2074.292036 2076.542375 2079.062629 2079.037965 2081.560008 2083.661174
98.400000 2076.235796 2078.438804 2081.011728 2080.916979 2083.376353 2085.521229
98.500000 2077.958295 2080.415364 2082.978290 2082.816054 2085.138066 2087.097816
98.600000 2079.861062 2082.533418 2085.017802 2084.915251 2087.303875 2089.565696
98.700000 2082.360045 2084.495121 2086.861729 2086.860906 2089.077698 2091.508082
98.800000 2084.618909 2086.591856 2088.758395 2088.975216 2091.315871 2094.168264
98.900000 2086.696426 2088.606804 2090.736997 2091.071420 2093.566847 2096.920343
99.000000 2088.515917 2090.709162 2092.872388 2093.260152 2096.025468 2099.616178
99.100000 2090.362439 2092.468351 2095.095036 2095.500633 2098.454025 2102.654983
99.200000 2091.729973 2094.377967 2097.049456 2097.499803 2100.868010 2105.115459
99.300000 2093.303725 2096.016111 2099.227568 2099.602301 2103.270915 2107.418780
99.400000 2094.991993 2097.867136 2101.337584 2101.685772 2105.450831 2110.326919
99.500000 2096.834753 2099.690953 2103.583124 2103.806219 2107.917058 2112.912945
99.600000 2098.328492 2101.659452 2105.893333 2106.033238 2110.145048 2115.335990
99.700000 2100.040416 2103.786535 2108.161916 2108.311406 2112.804056 2117.477313
99.800000 2101.660512 2105.903876 2110.641219 2110.634240 2115.217981 2119.549390
99.900000 2104.163341 2108.079808 2113.151949 2113.012200 2117.735801 2122.341329
100.000000 2106.705800 2110.747061 2115.510541 2115.428826 2119.861546 2124.579565
100.100000 2109.189221 2113.654469 2117.746625 2117.909860 2122.393956 2126.679470
100.200000 2112.096065 2116.714845 2120.614665 2120.645945 2124.574336 2128.595533
100.300000 2115.403644 2120.035103 2123.641204 2123.498120 2127.044600 2130.446087
100.400000 2118.392641 2123.224805 2126.764616 2126.543031 2129.936125 2133.231971
100.500000 2122.639402 2126.599895 2130.098990 2130.017530 2133.519154 2136.732819
100.600000 2125.617309 2129.630381 2133.387312 2133.194516 2136.881856 2139.454548
100.700000 2128.353222 2132.529618 2136.431574 2136.134284 2139.745332 2141.330020
100.800000 2131.754020 2136.016562 2139.565517 2138.996524 2141.882391 2143.324799
100.900000 2135.701781 2139.401876 2142.220556 2141.705211 2143.963138 2145.251473
101.000000 2139.888109 2142.774187 2144.594472 2144.270561 2145.913619 2147.040719
101.100000 2142.961207 2144.975472 2146.352483 2146.271472 2147.586643 2148.833831
101.200000 2145.208275 2146.879572 2148.114833 2148.069477 2149.321127 2150.436205
101.300000 2147.400520 2148.657803 2149.814605 2149.856829 2151.154096 2152.336751
101.400000 2148.898245 2150.146935 2151.360333 2151.417693 2152.745229 2154.126992
101.500000 2150.334070 2151.687637 2152.930896 2152.974153 2154.353365 2155.690172
101.600000 2151.873647 2153.098577 2154.499378 2154.497591 2155.870654 2157.273314
101.700000 2153.194851 2154.595724 2156.016931 2155.985776 2157.429316 2158.690552
101.800000 2154.806183 2156.058250 2157.558680 2157.540536 2158.979482 2160.377928
101.900000 2156.187274 2157.600074 2159.128622 2159.107414 2160.581521 2162.052835
102.000000 2157.751701 2159.303517 2160.788910 2160.780654 2162.256408 2163.910793
102.100000 2159.450491 2161.070291 2162.641479 2162.692165 2164.193832 2166.189189
102.200000 2161.480359 2163.127585 2164.856261 2164.919195 2166.689694 2168.802322
102.300000 2163.683720 2165.417009 2167.369555 2167.436063 2169.454486 2171.760658
102.400000 2165.749588 2167.569230 2169.918314 2169.949098 2172.259341 2174.863540
102.500000 2168.887999 2171.017223 2173.326410 2173.375346 2175.721656 2178.840229
102.600000 2171.934040 2174.077222 2176.545199 2176.709485 2179.357598 2182.505440
102.700000 2174.128893 2176.900232 2179.749722 2179.789594 2182.625070 2185.268798
102.800000 2175.929026 2179.439690 2182.787700 2182.573145 2185.583365 2188.465049
102.900000 2178.460566 2182.098491 2185.322081 2185.127988 2188.048955 2191.031560
103.000000 2181.274496 2184.983761 2187.839517 2187.817740 2190.818606 2193.656529
103.100000 2184.424000 2187.657884 2190.360275 2190.430302 2193.420912 2196.071508
103.200000 2188.478347 2190.780962 2193.332263 2193.453628 2196.342670 2198.880232
103.300000 2191.396271 2193.497861 2196.319638 2196.276239 2199.097724 2201.441685
103.400000 2193.781706 2196.112081 2198.875896 2198.772345 2201.355329 2203.314821
103.500000 2195.950018 2198.401306 2201.110393 2201.010244 2203.619939 2205.465101
103.600000 2197.970515 2200.604456 2203.339295 2203.193492 2205.673604 2207.935111
103.700000 2200.300967 2202.929304 2205.398164 2205.454409 2207.903292 2210.852512
103.800000 2202.854935 2205.234416 2207.741220 2207.872472 2210.333442 2213.537107
103.900000 2205.565671 2207.764309 2210.103659 2210.358997 2213.074378 2216.572001
104.000000 2207.908149 2209.856148 2212.474077 2212.763013 2215.554730 2219.416385
104.100000 2209.972042 2212.132239 2214.789263 2215.074726 2218.172152 2221.822249
104.200000 2211.848745 2214.289068 2217.249908 2217.356857 2220.506476 2223.547152
104.300000 2213.938475 2216.633547 2219.528993 2219.664207 2222.781639 2225.439686
104.400000 2215.904435 2218.928883 2221.940412 2221.932104 2224.933548 2227.587080
104.500000 2217.758507 2221.036377 2224.169795 2224.033225 2227.006471 2229.612653
104.600000 2220.080657 2223.170210 2226.238531 2226.127849 2228.937678 2231.739608
104.700000 2222.328608 2225.320512 2228.365515 2228.256990 2230.973388 2233.877069
104.800000 2224.465563 2227.855721 2230.801669 2230.600451 2233.079886 2236.056053
104.900000 2227.355504 2230.459930 2233.276737 2233.188255 2235.915421 2238.893239
104.990000 2230.009249 2233.444254 2236.217228 2236.210813 2239.063257 2241.899478
105.080000 2233.698027 2236.740144 2239.439857 2239.420490 2242.226415 2245.102651
105.180000 2236.737052 2239.285159 2242.178958 2242.279555 2245.203374 2247.905596
105.280000 2238.777161 2241.920335 2245.232813 2245.030348 2248.067717 2250.877352
105.380000 2241.327101 2244.651039 2247.880717 2247.737044 2250.745986 2253.761045
105.480000 2243.385370 2247.433196 2250.450063 2250.467849 2253.527937 2257.443555
105.580000 2246.715746 2250.217807 2253.456878 2253.577107 2257.229910 2261.245657
105.680000 2250.066701 2253.209265 2256.284080 2256.646717 2260.388315 2264.296204
105.780000 2252.526052 2255.849161 2259.267724 2259.568962 2263.317116 2267.064804
105.880000 2255.123353 2258.375240 2262.284619 2262.402774 2266.569563 2269.756527
106.000000 2258.006368 2261.286392 2265.785798 2265.713541 2269.943044 2272.581361
106.120000 2260.924507 2264.988898 2269.358511 2268.891212 2272.592655 2275.146930
106.240000 2263.745247 2268.561581 2272.422498 2271.986182 2275.269084 2277.655643
106.360000 2267.753145 2272.064339 2275.313690 2274.953938 2277.781336 2279.736721
106.480000 2273.337993 2275.684020 2277.965196 2277.893826 2280.127889 2281.908535
106.580000 2275.842755 2277.839525 2280.099374 2279.979992 2281.994305 2283.842415
106.680000 2277.843872 2279.900125 2282.047469 2281.893157 2283.805487 2285.458770
106.780000 2279.756565 2281.970203 2283.938679 2283.784323 2285.622055 2287.183912
106.880000 2282.076546 2284.048979 2285.799649 2285.777882 2287.572566 2289.078189
106.980000 2284.637282 2286.237405 2287.990882 2288.060164 2289.835266 2291.725598
107.080000 2287.070086 2288.647515 2290.401231 2290.605427 2292.590623 2295.206118
107.180000 2289.060508 2290.851266 2292.804533 2293.034730 2295.297040 2298.374184
107.280000 2291.197032 2292.909067 2295.074670 2295.360389 2297.799556 2300.525468
107.380000 2292.948105 2295.114059 2297.443036 2297.618297 2300.316312 2302.807476
107.480000 2295.180345 2297.166746 2299.795749 2299.884961 2302.732546 2305.019761
107.580000 2297.218436 2299.454329 2302.156218 2302.213957 2305.021241 2307.719188
107.680000 2299.520989 2302.039475 2304.896869 2304.873371 2307.642219 2310.225146
107.780000 2302.135295 2304.832029 2307.564789 2307.670495 2310.522667 2313.588785
107.880000 2304.349114 2307.416571 2310.282951 2310.365092 2313.413136 2316.532600
107.980000 2306.749330 2309.794920 2312.858347 2312.954704 2316.039683 2319.386595
108.080000 2308.724506 2311.780920 2315.317704 2315.281168 2318.740179 2322.146139
108.180000 2310.629951 2313.807740 2317.419570 2317.490267 2321.087873 2324.504804
108.280000 2312.503042 2315.982244 2319.888777 2319.779863 2323.516292 2326.836477
108.380000 2315.111750 2318.371354 2322.356351 2322.202837 2326.036339 2329.428851
108.480000 2317.201719 2320.844012 2324.678464 2324.566271 2328.387879 2331.352097
108.580000 2319.788573 2323.358025 2327.502642 2327.235491 2330.869831 2333.923291
108.680000 2323.175832 2326.941838 2330.662486 2330.456880 2333.946287 2336.588645
108.780000 2326.547338 2330.745457 2333.963153 2333.866683 2337.249437 2339.864499
108.880000 2330.965329 2334.350141 2337.258788 2337.114867 2339.966978 2342.483244
108.980000 2334.229723 2337.353931 2339.977955 2339.844941 2342.316745 2344.324481
109.040000 2336.087496 2338.944156 2341.426175 2341.341428 2343.731834 2345.611619
109.180000 2339.533050 2342.227876 2344.532149 2344.341792 2346.361494 2348.300965
109.280000 2342.344499 2344.649109 2346.785379 2346.754019 2348.892575 2351.367794
109.380000 2345.076404 2347.256355 2349.467667 2349.705444 2352.094498 2355.732521
109.480000 2348.640394 2350.705881 2353.316876 2353.567452 2356.373488 2360.350144
109.580000 2351.049891 2353.536592 2356.533664 2356.794260 2360.269830 2363.698928
109.700000 2353.666758 2356.506774 2360.066632 2360.167039 2363.959794 2366.907589
109.780000 2355.213692 2358.629220 2362.430115 2362.280788 2366.056512 2368.795932
109.880000 2357.465432 2361.086958 2365.130102 2364.845170 2368.477107 2370.696138
109.980000 2360.016836 2363.614596 2367.722120 2367.289772 2370.660958 2372.773592
110.080000 2362.633741 2366.502025 2370.098776 2369.663457 2372.797488 2374.656991
110.180000 2365.610666 2369.164360 2372.301928 2371.947488 2374.660274 2376.612314
110.280000 2368.188756 2371.780954 2374.543605 2374.321055 2376.809423 2379.007664
110.380000 2371.874711 2374.424357 2376.805735 2376.692166 2378.929011 2380.939325
110.480000 2374.412687 2376.880089 2378.923471 2378.921973 2381.040538 2383.082396
110.580000 2377.171554 2379.046916 2381.035067 2380.998792 2382.977728 2384.947952
110.680000 2379.209125 2380.895833 2382.957191 2382.936906 2384.909653 2386.753307
110.780000 2381.226180 2382.846554 2384.870891 2384.859741 2386.827399 2388.647083
110.880000 2383.054548 2384.935349 2386.734278 2386.806019 2388.752847 2390.692367
110.980000 2384.969335 2387.047573 2388.814475 2388.910838 2390.852655 2393.062726
111.080000 2387.073745 2389.259889 2391.266323 2391.296723 2393.260138 2395.687539
111.140000 2388.725605 2390.670047 2392.766976 2392.775361 2394.788522 2397.207721
111.240000 2390.742479 2392.698208 2394.832862 2394.872118 2397.134259 2399.306814
111.280000 2391.526866 2393.447628 2395.695421 2395.724749 2397.976984 2400.341979
111.340000 2392.740919 2394.767779 2397.012931 2397.039836 2399.278494 2401.966837
111.380000 2393.569664 2395.572020 2397.879924 2397.936412 2400.084278 2402.920981
111.440000 2394.728946 2396.863225 2399.266215 2399.271314 2401.459800 2404.256895
111.540000 2396.752970 2398.878406 2401.323530 2401.345190 2403.713886 2406.398293
111.640000 2398.964488 2400.991011 2403.484901 2403.585922 2405.974929 2409.301434
111.740000 2401.239146 2403.564979 2406.072459 2406.308574 2409.148040 2412.881814
111.880000 2405.591911 2408.200126 2411.305847 2411.483480 2414.942611 2418.193132
111.940000 2406.977921 2409.901914 2413.575154 2413.553472 2417.158208 2420.055620
111.980000 2407.999401 2411.263267 2414.914425 2414.906751 2418.655877 2421.382206
112.040000 2410.319743 2413.628983 2417.261376 2417.090268 2420.550362 2422.885046
112.180000 2417.477146 2420.489770 2422.875347 2422.664377 2425.009692 2426.727291
112.240000 2419.815536 2422.486609 2424.648945 2424.551984 2426.715116 2428.475769
112.280000 2421.242908 2423.878199 2425.994556 2425.875619 2427.851661 2429.986945
112.340000 2423.379968 2425.700779 2427.698059 2427.742353 2429.724263 2432.497980
112.380000 2425.249804 2427.344179 2429.286635 2429.339502 2431.239906 2434.165405
112.480000 2428.871125 2430.759887 2433.029827 2433.448812 2436.317985 2439.782691
112.540000 2430.746828 2432.870730 2435.530042 2435.675960 2438.634581 2441.537502
112.580000 2431.707757 2434.188753 2436.998590 2437.140069 2440.152421 2442.919984
112.640000 2433.533064 2436.398375 2439.539437 2439.526974 2442.640514 2445.352581
112.700000 2435.662982 2438.643700 2441.739693 2441.628949 2444.542758 2447.161932
112.780000 2438.169550 2441.513098 2444.283505 2444.106814 2446.799578 2449.154030
112.840000 2440.282384 2443.404149 2445.985088 2445.870011 2448.325242 2450.407537
112.980000 2444.673843 2447.144171 2449.506558 2449.315949 2451.465812 2453.542757
113.040000 2446.791368 2449.050631 2451.134231 2451.052827 2453.023854 2455.101582
113.080000 2448.030301 2450.158017 2452.111177 2452.100396 2453.991559 2456.032781
113.140000 2449.742424 2451.872575 2453.682180 2453.726180 2455.577799 2457.751049
113.180000 2451.099451 2452.746604 2454.665250 2454.750018 2456.706327 2458.816524
113.240000 2452.414304 2454.274703 2456.127791 2456.237110 2458.248399 2460.663217
113.280000 2453.206205 2455.201297 2457.058665 2457.218504 2459.413318 2461.896227
113.340000 2454.893591 2456.856511 2458.857395 2459.122658 2461.430823 2464.544219
113.440000 2457.245663 2459.162490 2461.828056 2462.040365 2465.156484 2468.241769
113.480000 2457.995989 2460.006547 2462.925670 2463.149769 2466.445705 2469.290933
113.540000 2459.338051 2461.470677 2464.847660 2464.917343 2468.246950 2471.282596
113.580000 2460.510559 2462.623427 2466.088884 2466.133269 2469.395041 2472.306560
113.640000 2461.819054 2464.672464 2468.410114 2468.235127 2471.678173 2474.193985
113.680000 2462.801225 2465.972674 2469.873918 2469.553266 2472.990509 2475.423679
113.760000 2466.294912 2470.293517 2473.748649 2473.429219 2476.513976 2478.759701
113.840000 2471.451628 2474.722644 2477.441325 2477.098280 2479.422627 2481.269781
113.940000 2474.917161 2477.571083 2479.879470 2479.620105 2481.528966 2483.599310
113.960000 2475.227769 2478.109433 2480.299289 2480.056325 2481.959995 2484.121890
114.040000 2476.579988 2479.593004 2481.623069 2481.401911 2483.346919 2485.296997
114.060000 2476.929895 2479.913922 2481.933878 2481.732064 2483.701162 2485.598755
114.140000 2478.070814 2480.985627 2483.097489 2482.893594 2484.827462 2486.744646
114.240000 2479.642562 2482.478449 2484.470133 2484.305048 2486.288858 2488.211302
114.340000 2480.944976 2483.939579 2485.842414 2485.703402 2487.655038 2489.407560
114.440000 2482.238812 2485.289240 2487.263913 2487.115473 2489.053468 2490.761240
114.540000 2483.741005 2486.706245 2488.647763 2488.521853 2490.457703 2492.143625
114.640000 2485.348192 2488.104990 2490.077124 2489.940344 2491.861670 2493.390854
114.740000 2487.222342 2489.606179 2491.560173 2491.430270 2493.253662 2494.918021
114.840000 2489.045436 2491.368491 2493.233914 2493.124576 2494.928066 2496.678900
114.940000 2491.609825 2493.662053 2495.399233 2495.372252 2497.155965 2498.777877
115.040000 2493.485834 2495.352669 2497.211561 2497.178222 2498.895595 2500.731579
115.140000 2495.405420 2497.049987 2498.893243 2498.821003 2500.586314 2502.281707
115.240000 2496.885068 2498.598699 2500.375314 2500.377339 2502.118565 2503.846693
115.340000 2498.431755 2500.084993 2501.809182 2501.875931 2503.707737 2505.247802
115.440000 2500.083277 2501.679623 2503.277577 2503.345928 2505.172089 2506.631045
115.540000 2501.573394 2503.204648 2504.757458 2504.843148 2506.634255 2507.979862
115.640000 2503.012691 2504.729039 2506.346475 2506.365702 2508.035808 2509.447613
115.740000 2504.469740 2506.334869 2508.034799 2507.980741 2509.619460 2511.380217
115.840000 2506.101706 2507.941605 2509.759778 2509.690077 2511.421155 2512.939696
115.940000 2507.654061 2509.736453 2511.516390 2511.434436 2513.175455 2514.564711
116.040000 2510.099517 2511.921052 2513.623566 2513.553058 2515.119157 2516.499510
116.140000 2512.766076 2514.349309 2515.900658 2515.845447 2517.339896 2518.633829
116.240000 2514.773875 2516.071891 2517.539216 2517.568341 2519.044999 2520.483846
116.340000 2516.203951 2517.642798 2519.017704 2519.059448 2520.470290 2521.891961
116.440000 2517.613262 2518.978867 2520.473582 2520.461344 2521.855872 2523.356118
116.540000 2519.138813 2520.405222 2521.858368 2521.860646 2523.240935 2524.757194
116.640000 2520.531056 2521.844442 2523.235194 2523.235648 2524.590916 2525.994932
116.740000 2521.966925 2523.247124 2524.654470 2524.615424 2525.966506 2527.333217
116.840000 2523.327883 2524.701598 2526.000189 2526.046728 2527.440618 2528.703571
116.940000 2524.584023 2526.000510 2527.381385 2527.469540 2528.970719 2530.516337
117.040000 2526.018028 2527.349346 2528.785962 2528.840594 2530.326006 2531.879934
117.140000 2527.354910 2528.756095 2530.233568 2530.262232 2531.767766 2533.269503
117.240000 2528.775079 2530.278383 2531.726668 2531.716221 2533.175226 2534.698006
117.340000 2530.382860 2531.780163 2533.362424 2533.312256 2534.857519 2536.263410
117.440000 2532.022038 2533.283535 2534.922137 2534.893092 2536.462458 2537.756193
117.540000 2533.287116 2534.840542 2536.496176 2536.425048 2537.969353 2539.342778
117.640000 2534.651469 2536.416178 2538.094010 2538.072116 2539.724929 2541.392175
117.740000 2536.053639 2537.832763 2539.622529 2539.705793 2541.404564 2543.841385
117.840000 2537.618339 2539.473891 2541.245133 2541.370532 2543.136956 2545.982231
117.940000 2539.954593 2541.584833 2543.310824 2543.523270 2545.508290 2548.516737
118.040000 2542.327786 2543.820137 2545.662784 2545.872561 2547.917310 2550.935544
118.140000 2544.403763 2545.887207 2547.849732 2548.167295 2550.527327 2553.214030
118.240000 2546.362796 2548.201763 2550.415871 2550.692347 2553.132408 2556.331135
118.340000 2548.375862 2551.042910 2553.809582 2553.985964 2556.907187 2560.558615
118.440000 2551.553467 2554.441334 2557.331101 2557.770039 2561.233416 2566.195547
118.540000 2553.880639 2557.301291 2560.775853 2561.420401 2565.930032 2570.949430
118.640000 2555.971990 2559.664292 2564.129927 2564.668123 2570.398382 2573.990815
118.700000 2558.000313 2561.299557 2566.274912 2566.605851 2572.274167 2575.592534
118.800000 2560.527830 2564.802976 2570.810895 2570.128490 2575.017363 2577.384637
118.900000 2563.791104 2569.350180 2574.263990 2573.557954 2577.485653 2579.660955
119.000000 2566.574957 2573.627586 2577.244497 2576.539822 2579.806232 2581.570465
119.100000 2569.924934 2576.129670 2579.201661 2578.702648 2581.548004 2583.280901
119.200000 2573.680676 2578.242775 2581.216192 2580.699773 2583.190917 2584.735777
119.300000 2576.677613 2580.376723 2582.792955 2582.504250 2584.603793 2586.315439
119.400000 2578.488060 2582.184362 2584.348317 2584.071054 2586.090119 2587.763783
119.500000 2580.455951 2583.785155 2585.813230 2585.609405 2587.573304 2589.278615
119.600000 2582.312271 2585.239595 2587.289961 2587.110550 2588.972490 2590.696519
119.700000 2583.786962 2586.802090 2588.813953 2588.653995 2590.520118 2592.489681
119.800000 2585.670624 2588.257297 2590.216063 2590.177755 2592.111764 2594.150646
119.900000 2587.398048 2589.883002 2591.908582 2591.818443 2593.781174 2595.872155
120.000000 2589.369479 2591.678044 2593.742222 2593.709673 2595.770130 2597.927444
120.100000 2591.549323 2593.848323 2595.965386 2596.017516 2598.149059 2600.771091
120.200000 2594.163748 2596.329252 2598.340561 2598.484682 2600.853453 2603.289135
120.300000 2596.366386 2598.467877 2600.560801 2600.721637 2603.140746 2605.534652
120.400000 2598.455577 2600.556664 2602.712601 2602.889886 2605.408152 2607.667737
120.500000 2600.546632 2602.572042 2604.938697 2605.015207 2607.445715 2609.690499
120.600000 2602.733835 2604.583024 2607.189724 2607.184836 2609.700970 2612.175284
120.700000 2604.514074 2606.949334 2609.446425 2609.451611 2611.938544 2614.171599
120.800000 2607.278210 2609.628738 2612.058986 2612.099640 2614.622006 2616.929436
120.900000 2609.706283 2612.448726 2614.817302 2614.864768 2617.351928 2619.410190
121.000000 2612.760646 2615.444374 2617.721864 2617.670087 2619.999359 2621.841987
121.100000 2615.418902 2617.717591 2619.909566 2619.837100 2622.018264 2623.782904
121.200000 2617.636252 2619.701195 2621.824681 2621.726037 2623.731666 2625.381384
121.300000 2619.303161 2621.386545 2623.427206 2623.334374 2625.343816 2627.226742
121.400000 2620.961791 2623.053714 2624.881249 2624.865178 2626.655602 2628.773562
121.500000 2622.658649 2624.597278 2626.375601 2626.351266 2628.179226 2630.067528
121.600000 2624.105880 2626.100464 2627.820125 2627.858977 2629.647021 2631.679680
121.700000 2625.730941 2627.690458 2629.409520 2629.463514 2631.398777 2633.308052
121.800000 2627.380019 2629.350623 2631.054645 2631.202266 2633.128333 2635.430333
121.900000 2629.062723 2631.026601 2632.877704 2632.985952 2635.026416 2637.238054
122.000000 2630.828407 2632.811539 2634.713156 2634.861440 2637.004302 2639.574918
122.100000 2632.915144 2634.705838 2636.733858 2636.894825 2639.042361 2641.651610
122.200000 2634.628997 2636.771109 2639.059982 2639.162272 2641.768744 2644.212819
122.300000 2636.976821 2639.158803 2641.378623 2641.571601 2644.286177 2646.704443
122.400000 2639.248004 2641.425391 2643.826596 2643.887113 2646.520001 2648.722608
122.500000 2641.667808 2643.801847 2646.396254 2646.297875 2648.716345 2650.782010
122.600000 2643.987778 2646.727340 2649.038999 2648.976441 2651.160052 2653.544347
122.700000 2647.545058 2650.250479 2652.203708 2652.264907 2654.435195 2656.791587
122.800000 2650.454863 2652.668332 2654.634551 2654.823519 2657.164354 2659.437841
122.900000 2652.670411 2654.792515 2656.809764 2657.019608 2659.349978 2662.145634
123.000000 2654.549825 2656.433725 2658.799304 2658.954050 2661.459931 2664.437985
123.100000 2656.325584 2658.117206 2660.569818 2660.762107 2663.395013 2666.607844
123.200000 2657.877109 2659.887986 2662.359074 2662.586395 2665.307771 2668.518308
123.300000 2659.532209 2661.460232 2664.276981 2664.375959 2667.413414 2670.188859
123.400000 2661.128978 2663.118566 2665.957117 2666.137823 2669.376813 2671.993636
123.500000 2662.646444 2664.759015 2667.838520 2668.004090 2671.235655 2674.275157
123.600000 2664.308233 2666.707765 2669.980403 2669.995770 2673.229515 2676.532977
123.700000 2666.223546 2668.832482 2672.159562 2672.221648 2675.434731 2679.153984
123.800000 2668.420955 2671.256967 2674.745881 2674.779496 2678.122945 2681.893885
123.900000 2670.927140 2674.177799 2677.538810 2677.529162 2680.792827 2684.337247
124.000000 2673.762891 2677.026616 2680.155579 2680.149401 2683.363025 2686.470560
124.100000 2677.342083 2680.372596 2683.232485 2683.200082 2686.200488 2688.813472
124.200000 2679.943430 2682.764216 2685.687947 2685.637749 2688.567331 2690.995990
124.300000 2682.138905 2685.116826 2688.152194 2687.929418 2690.759051 2692.697940
124.400000 2684.646983 2687.337127 2690.410587 2690.077687 2692.659806 2694.232087
124.500000 2686.538036 2689.666932 2692.514548 2692.131770 2694.421601 2695.913250
124.600000 2689.737991 2692.409082 2694.523730 2694.243888 2696.076784 2697.418498
124.700000 2692.928209 2695.254119 2696.656639 2696.449503 2697.720027 2698.861301
124.800000 2696.639115 2697.671410 2698.657072 2698.638184 2699.580276 2700.491994
