depth(m) lower_95(kyr) lower_68(kyr) median(kyr) mean(kyr) upper_68(kyr) upper_95(kyr)
15.200000 301.221403 302.250837 303.185733 303.170641 304.088302 304.979210
15.300000 302.972153 304.045613 305.024588 305.134667 306.249572 307.601256
15.400000 304.520024 305.754312 306.939103 307.197459 308.653272 310.873892
15.500000 306.078247 307.413630 308.827987 309.124314 310.831771 313.690210
15.600000 307.816435 309.176210 310.844929 311.131808 313.179281 315.751992
15.700000 309.545546 310.925269 312.833566 313.129634 315.435442 317.623916
15.800000 311.178103 312.823236 314.949301 315.102861 317.402090 319.849888
15.900000 312.595920 314.598502 316.929319 316.914908 319.248142 321.437662
16.000000 314.271467 316.393250 318.736369 318.624788 320.778735 322.858863
16.100000 316.296607 318.223420 320.373176 320.267469 322.157773 324.132763
16.200000 318.366047 320.506201 322.196535 322.130123 323.671606 325.616122
16.300000 321.068267 322.740080 324.267287 324.229184 325.699639 327.387532
16.400000 323.049076 324.430979 325.850759 325.880589 327.368142 328.930808
16.500000 324.683483 326.012987 327.371551 327.424285 328.868722 330.309914
16.600000 326.158762 327.621716 328.930671 328.959010 330.336842 331.585972
16.700000 327.831443 329.205613 330.605154 330.619144 332.022408 333.311619
16.800000 329.922428 331.032065 332.497626 332.558833 334.069123 335.748067
16.900000 332.276567 333.686766 335.432195 335.696055 337.694175 340.466909
17.000000 334.098390 335.692947 337.652506 338.030973 340.292516 344.063954
17.100000 337.279815 339.034626 341.753668 342.354160 345.889059 350.119412
17.200000 339.509717 342.188750 345.941866 346.050561 349.860078 353.523080
17.300000 341.366871 345.325053 349.511563 349.309866 352.937409 356.460692
17.400000 343.945118 348.449773 352.219185 352.039784 355.601152 358.798733
17.500000 346.992389 350.875000 354.576668 354.322003 357.646357 360.459843
17.600000 349.828564 353.108902 356.902292 356.536601 359.769608 362.160408
17.700000 352.244088 355.255225 358.678418 358.468005 361.452160 364.015952
17.800000 354.281455 357.540853 360.590737 360.429353 363.402813 365.478268
17.900000 356.834049 359.715477 362.572893 362.461029 365.239994 367.299843
18.000000 358.907244 362.048959 364.802247 364.665437 367.299104 369.594322
18.100000 362.029857 364.953284 367.365757 367.362884 369.791539 372.539412
18.200000 364.755064 367.343146 369.880856 369.753965 372.235648 374.469045
18.300000 367.251208 369.426956 371.951645 371.905004 374.210866 376.547650
18.400000 369.081934 371.360058 373.911291 373.733178 376.027488 378.090682
18.500000 371.106308 373.080754 375.579527 375.453571 377.760403 379.545771
18.600000 372.727673 374.687955 377.294844 377.114101 379.383754 381.157946
18.700000 374.211611 376.425551 378.912478 378.794424 381.067706 382.843170
18.800000 375.949994 378.399942 380.763408 380.591647 382.806721 384.624186
18.900000 377.741189 380.265539 382.539015 382.430105 384.610338 386.385632
19.000000 379.940432 382.105352 384.424568 384.304917 386.378562 388.113156
19.100000 382.193274 384.385636 386.501067 386.396874 388.454947 390.032245
19.200000 384.524075 386.521029 388.472775 388.424125 390.336756 391.813696
19.300000 386.525463 388.315216 390.332580 390.240408 392.129417 393.662068
19.400000 388.202439 390.096518 392.088890 391.972262 393.840795 395.305003
19.500000 389.798863 391.832372 393.706009 393.616634 395.394576 396.804769
19.600000 391.508636 393.651103 395.485117 395.327933 396.934669 398.290401
19.700000 393.768465 395.824054 397.436134 397.286588 398.713893 400.009676
19.800000 397.173092 398.514958 399.778008 399.743706 400.988869 402.189022
19.900000 399.359861 400.601144 401.695906 401.768941 402.931994 404.358888
20.000000 401.080066 402.252778 403.461720 403.573357 404.924709 406.632728
20.100000 402.753690 403.907575 405.136840 405.272812 406.689595 408.446257
20.200000 404.306162 405.433687 406.821002 406.919517 408.392202 410.056595
20.300000 405.951768 407.164968 408.616469 408.631600 410.120133 411.817323
20.400000 407.640715 409.089446 410.603476 410.686256 412.295874 414.173716
20.500000 409.970541 411.836966 413.700384 413.910836 416.056720 419.127899
20.600000 412.988033 415.273437 417.839061 418.078108 420.980762 424.368316
20.700000 418.454851 421.889034 425.152630 424.623457 427.119106 428.595485
20.800000 423.828034 426.390612 428.219800 428.023596 429.592871 431.102391
20.900000 427.517427 429.097652 430.508541 430.496291 431.922953 433.414950
21.000000 429.605146 430.850330 432.190681 432.275204 433.755241 435.212225
21.100000 431.171560 432.421322 433.793897 433.845339 435.341443 436.748782
21.200000 432.519766 433.905852 435.305672 435.364316 436.832739 438.152839
21.300000 433.868175 435.473152 436.938146 436.946975 438.501651 439.957871
21.400000 435.641562 437.105400 438.524842 438.627403 440.215760 441.895129
21.500000 437.305764 438.671418 440.252809 440.342610 441.952361 443.954246
21.600000 438.915849 440.378400 442.041016 442.132300 443.829589 446.004820
21.700000 440.671150 442.007896 443.782757 443.992892 445.792611 448.776045
21.800000 442.397495 443.956911 445.848222 446.160302 448.211244 452.082707
21.900000 444.476453 446.157876 448.244062 448.646469 451.361192 454.799785
22.000000 446.681957 448.497809 451.116878 451.505241 454.878448 457.748392
22.100000 448.798833 450.875402 453.996793 454.110381 457.511088 459.692894
22.200000 450.695189 453.137091 456.696177 456.478229 459.658101 461.562813
22.300000 452.645166 455.612731 459.170590 458.777864 461.735405 463.388471
22.400000 454.888608 458.155327 461.298286 460.919834 463.574905 465.201588
22.500000 457.389672 460.573102 463.378689 462.979289 465.272198 466.935021
22.600000 459.823904 462.698574 465.103528 464.865086 466.926044 468.455443
22.700000 462.193737 464.752437 466.819131 466.627404 468.519357 469.938365
22.800000 463.914236 466.618829 468.469520 468.347173 470.115249 471.580731
22.900000 466.299986 468.405692 470.285216 470.063609 471.682123 473.065978
23.000000 468.139452 470.280439 471.895364 471.752070 473.284432 474.568360
23.100000 470.040405 471.982287 473.501218 473.385898 474.796381 475.950615
23.200000 471.989643 473.756244 475.183199 475.041167 476.321048 477.459350
23.300000 473.885726 475.529912 476.766873 476.671773 477.831450 479.001376
23.400000 475.912288 477.228009 478.377557 478.369521 479.507529 480.724611
23.500000 477.868633 479.025947 480.118841 480.158224 481.298593 482.452093
23.600000 479.711278 480.653976 481.748700 481.806650 482.933418 484.155644
23.700000 481.110003 482.231092 483.364949 483.383215 484.506440 485.900804
23.800000 482.709335 483.747458 484.921172 484.983548 486.167438 487.668022
23.900000 484.179576 485.290684 486.450285 486.555186 487.787581 489.516468
24.000000 485.687466 486.751125 487.909134 488.037426 489.313026 491.123308
24.100000 487.289976 488.330947 489.493016 489.635993 490.936697 492.770280
24.200000 488.764171 489.932518 491.079315 491.238739 492.573770 494.477311
24.300000 490.328031 491.561663 492.808832 492.948240 494.329037 496.330144
24.400000 491.929841 493.272860 494.720417 494.848666 496.381605 498.449347
24.500000 493.504373 494.932795 496.548667 496.640415 498.359270 500.422382
24.600000 494.939388 496.604862 498.326825 498.398515 500.146349 502.290314
24.700000 496.728043 498.281347 500.112243 500.152592 501.963076 503.993705
24.800000 498.430994 500.152770 502.080085 502.076840 503.915239 505.980070
24.900000 500.438655 502.428115 504.392182 504.385846 506.312148 508.613498
25.000000 503.148454 505.206753 507.337850 507.397100 509.652739 512.117192
25.100000 505.147311 507.441481 509.951519 509.953482 512.447216 514.771381
25.200000 506.561455 509.427502 512.304764 512.204282 514.988493 517.384239
25.300000 508.440625 511.358691 514.448818 514.388758 517.192695 519.794337
25.400000 510.743640 513.786921 516.595379 516.536863 519.313134 522.034642
25.500000 512.846648 515.988683 518.673417 518.596317 521.210347 523.851485
25.600000 514.615446 518.049713 520.621460 520.601927 523.190853 526.059028
25.700000 516.940426 520.072831 522.771521 522.684160 525.403498 527.808174
25.800000 519.127653 521.972658 524.922423 524.819417 527.602231 530.124398
25.900000 521.601919 524.376797 527.254789 527.134389 529.892558 532.330265
26.000000 523.923222 526.850030 529.847012 529.640336 532.243668 534.504472
26.100000 526.101638 530.350535 532.821964 532.829347 535.372120 538.610431
26.200000 529.941561 533.152188 535.485936 535.573600 538.216563 541.478009
26.300000 532.699528 535.269922 537.755218 537.956910 540.857330 543.855234
26.400000 534.700528 537.178130 540.066446 540.163956 543.248698 545.905064
26.500000 536.377272 539.074304 542.315322 542.251597 545.433335 547.893569
26.600000 538.436523 541.116604 544.417324 544.335926 547.459687 549.901150
26.700000 540.055474 543.189651 546.556233 546.428087 549.460450 551.980285
26.800000 542.423614 545.341845 548.732953 548.538323 551.534209 553.876054
26.900000 544.680699 547.610186 550.872901 550.693156 553.470812 556.038328
27.000000 547.064776 550.314886 553.149396 553.029578 555.644697 558.310579
27.100000 550.133012 552.941945 555.594006 555.593643 558.244661 561.373091
27.200000 553.084138 556.018971 558.582531 558.803063 561.717177 565.540595
27.300000 556.133473 559.478206 562.614702 562.699694 565.941690 569.481279
27.400000 560.328739 563.724331 566.986759 566.842253 569.910524 572.429083
27.500000 564.953463 568.767765 571.217617 571.025447 573.503736 575.280222
27.600000 569.745778 572.095722 574.211137 574.034186 575.972500 577.691024
27.700000 572.965913 575.143490 576.895092 576.862071 578.518132 580.341675
27.800000 576.233558 578.320467 579.987592 580.222539 582.197002 585.604935
27.900000 580.268260 582.009622 584.391854 584.824341 587.764056 591.331517
28.000000 582.606927 585.378575 588.558601 588.607674 591.826051 594.944569
28.100000 585.430260 588.774794 592.404749 592.372596 595.881221 599.084252
28.200000 588.484378 592.341447 596.216907 596.029430 599.450762 602.844507
28.300000 591.726229 595.508647 599.076789 598.962672 602.685743 605.309326
28.400000 594.218162 598.275317 601.822096 601.691856 605.146278 607.506634
28.500000 597.134879 601.047519 604.647935 604.276054 607.447773 609.477601
28.600000 599.564223 603.963918 607.280762 606.831244 609.728164 611.435077
28.700000 602.630263 606.499574 609.735478 609.285697 611.887913 613.361148
28.800000 605.608985 609.301279 611.888802 611.522943 613.781385 615.042194
28.900000 609.022443 611.707061 613.811431 613.578039 615.478186 616.740082
29.000000 611.324303 613.920058 615.838350 615.627169 617.327619 618.462881
29.100000 614.473322 616.527705 618.138175 618.018825 619.464014 620.683271
29.200000 618.129446 619.590103 620.917159 621.064042 622.419868 624.996768
29.300000 620.626641 622.041538 624.194821 626.108167 632.089012 638.432558
29.400000 623.067969 625.145605 633.371209 633.178410 640.313311 645.879360
29.500000 625.883543 633.526322 640.658975 640.168609 646.565401 651.508475
29.600000 632.901554 640.333227 645.941997 645.618458 651.158286 655.827288
29.700000 638.756238 644.843977 650.253753 650.032339 655.167181 658.957013
29.800000 643.431209 649.122528 653.857058 653.589507 658.197995 661.941861
29.900000 647.134803 652.803825 657.094188 656.800901 661.023235 664.467896
30.000000 651.298762 656.198813 660.167400 659.937136 663.971457 667.036097
30.100000 654.686995 659.082920 663.029661 662.752923 666.580354 669.433148
30.200000 658.590459 662.117781 665.908419 665.673383 669.189809 671.929111
30.300000 661.390303 665.002116 668.329095 668.176473 671.447615 674.001131
30.400000 664.114231 667.344639 670.637388 670.494235 673.703074 675.954584
30.500000 666.437697 669.687164 673.013492 672.714936 675.630466 677.858008
30.600000 668.828440 672.226619 675.225755 674.986814 677.629117 679.643259
30.700000 671.526749 674.804481 677.498363 677.259362 679.728889 681.517167
30.800000 673.677764 677.153025 679.671278 679.388172 681.633875 683.299363
30.900000 676.348405 679.614734 681.863126 681.605515 683.643566 685.139912
31.000000 679.512472 682.013630 683.851797 683.688821 685.499200 686.771383
31.100000 682.094794 684.371976 685.903056 685.808148 687.364382 688.607955
31.200000 685.015004 686.532699 687.922253 687.902974 689.236953 690.645530
31.300000 687.271761 688.490234 689.830161 689.877279 691.280522 692.599323
31.400000 689.000439 690.358474 691.650180 691.709486 693.178313 694.533324
31.500000 690.605642 692.045330 693.420973 693.448583 694.839975 696.357981
31.600000 692.290793 693.679542 695.122178 695.142362 696.539649 698.108136
31.700000 693.735479 695.305998 696.836271 696.834815 698.308522 699.928586
31.800000 695.763553 697.102216 698.634549 698.725492 700.326333 702.176093
31.900000 697.752491 699.222469 700.847291 701.031144 702.875068 705.242320
32.000000 699.897029 701.892161 704.226969 704.423019 706.954968 709.717178
32.100000 702.270548 704.891491 707.707318 707.699665 710.550234 713.014888
32.200000 707.993242 711.151540 713.837251 713.606656 716.001222 718.387320
32.300000 713.014573 715.397944 717.265857 717.304114 719.410425 721.398575
32.400000 716.250585 718.001337 720.063204 720.033197 721.976879 723.822164
32.500000 718.569769 720.727891 722.660629 722.694810 724.702030 726.558360
32.600000 721.372414 723.477312 725.430758 725.373289 727.191701 729.028444
32.700000 724.570770 726.378757 728.265179 728.320896 730.225078 732.425317
32.800000 727.096382 728.912617 730.706121 730.849149 732.830975 735.409710
32.900000 729.386407 731.027165 732.870657 733.152853 735.481282 738.103306
33.000000 731.296642 733.040211 735.191722 735.434800 738.044836 740.616597
33.100000 733.373424 735.392439 737.973498 738.073476 740.752916 743.629825
33.200000 735.937708 738.468976 741.683800 741.567419 744.309181 747.386550
33.300000 738.934052 741.784289 744.624675 744.693367 747.541230 750.704927
33.400000 741.384922 744.288979 747.338619 747.289145 750.330586 753.553729
33.500000 743.531205 746.556458 749.673035 749.763985 753.054869 756.303634
33.600000 745.707845 748.774197 752.113530 752.224440 755.705624 759.102549
33.700000 747.976697 751.049821 754.512129 754.633644 758.420154 761.700990
33.800000 750.605120 753.573120 757.239900 757.269375 761.155955 764.152681
33.900000 753.664789 756.797873 760.613703 760.430959 764.057065 766.919935
34.000000 757.251487 760.904259 764.335062 764.249972 767.661866 770.191116
34.100000 760.837133 764.761225 768.194006 767.805865 770.926123 773.140180
34.200000 765.009892 768.474339 771.281603 771.057079 773.563018 775.519880
34.300000 768.345974 771.612717 774.127575 773.845305 776.011436 777.863466
34.400000 771.502895 774.377184 776.433170 776.278956 778.238911 779.878407
34.500000 774.485505 776.782921 778.626374 778.493412 780.235774 781.802549
34.600000 776.631070 778.757754 780.460761 780.416995 782.081098 783.585415
34.700000 778.959387 780.683604 782.201878 782.229477 783.873796 785.263027
34.800000 781.099236 782.631156 784.123814 784.115374 785.727329 786.990343
34.900000 783.237060 784.811636 786.470539 786.423931 787.926634 789.556121
35.000000 786.372493 788.169894 789.911476 789.969576 791.755043 793.739596
35.100000 790.061293 791.787196 793.789345 793.766733 795.643112 797.465164
35.200000 792.655551 794.392004 796.290655 796.297210 798.150344 799.852396
35.300000 794.460339 796.536165 798.384278 798.400821 800.314787 802.150284
35.400000 796.204993 798.374115 800.236007 800.219050 802.189805 804.074149
35.500000 797.951191 800.003206 801.977819 801.979483 803.896533 805.909611
35.600000 799.710823 801.790728 803.768440 803.711590 805.625490 807.558825
35.700000 801.578977 803.577532 805.555754 805.484726 807.411951 809.113142
35.800000 803.627309 805.512380 807.333636 807.352887 809.320997 811.092038
35.900000 805.361249 807.389924 809.137967 809.241650 811.185152 813.308308
36.000000 807.281549 809.333071 811.179819 811.300505 813.226360 815.973256
36.100000 809.304421 811.270068 813.257054 813.504871 815.710396 819.530158
36.200000 811.590293 813.522494 816.018406 816.604820 819.842245 825.412048
36.300000 813.649642 815.411911 818.295690 819.433846 824.116222 830.326799
36.400000 815.532221 817.391015 821.340240 822.387779 827.872818 833.613296
36.500000 817.467052 819.698552 824.580896 825.366880 831.405610 836.820408
36.600000 819.625510 822.258429 827.925092 828.362097 834.308026 839.346108
36.700000 822.052232 825.216217 831.293648 831.425820 837.205001 841.885507
36.800000 824.657408 829.053887 834.737695 834.635549 840.096310 844.397153
36.900000 827.215183 832.606930 838.203700 837.732890 842.669335 846.807734
37.000000 830.202655 836.880260 841.762088 841.344129 845.840042 849.516006
37.100000 834.569874 840.707730 844.807443 844.562168 848.901958 852.015847
37.200000 839.908064 844.437565 848.298817 848.028266 851.811290 854.120647
37.300000 844.989561 848.035384 851.557691 851.264786 854.451070 855.996697
37.400000 847.873973 851.259556 854.427482 854.031420 856.659659 858.010417
37.500000 850.363458 853.871685 856.617879 856.185641 858.445316 859.392838
37.600000 853.380425 856.120028 858.489434 858.110774 860.088375 861.163604
37.700000 856.381068 858.576860 860.297812 860.160122 861.685999 862.696483
37.800000 859.899666 861.698552 863.043795 862.884138 864.091409 865.032220
37.900000 864.414586 865.571398 866.538780 866.561856 867.599455 868.747256
38.000000 868.210332 868.998780 870.094861 870.161495 871.331799 872.658285
38.100000 869.978575 871.008151 872.155050 872.228690 873.459655 874.915042
38.200000 871.514431 872.564340 873.793358 873.868408 875.081185 876.532683
38.300000 872.799852 874.090824 875.328943 875.423574 876.672565 878.325803
38.400000 874.379496 875.582298 876.934005 876.969269 878.321099 880.139545
38.500000 875.812738 877.054902 878.431689 878.538388 880.018196 882.072144
38.600000 877.220224 878.575323 880.149480 880.230201 881.831965 884.140284
38.700000 878.771046 880.240423 882.019900 882.173916 884.172257 886.874741
38.800000 880.310367 882.202926 884.322057 884.531997 886.754514 889.828690
38.900000 882.348770 884.753622 887.526425 887.658800 890.700324 893.644873
39.000000 885.310240 888.196883 891.738633 891.762586 895.272993 897.771369
39.100000 889.888956 894.062455 897.707072 897.440397 900.661435 903.818071
39.200000 896.202116 899.018784 901.425998 901.518885 904.119820 907.002414
39.300000 900.435564 902.316309 904.598505 904.755590 907.243264 909.859486
39.400000 902.666552 905.233874 907.528952 907.577818 910.037041 912.106709
39.500000 905.144754 907.875242 910.429912 910.218832 912.509031 914.352115
39.600000 908.035385 910.837569 913.229136 912.980283 915.175929 916.618823
39.700000 911.509942 914.219061 916.098273 916.159243 918.113659 920.739820
39.800000 915.515767 917.384680 919.367309 919.604058 922.061789 924.785153
39.900000 918.808379 920.733761 923.108438 923.172438 925.742627 927.522073
40.000000 922.634816 925.080501 927.365704 927.290845 929.498503 931.758388
40.100000 926.434296 928.822384 930.934799 931.024105 933.356260 935.813473
40.200000 930.099477 932.202711 934.545391 934.440306 936.603262 938.585540
40.300000 932.602942 934.781965 936.894386 936.800828 938.655501 940.513301
40.400000 934.634602 936.804500 938.788043 938.667972 940.482953 942.024303
40.500000 936.729589 938.715517 940.625523 940.509944 942.287966 943.742315
40.600000 939.067953 940.918434 942.501581 942.509648 944.194046 946.016672
40.700000 941.165678 943.136177 944.833231 944.864868 946.695651 948.327073
40.800000 943.517953 945.229514 947.024226 946.979337 948.769933 950.409295
40.900000 946.042256 947.597986 949.429805 949.361077 951.051572 952.493785
41.000000 948.436328 949.971949 951.538904 951.521378 953.123962 954.520838
41.100000 950.694347 952.191411 953.627003 953.600473 955.061316 956.312175
41.200000 952.964580 954.655329 955.940792 955.896077 957.162763 958.415150
41.300000 957.067612 958.437148 959.684207 959.891159 961.351063 964.253577
41.400000 959.574104 960.863527 962.588349 962.840153 964.825080 968.007431
41.500000 961.466687 962.992266 965.539890 965.514761 967.919104 970.268409
41.600000 963.716772 965.803933 968.358056 968.231341 970.516662 972.963965
41.700000 966.746961 969.279891 971.501123 971.440725 973.604551 975.737748
41.800000 970.526738 972.294997 974.421206 974.467449 976.548577 978.861012
41.900000 972.974948 974.790228 976.991148 977.004876 979.181900 981.310740
42.000000 975.333077 977.367939 979.532408 979.611389 981.757137 984.713466
42.100000 977.395005 980.058716 982.405300 982.499918 984.937692 988.043412
42.200000 979.948371 982.879587 985.570936 985.604260 988.346179 990.857682
42.300000 982.088177 985.473920 988.606217 988.466749 991.434757 993.691295
42.400000 984.099729 988.291534 991.351674 991.059172 993.886241 995.912909
42.500000 986.936374 990.887645 993.668820 993.397381 996.036806 997.928189
42.600000 989.703181 993.129093 995.620836 995.458254 997.922331 999.794700
42.700000 992.774632 995.356286 997.512875 997.456954 999.622463 1001.650037
42.800000 994.902286 997.409502 999.475185 999.412831 1001.463842 1003.380543
42.900000 997.401651 999.573473 1001.636599 1001.568036 1003.446380 1005.511916
43.000000 999.956876 1002.008413 1003.845124 1003.810498 1005.595641 1007.498286
43.100000 1001.906312 1003.872127 1005.825424 1005.751441 1007.581754 1009.439175
43.200000 1003.944702 1005.918933 1007.745734 1007.728230 1009.454584 1011.397396
43.300000 1006.138622 1007.780291 1009.664811 1009.712904 1011.545127 1013.196977
43.400000 1008.157606 1009.934529 1011.824954 1011.833882 1013.652269 1015.775635
43.500000 1010.213255 1012.099563 1014.009956 1014.034878 1015.908975 1018.167625
43.600000 1012.661845 1014.397581 1016.365156 1016.491438 1018.594975 1020.829720
43.700000 1014.637983 1016.563985 1018.555263 1018.677176 1020.857242 1023.014813
43.800000 1016.888877 1018.527609 1020.734262 1020.808683 1023.021102 1025.111551
43.900000 1018.719075 1020.760932 1022.900606 1022.902633 1025.035151 1026.733449
44.000000 1021.248525 1023.168027 1025.185712 1025.130088 1027.110504 1028.662689
44.100000 1023.539243 1025.850872 1027.825286 1027.674801 1029.459414 1030.981335
44.200000 1027.415977 1029.752433 1031.417325 1031.703458 1033.596501 1038.113002
44.300000 1031.500696 1033.205381 1035.692083 1036.330198 1039.701449 1043.938094
44.400000 1033.645804 1036.572816 1040.165545 1040.364187 1044.241205 1048.114431
44.500000 1036.553153 1040.542836 1044.497398 1044.244253 1047.889209 1051.143840
44.600000 1040.739099 1044.309358 1048.143742 1047.796700 1051.144692 1053.913225
44.700000 1043.826458 1047.514328 1050.915459 1050.639490 1053.952968 1056.335471
44.800000 1046.997426 1049.939923 1053.330865 1053.109771 1056.079555 1057.975516
44.900000 1049.727758 1052.579971 1055.724863 1055.462199 1058.339571 1059.948101
45.000000 1051.888264 1055.053045 1058.113444 1057.739469 1060.311041 1061.716430
45.100000 1054.578019 1057.746633 1060.310577 1059.951422 1062.140931 1063.232478
45.200000 1057.514118 1060.614777 1062.590381 1062.295010 1063.968448 1065.059290
45.300000 1062.431563 1063.887917 1065.197498 1065.146333 1066.346783 1067.589903
45.400000 1064.803273 1065.895566 1067.017808 1067.053764 1068.201617 1069.608083
45.500000 1066.644570 1067.667402 1068.810234 1068.827002 1069.950888 1071.409151
45.600000 1068.173681 1069.215655 1070.427251 1070.449830 1071.631096 1073.061291
45.700000 1069.467555 1070.784574 1071.979670 1072.021157 1073.293136 1074.704117
45.800000 1071.147272 1072.286081 1073.554877 1073.599803 1074.823135 1076.258551
45.900000 1072.703165 1073.896814 1075.218966 1075.243760 1076.579508 1078.041866
46.000000 1074.532869 1075.856952 1077.073239 1077.181538 1078.537354 1080.395517
46.100000 1077.003234 1078.180877 1079.665601 1079.933011 1081.609654 1084.564620
46.200000 1078.956229 1080.039174 1081.966089 1082.366717 1084.645387 1087.904366
46.300000 1080.725189 1082.110542 1084.982182 1085.541168 1088.847890 1094.858586
46.400000 1082.424749 1084.097159 1088.218196 1088.967429 1093.589997 1101.147206
46.500000 1084.136565 1087.093788 1092.927657 1093.416783 1099.940517 1103.854861
46.600000 1085.757452 1090.381908 1100.174761 1098.128260 1103.951844 1106.286587
46.700000 1087.263733 1097.216163 1104.377455 1102.453429 1106.875510 1109.128420
46.800000 1088.884654 1104.297718 1107.452787 1105.892530 1109.589273 1111.737497
46.900000 1090.539837 1107.613448 1110.610384 1108.969832 1112.673686 1115.254528
47.000000 1092.687099 1111.454606 1114.565371 1112.850179 1117.257348 1120.102198
47.100000 1094.967155 1114.883202 1118.387675 1116.779627 1121.685171 1125.476963
47.200000 1097.424984 1117.750434 1121.970021 1120.179611 1125.655210 1128.356973
47.300000 1101.947460 1119.917597 1124.983040 1123.305316 1128.602864 1131.346229
47.400000 1107.892718 1122.491689 1127.994896 1126.460058 1131.394616 1134.088567
47.500000 1115.505473 1125.326687 1130.699332 1129.291289 1133.743616 1135.939313
47.600000 1118.631849 1128.192378 1133.030504 1131.830839 1135.768701 1137.979605
47.700000 1122.309049 1131.230007 1135.074668 1134.189194 1137.542526 1139.828022
47.800000 1127.322373 1133.832012 1136.845647 1136.295337 1139.278943 1141.520854
47.900000 1131.837746 1136.148004 1138.580431 1138.367233 1140.945142 1143.026968
48.000000 1135.320072 1138.125436 1140.516192 1140.327837 1142.779685 1144.788771
48.100000 1137.533222 1139.949040 1142.326379 1142.230763 1144.641669 1146.717389
48.200000 1139.436912 1141.830901 1144.230639 1144.116971 1146.662679 1148.388414
48.300000 1141.580139 1143.649917 1146.024211 1145.936777 1148.328578 1150.230991
48.400000 1143.117959 1145.484653 1147.853705 1147.736035 1149.979622 1152.060968
48.500000 1144.873061 1147.344024 1149.629752 1149.500240 1151.763090 1153.703911
48.600000 1146.519666 1149.175366 1151.381141 1151.225017 1153.455217 1155.403775
48.700000 1148.057824 1150.931030 1153.176405 1152.991133 1155.117967 1156.927495
48.800000 1150.090931 1152.664214 1155.002984 1154.752086 1156.796440 1158.389639
48.900000 1151.922598 1154.465650 1156.654515 1156.433141 1158.415656 1159.828636
49.000000 1153.755017 1156.259552 1158.192212 1158.015599 1159.830634 1161.488335
49.100000 1155.549091 1157.921073 1159.771762 1159.640315 1161.434289 1163.068573
49.200000 1157.522526 1159.691661 1161.433270 1161.353077 1163.043767 1164.456796
49.300000 1159.346702 1161.502518 1163.032118 1163.004608 1164.627690 1166.002289
49.400000 1161.148065 1163.047233 1164.576564 1164.558789 1166.184267 1167.455534
49.500000 1162.724302 1164.622888 1166.114316 1166.096114 1167.672212 1168.995619
49.600000 1164.280460 1166.186255 1167.657134 1167.600737 1169.073794 1170.361048
49.700000 1165.871163 1167.726344 1169.140113 1169.102786 1170.551968 1171.848410
49.800000 1167.536497 1169.204041 1170.581847 1170.526405 1171.913074 1173.196194
49.900000 1169.089571 1170.710722 1172.010674 1171.958958 1173.196946 1174.329811
50.000000 1170.625292 1172.242640 1173.513730 1173.418502 1174.585103 1175.754905
50.100000 1172.104502 1173.691692 1174.837906 1174.803998 1175.982727 1177.169930
50.200000 1173.548429 1175.081049 1176.193870 1176.145967 1177.258767 1178.556045
50.300000 1175.072089 1176.403403 1177.475365 1177.477700 1178.596755 1179.991129
50.400000 1176.489907 1177.788512 1178.813769 1178.838028 1179.909816 1180.956761
50.500000 1177.814851 1179.220308 1180.193654 1180.203350 1181.255201 1182.335660
50.600000 1179.303173 1180.531050 1181.608506 1181.545300 1182.536841 1183.648339
50.700000 1180.692314 1181.936208 1182.881244 1182.872973 1183.842375 1184.880207
50.800000 1182.223275 1183.304078 1184.268748 1184.232537 1185.177580 1186.131334
50.900000 1183.723344 1184.662360 1185.609229 1185.582942 1186.497868 1187.410517
51.000000 1185.178758 1186.196096 1187.104661 1187.075676 1187.974266 1188.724280
51.100000 1186.866109 1187.840182 1188.774062 1188.762726 1189.648027 1190.785900
51.200000 1188.635717 1189.614544 1190.764722 1191.173116 1192.017396 1196.187444
51.300000 1190.698478 1191.851879 1193.930626 1198.390414 1208.828714 1211.707156
51.400000 1192.581747 1205.709709 1210.587902 1209.062026 1214.302499 1216.977116
51.500000 1207.833852 1212.456305 1215.784678 1215.250573 1218.285643 1219.947969
51.600000 1214.009215 1217.017823 1219.153516 1218.904149 1220.754145 1222.190240
51.700000 1217.656718 1219.857638 1221.354201 1221.205886 1222.694493 1223.944428
51.800000 1220.738076 1222.053637 1223.292245 1223.263290 1224.482016 1225.607705
51.900000 1222.794503 1224.036352 1225.286308 1225.378205 1226.666978 1228.740505
52.000000 1224.430807 1225.697714 1227.077773 1227.402802 1229.027067 1232.485220
52.100000 1225.883377 1227.437935 1228.997180 1229.576018 1231.643393 1236.860755
52.200000 1227.981727 1229.630132 1232.451655 1233.189074 1237.701586 1240.003137
52.300000 1230.438917 1233.625963 1239.101769 1237.856158 1240.891930 1241.840169
52.400000 1238.145962 1241.020682 1242.068286 1241.815742 1242.844396 1243.667348
52.500000 1241.788491 1242.975815 1243.800085 1243.837907 1244.711762 1245.962997
52.600000 1243.546396 1244.484860 1245.498116 1245.598153 1246.550013 1248.468340
52.700000 1245.302909 1246.322220 1247.455172 1247.688305 1248.991311 1251.742850
52.800000 1247.023611 1248.248207 1249.595573 1249.957902 1251.714768 1254.616561
52.900000 1249.028606 1250.383839 1252.102309 1252.494896 1254.663272 1258.256270
53.000000 1250.946166 1252.569731 1255.202440 1255.598642 1258.607356 1261.950858
53.100000 1253.224826 1255.857061 1260.134329 1260.015650 1263.826102 1267.283634
53.200000 1259.341883 1264.841786 1268.519163 1268.243040 1271.984904 1274.989047
53.300000 1269.871055 1272.000399 1274.452836 1274.471889 1276.917451 1279.079053
53.400000 1274.592790 1276.615303 1278.912271 1278.799729 1280.867812 1282.517518
53.500000 1283.009621 1285.835810 1288.344436 1288.161414 1290.476407 1292.450542
53.600000 1285.098088 1288.371141 1291.353989 1291.047568 1293.589599 1295.794628
53.700000 1287.124015 1290.481182 1293.653940 1293.280439 1295.835055 1298.363247
53.800000 1289.085042 1292.602608 1295.650432 1295.349124 1297.981490 1300.646480
53.900000 1291.086851 1295.039531 1297.663565 1297.501554 1300.250499 1302.659886
54.000000 1293.704547 1297.451450 1300.138642 1300.014069 1302.767088 1304.906385
54.100000 1297.070093 1300.403705 1303.213391 1302.986296 1305.659509 1307.723809
54.200000 1301.086854 1304.059005 1306.582518 1306.292249 1308.545962 1310.438234
54.300000 1304.997367 1307.562123 1309.288260 1309.204521 1310.969380 1312.505691
54.400000 1308.364239 1310.067413 1311.726714 1311.744837 1313.451628 1314.967439
54.500000 1310.505570 1312.058523 1313.718628 1313.718778 1315.441634 1316.973818
54.600000 1312.729511 1314.279839 1315.853953 1315.768194 1317.216976 1318.758535
54.700000 1315.183638 1316.596688 1318.117930 1318.004605 1319.268478 1320.592922
54.800000 1318.342618 1319.632877 1320.845702 1321.185794 1322.657813 1325.690811
54.900000 1320.003166 1321.305736 1322.807756 1323.315436 1325.327329 1329.491875
55.000000 1321.563687 1322.950573 1324.606472 1325.346773 1327.833524 1333.198562
55.100000 1323.103901 1324.725486 1326.662561 1327.507167 1330.224267 1339.442676
55.200000 1325.066027 1326.921738 1329.439100 1330.485479 1334.019710 1341.695078
55.300000 1327.789828 1330.170332 1334.265251 1334.560878 1338.665230 1343.490694
55.400000 1331.900997 1335.244404 1339.734284 1339.397727 1343.038982 1345.740385
55.500000 1345.631821 1347.055770 1348.437940 1348.675540 1350.091923 1352.357619
55.600000 1348.698668 1349.927715 1351.452616 1351.800199 1353.566712 1355.643307
55.700000 1350.860412 1352.295739 1354.295488 1354.481309 1356.383663 1358.054197
55.800000 1353.548500 1355.276752 1357.318608 1357.388012 1359.198592 1360.729308
55.900000 1364.843512 1367.739331 1371.000308 1370.975728 1374.155905 1376.739208
56.000000 1369.746880 1373.342717 1377.599837 1377.671647 1381.542633 1385.412586
56.100000 1379.803494 1383.691407 1386.691997 1386.632504 1389.569745 1392.799950
56.200000 1386.396001 1388.525915 1390.628607 1390.899635 1393.270980 1396.184635
56.300000 1389.691464 1391.578846 1393.758477 1394.022674 1396.487362 1398.971493
56.400000 1392.820792 1394.763326 1396.963431 1397.030148 1399.073709 1401.072990
56.500000 1395.581689 1398.066040 1400.260251 1400.142331 1401.975566 1403.725353
56.600000 1399.220526 1401.657224 1403.598591 1403.637381 1405.468566 1407.831985
56.700000 1401.776623 1403.747087 1405.460479 1405.564755 1407.224936 1409.314456
56.800000 1404.449275 1405.763958 1407.380504 1407.548823 1408.971613 1411.374580
56.900000 1406.761236 1407.998034 1409.357256 1409.627393 1411.031661 1413.358520
57.000000 1408.725446 1409.891084 1411.297718 1411.517413 1412.867253 1415.227460
57.100000 1410.647855 1411.755191 1413.235840 1413.446365 1414.904832 1417.132675
57.200000 1412.338720 1413.671194 1415.233476 1415.422590 1416.918048 1418.998462
57.300000 1414.145674 1415.582634 1417.251816 1417.444864 1419.174357 1421.163780
57.400000 1415.977197 1417.681260 1419.555688 1419.599622 1421.395315 1423.334577
57.500000 1418.069706 1419.977642 1422.010663 1422.032851 1423.845942 1425.709079
57.600000 1421.507686 1423.716500 1425.785659 1425.727445 1427.486883 1429.429442
57.700000 1426.048410 1428.025954 1429.630277 1429.920732 1431.779987 1434.139826
57.800000 1428.723582 1430.601270 1432.399094 1432.836817 1435.099711 1438.454279
57.900000 1431.197247 1433.092132 1435.500490 1436.044528 1439.007591 1443.350466
58.000000 1433.240280 1435.717179 1438.891253 1439.300057 1442.928794 1446.441084
58.100000 1435.861246 1439.249581 1443.284147 1443.080671 1446.590068 1449.286791
58.200000 1439.468930 1444.176488 1447.647648 1447.189341 1449.800015 1451.919488
58.300000 1450.391692 1451.858562 1453.239728 1453.244996 1454.475384 1455.966446
58.400000 1453.143977 1454.370715 1455.609027 1455.693041 1456.878187 1458.334590
58.500000 1455.172509 1456.251405 1457.414770 1457.579826 1458.772634 1460.376585
58.600000 1456.805009 1458.011768 1459.246368 1459.383496 1460.608951 1462.075123
58.700000 1458.598946 1459.899449 1461.162194 1461.324208 1462.619772 1464.444412
58.800000 1460.291044 1461.667290 1462.932448 1463.114648 1464.423457 1466.437652
58.900000 1462.122662 1463.391516 1464.684178 1464.932055 1466.430259 1468.464306
59.000000 1463.580557 1465.088702 1466.382815 1466.691908 1468.130953 1470.917410
59.100000 1465.227670 1466.820523 1468.196345 1468.683269 1470.229931 1474.274575
59.200000 1467.006950 1468.667418 1470.388823 1471.234642 1473.208502 1483.154504
59.300000 1468.939271 1470.870045 1473.394115 1475.102790 1480.296101 1488.350580
59.400000 1471.013795 1473.600248 1479.467164 1480.225559 1487.365877 1490.629038
59.500000 1473.845750 1478.723373 1487.271403 1485.662005 1490.464157 1492.938631
59.600000 1478.632724 1487.881721 1491.137945 1490.507264 1493.614297 1496.287036
59.700000 1487.210421 1491.014407 1493.631989 1493.538198 1496.233163 1498.847520
59.800000 1489.951513 1493.056753 1496.051992 1496.023052 1498.948036 1501.708907
59.900000 1491.651639 1495.019283 1498.198891 1498.187131 1501.331609 1504.285073
60.000000 1493.715663 1496.917858 1500.568773 1500.275936 1503.370806 1506.091434
60.100000 1495.429860 1498.798664 1502.704246 1502.270517 1505.260965 1507.688116
60.200000 1497.388697 1500.658872 1504.621507 1504.217778 1507.197385 1509.572037
60.300000 1499.473909 1502.814736 1506.433639 1506.080856 1508.928059 1511.498375
60.400000 1501.144744 1504.507528 1508.269544 1507.822429 1510.460804 1513.262395
60.500000 1502.945826 1506.397049 1509.890564 1509.515262 1512.054045 1514.398184
60.600000 1504.778990 1508.136127 1511.489610 1511.198105 1513.701695 1516.425807
60.700000 1506.624909 1509.986850 1513.211441 1512.917061 1515.354798 1517.974485
60.800000 1508.692008 1511.767923 1514.881645 1514.671824 1516.948557 1519.699275
60.900000 1510.494851 1513.684913 1516.587399 1516.459039 1518.738529 1521.352122
61.000000 1512.503916 1515.745664 1518.419654 1518.334781 1520.535401 1523.080805
61.100000 1515.092217 1517.998727 1520.352684 1520.334616 1522.374990 1524.820816
61.200000 1517.898235 1520.247727 1522.332463 1522.422370 1524.376000 1526.755507
61.300000 1520.603525 1522.441893 1524.588562 1524.687153 1526.519612 1529.063389
61.400000 1523.568030 1525.329439 1527.170796 1527.508619 1529.307323 1532.943242
61.500000 1527.098755 1528.691559 1530.904972 1532.055240 1535.374868 1543.448791
61.600000 1529.461531 1531.597058 1535.931096 1536.715493 1542.136466 1546.305711
61.700000 1531.730399 1535.818402 1541.877478 1541.355386 1546.200263 1549.939525
61.800000 1535.638501 1541.793704 1545.947134 1545.770827 1549.759223 1554.124526
61.900000 1543.338112 1546.734180 1550.323917 1550.290697 1553.770726 1557.692712
62.000000 1547.980596 1550.966354 1554.601880 1554.582463 1558.163844 1561.739229
62.100000 1551.894587 1554.913248 1558.445459 1558.495287 1561.934827 1564.484546
62.200000 1555.554965 1558.943905 1562.177861 1561.954118 1564.914483 1567.354197
62.300000 1559.099695 1562.645127 1565.580405 1565.281355 1567.881644 1570.136860
62.400000 1563.434772 1566.639346 1568.993033 1568.970472 1571.320244 1573.975914
62.500000 1567.285695 1570.364065 1572.576200 1572.695744 1575.147751 1578.625421
62.600000 1570.998668 1573.054030 1575.703298 1575.939287 1578.737886 1582.124955
62.700000 1573.588105 1576.266105 1579.124141 1579.287077 1582.376277 1585.795326
62.800000 1577.180720 1579.875006 1583.439593 1583.199124 1586.325831 1589.578633
62.900000 1580.937519 1584.189881 1587.492738 1587.246394 1590.202301 1592.883282
63.000000 1584.968873 1588.145110 1591.128464 1590.912373 1593.501890 1596.071325
63.100000 1588.819323 1591.492060 1594.008713 1594.020840 1596.480565 1599.585904
63.200000 1591.484405 1593.980178 1596.241920 1596.371916 1598.845394 1601.695707
63.300000 1593.662844 1595.990796 1598.194227 1598.416153 1601.014673 1603.882920
63.400000 1595.685111 1597.870919 1600.189161 1600.364774 1602.962162 1605.821072
63.500000 1597.752327 1599.850621 1602.054693 1602.293057 1604.982906 1607.726837
63.600000 1599.794351 1601.827021 1603.975279 1604.215786 1606.681199 1609.495138
63.700000 1602.267706 1603.927374 1606.085517 1606.381537 1608.893761 1611.739903
63.800000 1604.920014 1606.996301 1609.438459 1609.597171 1612.087750 1614.555023
63.900000 1608.461922 1610.679965 1612.996780 1612.967239 1615.326835 1617.278840
64.000000 1610.669700 1613.187662 1615.578303 1615.536767 1617.813412 1620.408746
64.100000 1612.843574 1615.342474 1617.825526 1617.822200 1620.248192 1622.962185
64.200000 1614.879000 1617.507128 1619.959693 1620.027263 1622.567973 1625.295253
64.300000 1617.222198 1619.908100 1622.441389 1622.445997 1625.133918 1627.576498
64.400000 1619.605953 1622.153494 1624.891448 1624.919345 1627.671039 1629.958864
64.500000 1621.994833 1624.583667 1627.272787 1627.310936 1630.095513 1632.390063
64.600000 1624.323245 1626.912836 1629.693393 1629.641357 1632.207774 1634.365885
64.700000 1626.968483 1629.608631 1632.063934 1631.945419 1634.250238 1636.178158
64.800000 1630.118615 1632.505646 1634.533192 1634.429745 1636.451586 1638.268261
64.900000 1633.469624 1635.347096 1637.413506 1637.329819 1639.292132 1641.248859
65.000000 1643.350751 1645.534566 1648.392535 1648.522135 1651.432821 1654.946198
65.100000 1647.742707 1649.794983 1652.892399 1653.242770 1656.663172 1660.716376
65.200000 1651.369375 1654.173405 1658.178883 1658.337176 1662.412298 1665.606277
65.300000 1655.192513 1659.365439 1663.929128 1663.379072 1667.214423 1669.911403
65.400000 1659.927269 1666.514163 1670.081218 1670.289194 1674.195454 1680.977370
65.500000 1666.496995 1670.209725 1673.730107 1675.001069 1681.117050 1687.354657
65.600000 1671.394379 1673.826629 1678.580034 1679.676820 1686.649066 1691.181663
65.700000 1675.213901 1678.179336 1683.767107 1684.120438 1690.375889 1693.624737
65.800000 1679.237101 1683.959011 1689.899284 1689.268195 1694.200240 1696.125655
65.900000 1686.581516 1691.822951 1695.632395 1694.814518 1697.549721 1698.962783
66.000000 1693.907879 1696.698195 1698.508659 1698.262298 1699.826170 1701.236818
66.100000 1697.341009 1698.978141 1700.379877 1700.366818 1701.746387 1703.260543
66.200000 1699.155796 1700.731929 1702.070895 1702.136162 1703.595579 1705.115319
66.300000 1700.874960 1702.382984 1703.740224 1703.830246 1705.256208 1706.964855
66.400000 1702.668140 1704.133267 1705.530137 1705.607449 1707.017958 1708.924745
66.500000 1704.382043 1705.855776 1707.289111 1707.441270 1708.985619 1711.284609
66.600000 1706.202159 1707.729474 1709.213186 1709.608143 1710.968570 1717.416923
66.700000 1708.271733 1709.711452 1711.442147 1712.170693 1713.505196 1725.994843
66.800000 1711.074455 1712.774479 1714.936831 1716.227797 1719.909987 1729.137249
66.900000 1713.769479 1716.065805 1719.882495 1720.701196 1725.015094 1733.013951
67.000000 1716.487839 1720.190186 1725.177962 1725.447704 1730.858473 1736.692841
67.100000 1719.727692 1725.133478 1730.580420 1730.349570 1735.482039 1739.882067
67.200000 1723.039543 1731.028710 1736.521210 1735.689846 1740.505572 1742.815750
67.300000 1727.376907 1736.391269 1741.324043 1740.120579 1743.949437 1745.732092
67.400000 1732.866353 1742.222576 1744.878594 1744.013142 1746.577621 1748.005133
67.500000 1743.058961 1745.800668 1747.448777 1747.147058 1748.841030 1750.161157
67.600000 1746.543375 1747.917454 1749.458049 1749.388030 1750.953285 1752.314347
67.700000 1748.325042 1749.871356 1751.344871 1751.359364 1752.995531 1754.415447
67.800000 1750.394777 1751.779650 1753.217305 1753.314138 1754.896995 1756.654278
67.900000 1752.072066 1753.713673 1755.363294 1755.483836 1757.260544 1759.436757
68.000000 1754.130042 1755.833559 1757.617431 1757.870278 1759.931964 1762.918213
68.100000 1756.182684 1758.169253 1760.310629 1760.668758 1763.449288 1766.647950
68.200000 1758.617651 1760.437973 1763.336398 1763.664396 1767.087763 1769.885337
68.300000 1760.496674 1762.699413 1766.373020 1766.355916 1769.875586 1772.243799
68.400000 1762.533989 1764.962145 1769.323261 1768.905462 1772.499090 1774.355275
68.500000 1764.339349 1767.630363 1772.153187 1771.443535 1774.719284 1776.203994
68.600000 1766.834113 1770.871554 1774.657403 1773.938354 1776.552440 1778.062615
68.700000 1770.215478 1774.467089 1776.707275 1776.310837 1778.303498 1779.482321
68.800000 1774.687514 1777.122237 1778.662256 1778.519283 1780.038093 1781.250264
68.900000 1777.118100 1778.967255 1780.352193 1780.305258 1781.678225 1782.794153
69.000000 1779.216350 1780.725021 1782.057556 1781.950336 1783.201078 1784.265047
69.100000 1781.079594 1782.458786 1783.668592 1783.567297 1784.620188 1785.724202
69.200000 1782.909713 1784.344560 1785.370415 1785.310388 1786.312001 1787.313966
69.300000 1785.136709 1786.231703 1787.272462 1787.262531 1788.248328 1789.427553
69.400000 1787.303327 1788.183786 1789.236922 1789.243490 1790.231679 1791.454435
69.500000 1788.953331 1789.935382 1790.976402 1790.999142 1792.042770 1793.047012
69.600000 1790.603204 1791.452154 1792.636689 1792.680480 1793.869882 1795.036235
69.700000 1792.068698 1793.089880 1794.324073 1794.366280 1795.581112 1797.076117
69.800000 1793.650841 1794.734850 1796.071189 1796.120838 1797.449324 1799.217569
69.900000 1795.210078 1796.500916 1797.783936 1797.941161 1799.342944 1801.398396
70.000000 1797.007091 1798.363699 1799.782071 1800.048562 1801.522073 1804.895903
70.100000 1798.834898 1800.318885 1802.183836 1802.923853 1805.352101 1811.053993
70.200000 1800.816246 1802.542970 1805.267113 1806.359521 1810.647264 1817.861677
70.300000 1802.527484 1804.827693 1808.893544 1809.990337 1815.764824 1822.087924
70.400000 1804.311069 1807.804923 1813.636131 1813.760503 1819.714497 1824.919462
70.500000 1806.855587 1811.561719 1817.398834 1817.323919 1822.964952 1827.565703
70.600000 1809.352916 1815.261266 1820.454192 1820.268231 1825.562530 1829.485759
70.700000 1812.648973 1818.266173 1822.889640 1822.841668 1827.948655 1831.371923
70.800000 1815.196826 1820.613840 1824.972908 1825.048479 1830.077321 1833.472643
70.900000 1817.751759 1822.535751 1827.029546 1827.074688 1831.880516 1835.301708
71.000000 1820.112249 1824.594713 1828.902419 1829.006045 1833.646213 1837.148872
71.100000 1822.234932 1826.583044 1830.800084 1830.954196 1835.422074 1838.962105
71.200000 1824.679756 1828.669604 1832.893544 1832.920266 1837.300049 1840.511808
71.300000 1826.901151 1830.586018 1834.829206 1834.852102 1839.287416 1842.336425
71.400000 1829.051923 1832.518858 1836.873399 1836.828561 1841.227137 1844.075435
71.500000 1830.673007 1834.412125 1838.733755 1838.786775 1843.217445 1846.130335
71.600000 1832.525852 1836.255541 1840.901880 1840.818635 1845.429484 1848.293072
71.700000 1834.744640 1838.296723 1842.818200 1842.851042 1847.331531 1850.208160
71.800000 1836.940677 1840.433570 1845.301759 1845.042309 1849.406973 1852.414801
71.900000 1839.017303 1842.638247 1847.887787 1847.390025 1851.516976 1854.429614
72.000000 1841.552507 1845.536712 1850.376134 1849.752202 1853.468824 1856.080448
72.100000 1844.095773 1848.451523 1852.686877 1852.154379 1855.360143 1858.155140
72.200000 1846.841900 1851.589225 1854.940093 1854.590559 1857.490257 1860.188293
72.300000 1850.292606 1854.378754 1857.305589 1857.093672 1859.746419 1862.063160
72.400000 1853.851618 1857.040206 1859.703054 1859.564277 1861.940131 1864.872172
72.500000 1856.477245 1859.444558 1861.967713 1861.919430 1864.356549 1867.280596
72.600000 1858.986805 1861.693432 1864.173342 1864.154345 1866.555901 1869.674608
72.700000 1861.258755 1863.973604 1866.351473 1866.333169 1868.773264 1871.799776
72.800000 1863.484758 1866.183661 1868.518560 1868.662740 1871.133955 1874.313462
72.900000 1866.169385 1868.728068 1871.105092 1871.392570 1874.015949 1877.732907
73.000000 1868.580569 1871.228793 1873.940486 1874.344546 1877.584907 1880.999673
73.100000 1871.416463 1874.113389 1877.458352 1877.683966 1881.441625 1884.968835
73.200000 1873.651569 1876.618583 1880.467769 1880.579238 1884.569643 1887.611243
73.300000 1875.826069 1878.972561 1883.063970 1883.163473 1887.311693 1890.498352
73.400000 1878.232069 1881.829315 1886.139553 1885.922802 1889.647642 1892.914822
73.500000 1881.588382 1885.492853 1889.451250 1889.084797 1892.518005 1894.888955
73.600000 1884.894977 1889.396641 1892.954033 1892.453629 1895.327016 1896.982436
73.700000 1889.360795 1894.105377 1896.738861 1896.274622 1898.495072 1900.523519
73.800000 1897.945025 1899.631510 1901.454850 1901.773788 1903.950501 1907.241739
73.900000 1901.376173 1903.563739 1905.784684 1905.926550 1908.348898 1910.610207
74.000000 1904.438111 1907.674614 1909.997599 1909.885752 1912.223654 1914.426850
74.100000 1908.711615 1910.845506 1912.968592 1912.982019 1915.060159 1917.561137
74.200000 1910.894949 1913.313302 1915.379787 1915.381714 1917.536065 1919.854456
74.300000 1913.141458 1915.144427 1917.219471 1917.355555 1919.594544 1921.951397
74.400000 1915.047986 1917.216475 1919.227192 1919.380225 1921.629859 1924.253458
74.500000 1917.027113 1919.096344 1921.421860 1921.505978 1923.755370 1926.534930
74.600000 1919.238407 1921.312307 1923.763232 1923.947367 1926.413159 1930.278423
74.700000 1921.388273 1923.811909 1926.509319 1927.076450 1930.809753 1935.778003
74.800000 1923.609531 1926.405159 1930.566680 1931.093802 1936.597850 1939.292761
74.900000 1926.395681 1929.983206 1936.903173 1935.554758 1939.870180 1941.404637
75.000000 1930.572213 1938.571174 1940.813464 1940.169270 1942.264978 1943.625892
75.100000 1940.372043 1942.079127 1943.271515 1943.278088 1944.553478 1946.081013
75.200000 1943.025611 1944.156411 1945.341029 1945.356099 1946.433132 1947.970420
75.300000 1944.991952 1946.022790 1947.127155 1947.154747 1948.359327 1949.520230
75.400000 1946.747124 1947.746784 1948.846412 1948.899289 1950.064035 1951.395577
75.500000 1948.367341 1949.535198 1950.637676 1950.710379 1951.913977 1953.260386
75.600000 1950.000542 1951.218055 1952.409141 1952.455265 1953.662190 1955.004094
75.700000 1951.820089 1953.016417 1954.232091 1954.286652 1955.585182 1956.902027
75.800000 1953.554384 1954.711484 1955.996783 1956.055719 1957.414997 1958.745397
75.900000 1955.062922 1956.478665 1957.682899 1957.765041 1959.051841 1960.567737
76.000000 1956.721975 1958.015817 1959.376145 1959.416574 1960.752806 1962.166072
76.100000 1958.277590 1959.697808 1961.104526 1961.093344 1962.435211 1963.893928
76.200000 1959.930705 1961.286900 1962.741410 1962.745854 1964.089076 1965.588758
76.300000 1961.487246 1962.897273 1964.350843 1964.371085 1965.865601 1967.252665
76.400000 1963.106072 1964.581434 1966.008649 1966.027944 1967.500025 1968.923113
76.500000 1964.735802 1966.306241 1967.697594 1967.742759 1969.114541 1970.832017
76.600000 1966.661863 1967.955065 1969.392577 1969.437026 1970.885176 1972.448063
76.700000 1968.297500 1969.776083 1971.261747 1971.272011 1972.760426 1974.366896
76.800000 1970.320697 1971.773425 1973.230516 1973.320005 1974.804181 1976.780340
76.900000 1972.392155 1973.801712 1975.432858 1975.798896 1977.656998 1982.371144
77.000000 1974.689965 1976.143992 1978.093301 1978.741953 1981.515618 1985.801132
77.100000 1976.750790 1978.704132 1981.631404 1982.028823 1985.545957 1989.021056
77.200000 1979.634680 1982.367915 1986.010298 1986.027193 1989.776467 1992.969182
77.300000 1982.870153 1987.394717 1991.034170 1990.825245 1994.120481 1996.812711
77.400000 1990.227423 1993.870945 1996.367139 1996.332807 1998.733053 2001.828850
77.500000 1994.985942 1997.316280 1999.523036 1999.776755 2002.304907 2005.763040
77.600000 1997.624048 1999.741116 2002.393526 2002.723539 2005.600083 2009.892463
77.700000 2000.155562 2002.295546 2005.308302 2005.596502 2008.938582 2012.384772
77.800000 2002.370569 2005.004879 2008.179447 2008.505126 2012.349841 2015.424010
77.900000 2004.651790 2008.019756 2011.827253 2011.861544 2015.606398 2019.289617
78.000000 2007.343721 2011.313819 2015.807924 2015.881676 2019.929606 2026.103451
78.100000 2010.476062 2015.470059 2021.451587 2021.435914 2027.771995 2032.525223
78.200000 2013.278507 2018.570511 2026.558598 2026.181358 2033.506781 2037.159384
78.300000 2015.770103 2021.821503 2032.275658 2030.391980 2037.059967 2041.070736
78.400000 2019.242191 2027.391044 2035.628372 2034.227573 2040.254582 2044.386787
78.500000 2022.594922 2032.913625 2038.980278 2038.129403 2043.682519 2047.107272
78.600000 2027.734039 2036.302831 2041.982222 2041.263881 2046.391788 2050.126216
78.700000 2033.374907 2039.476338 2044.990417 2044.417630 2049.007413 2052.503862
78.800000 2036.381060 2042.954644 2047.890966 2047.301553 2051.758174 2054.733229
78.900000 2038.868104 2046.101045 2050.705650 2050.069920 2054.131694 2056.950351
79.000000 2040.880181 2049.648030 2053.523118 2052.931667 2056.729313 2059.025979
79.100000 2043.753288 2052.947984 2056.454834 2055.907167 2059.497094 2061.708024
79.200000 2045.955127 2056.151729 2059.947487 2059.426566 2062.913425 2066.054559
79.300000 2049.565904 2059.509580 2063.399758 2063.154775 2067.179491 2074.068407
79.400000 2053.041130 2062.131695 2067.435472 2067.306751 2073.361587 2077.940767
79.500000 2056.355815 2064.051172 2071.452435 2070.689738 2077.527592 2081.445638
79.600000 2060.458038 2066.282571 2075.492821 2073.895589 2080.662460 2084.222926
79.700000 2065.735422 2070.136288 2078.295755 2077.138297 2083.133047 2086.273924
79.800000 2068.855329 2074.300695 2081.510377 2080.415263 2085.556228 2089.380475
79.900000 2073.340228 2079.068106 2084.787983 2083.955871 2088.411284 2092.131835
80.000000 2078.308986 2083.828436 2088.169226 2088.029348 2092.248319 2096.564762
80.100000 2083.762059 2088.385971 2091.958267 2092.180766 2096.112514 2101.380854
80.200000 2088.196835 2091.729902 2095.053205 2095.710595 2099.917548 2105.661371
80.300000 2091.374217 2094.216493 2098.098541 2098.821775 2103.575313 2109.501046
80.400000 2093.622497 2096.489983 2101.004289 2101.758480 2106.957306 2113.441252
80.500000 2095.787519 2098.840289 2104.296060 2104.771673 2110.576369 2117.242418
80.600000 2097.828060 2100.976191 2107.156537 2107.587944 2114.047595 2120.642374
80.700000 2099.777313 2103.418817 2109.906487 2110.468137 2117.565987 2124.091709
80.800000 2101.813327 2105.706628 2112.860195 2113.429085 2121.482463 2127.836177
80.900000 2104.141520 2108.029675 2115.794785 2116.318198 2125.034992 2131.703058
81.000000 2106.564031 2110.616968 2118.189145 2119.241650 2128.805532 2135.180870
81.100000 2109.141117 2113.782750 2121.056523 2122.170066 2131.731371 2138.030091
81.200000 2111.613816 2116.687597 2123.876331 2125.171237 2135.219333 2140.772028
81.300000 2114.556122 2119.836277 2126.820425 2128.508401 2139.369843 2142.857805
81.400000 2117.685696 2123.473506 2129.430099 2131.867226 2143.157015 2145.315461
81.500000 2121.441714 2127.371878 2133.494115 2135.581858 2145.985250 2148.270439
81.600000 2126.108431 2131.818983 2138.513664 2140.695816 2150.715663 2158.078139
81.700000 2132.060297 2137.277016 2142.937446 2145.928318 2157.301786 2163.522359
81.800000 2138.876584 2143.137291 2146.968593 2151.359622 2162.974159 2167.210279
81.900000 2146.796266 2150.249882 2159.768905 2158.846983 2166.118066 2169.942883
82.000000 2153.908010 2161.868513 2166.665239 2165.954214 2170.035522 2173.404958
82.100000 2162.819917 2167.568411 2170.675408 2170.668637 2173.435829 2179.426629
82.200000 2169.283537 2172.308547 2175.089375 2176.034234 2179.268600 2188.729245
82.300000 2173.515965 2177.451611 2182.275903 2182.471880 2187.974867 2192.448826
82.400000 2176.227141 2184.153881 2189.456912 2188.760450 2193.224977 2197.062223
82.500000 2181.936755 2189.499142 2193.231039 2192.902082 2196.872900 2200.352609
82.600000 2188.254251 2192.478630 2196.039754 2195.955497 2199.602382 2202.838743
82.700000 2191.492119 2195.395853 2198.931756 2198.767962 2202.340762 2205.338139
82.800000 2194.335843 2198.315869 2201.545431 2201.516604 2204.835270 2207.798759
82.900000 2197.607625 2201.061930 2204.331858 2204.317646 2207.513983 2210.784215
83.000000 2200.603468 2204.000442 2207.215523 2207.130639 2210.272196 2213.250910
83.100000 2203.532231 2206.407117 2209.687942 2209.686175 2212.918944 2215.960606
83.200000 2206.228535 2208.665153 2211.980826 2212.111891 2215.418981 2218.715593
83.300000 2208.559156 2211.341199 2214.781613 2214.908691 2218.183210 2222.320339
83.400000 2211.459052 2214.243901 2217.688100 2217.895857 2221.460446 2225.942454
83.500000 2214.679191 2217.592168 2221.035052 2221.149240 2224.830991 2228.222099
83.600000 2217.578400 2220.989624 2224.430404 2224.407426 2228.019314 2230.848488
83.700000 2220.495838 2224.288543 2228.101279 2227.784500 2231.097193 2233.317087
83.800000 2224.725804 2228.730661 2231.987848 2231.500864 2234.088389 2236.249996
83.900000 2231.418556 2234.513294 2236.260636 2236.288947 2238.223695 2240.953048
84.000000 2236.614672 2238.183663 2240.436643 2240.735610 2243.366972 2246.202341
84.100000 2239.154446 2241.715413 2244.382344 2244.589977 2247.565540 2250.395483
84.200000 2242.014161 2245.459322 2248.540393 2248.538156 2251.574762 2254.012796
84.300000 2245.718520 2249.303938 2252.267025 2252.220866 2255.093251 2258.615841
84.400000 2251.217335 2254.237952 2257.041800 2257.122718 2260.188452 2263.448075
84.500000 2254.809013 2257.933664 2260.978675 2260.944269 2264.023286 2266.354856
84.600000 2258.112439 2261.503984 2264.658310 2264.451495 2267.289692 2269.567923
84.700000 2262.103234 2265.507218 2268.222997 2268.012563 2270.370894 2272.770143
84.800000 2266.025409 2268.594375 2271.142355 2270.975006 2273.313084 2275.460891
84.900000 2269.696443 2271.837566 2274.042750 2274.142302 2276.441931 2278.842815
85.000000 2272.259644 2274.521043 2276.769572 2276.894746 2279.320060 2281.651221
85.100000 2275.085557 2277.299144 2279.534189 2279.570973 2281.986287 2284.356543
85.200000 2277.779135 2279.981803 2282.437286 2282.354802 2284.694364 2286.751012
85.300000 2280.301922 2283.228728 2285.507815 2285.368269 2287.510817 2289.284378
85.400000 2284.020412 2286.612313 2288.624917 2288.504095 2290.458134 2292.121116
85.500000 2287.399328 2289.469813 2291.327402 2291.380286 2293.303473 2295.578091
85.600000 2290.551917 2292.311341 2294.408654 2294.687646 2296.997933 2300.341890
85.700000 2293.267918 2294.977652 2297.476964 2297.807581 2300.777409 2304.033152
85.800000 2295.725105 2297.859740 2300.931265 2301.049181 2304.160962 2307.600040
85.900000 2298.247952 2301.172113 2304.508320 2304.449328 2307.641059 2310.514626
86.000000 2301.387389 2304.943982 2308.402578 2308.312584 2311.357559 2315.478842
86.100000 2304.905003 2308.450152 2312.002422 2312.061562 2315.448886 2320.248852
86.200000 2308.587631 2311.809302 2315.513131 2315.709219 2319.722976 2324.304535
86.300000 2311.643119 2314.520026 2318.825950 2319.042293 2323.508235 2327.427371
86.400000 2314.341264 2317.679274 2322.170181 2322.290870 2326.916730 2330.126978
86.500000 2317.589668 2321.342253 2325.640990 2325.659703 2329.890937 2332.691714
86.600000 2321.422096 2325.518226 2329.872193 2329.522118 2333.245356 2335.861297
86.700000 2326.261197 2330.608452 2334.177831 2333.937198 2337.130723 2340.054636
86.800000 2331.665894 2335.242249 2337.987236 2337.969806 2340.822636 2343.813038
86.900000 2335.546552 2338.801973 2341.434657 2341.509194 2344.463204 2347.066016
87.000000 2339.006571 2341.927219 2345.103525 2344.817364 2347.567353 2349.963532
87.100000 2342.626323 2345.814141 2348.705016 2348.663110 2351.435201 2354.859691
87.200000 2347.459759 2350.268387 2353.017886 2353.315499 2356.419336 2360.916273
87.300000 2350.385065 2353.116222 2356.438615 2356.864946 2360.774019 2365.353988
87.400000 2352.978141 2355.798355 2359.739413 2360.106718 2364.498616 2368.127870
87.500000 2355.806371 2358.742064 2363.243088 2363.365296 2368.033227 2371.160702
87.600000 2358.926935 2362.210662 2367.012013 2366.813116 2371.140846 2373.850821
87.700000 2362.515770 2366.468202 2371.018337 2370.610153 2374.511970 2376.933062
87.800000 2366.708423 2371.654032 2375.451256 2375.077816 2378.582564 2381.054192
87.900000 2371.339373 2375.935313 2379.640377 2379.127822 2382.364178 2384.247593
88.000000 2377.268044 2380.499457 2383.370041 2383.010798 2385.453812 2386.956475
88.100000 2381.456051 2384.984997 2386.769796 2386.500461 2388.176377 2389.265249
88.200000 2387.881459 2389.050596 2390.004727 2390.006969 2391.003165 2391.847266
