depth(m) lower_95(kyr) lower_68(kyr) median(kyr) mean(kyr) upper_68(kyr) upper_95(kyr)
11.800000 299.738120 300.694072 301.583408 301.569918 302.488712 303.347890
11.870000 301.129816 302.227050 303.333546 303.451681 304.649119 306.154327
11.940000 302.437949 303.818584 305.330162 305.436770 307.041195 309.034378
12.030000 304.211604 305.945429 307.719943 307.881906 309.883605 312.095255
12.090000 305.667602 307.274770 309.207921 309.410691 311.691648 314.074718
12.200000 307.884980 309.516531 311.687264 311.891779 314.402554 317.081322
12.330000 310.248363 312.195559 314.620605 314.727020 317.280816 319.602454
12.380000 311.262402 313.376436 315.969268 315.931558 318.426288 320.466766
12.430000 312.493433 314.812438 317.410297 317.264582 319.711801 321.564359
12.510000 314.463394 316.972295 319.669944 319.401201 321.622445 323.344208
12.530000 315.143646 317.628736 320.357084 320.105745 322.333456 323.978537
12.620000 322.328236 324.074496 325.765651 325.799351 327.630924 329.264995
12.640000 323.034885 324.787078 326.535102 326.518363 328.264434 329.840199
12.710000 324.686211 326.949288 328.806358 328.624007 330.379340 331.504092
12.790000 326.644229 329.413123 331.169870 330.861913 332.313070 333.244842
12.810000 327.201565 329.985060 331.657110 331.387395 332.814152 333.754729
12.890000 329.423911 331.697895 333.192241 332.980880 334.295688 335.247849
12.970000 331.907744 333.392185 334.654567 334.538410 335.663120 336.615576
13.050000 334.038171 335.134732 336.209475 336.179171 337.194956 338.125125
13.180000 336.973773 337.966551 338.906787 339.003632 340.018008 341.499092
13.200000 337.414280 338.432533 339.389520 339.476228 340.473677 341.978757
13.270000 338.954554 339.982211 340.914340 341.072062 342.054172 344.104214
13.290000 339.437063 340.393798 341.376816 341.558688 342.632027 344.774472
13.330000 340.366632 341.316593 342.304361 342.557177 343.677784 346.499567
13.370000 341.274674 342.206989 343.289155 343.532400 344.812995 347.520618
13.390000 341.725245 342.597451 343.761537 344.027310 345.362348 347.997058
13.460000 343.019875 343.902592 345.236229 345.541886 347.138815 349.902480
13.540000 344.291095 345.409978 346.886695 347.247967 349.003866 352.308814
13.560000 344.621315 345.826069 347.347906 347.703120 349.671189 352.827361
13.670000 346.493413 347.829104 349.504028 349.920795 352.361245 355.429742
13.770000 348.074767 349.556757 351.415872 351.932355 354.535389 358.278651
13.850000 349.341168 350.947164 353.215649 353.651670 356.542134 359.875428
13.910000 350.476743 352.221454 354.734128 355.067463 357.967851 361.176295
13.960000 351.369855 353.352483 356.013122 356.304932 359.330180 362.838157
14.020000 352.546196 354.725131 357.671151 357.888319 361.155896 364.293544
14.080000 353.656826 356.325865 359.446101 359.588865 363.110353 366.205836
14.180000 356.037845 359.305117 363.180797 363.098073 366.785161 370.129690
14.320000 359.934288 363.003329 367.239375 366.865913 370.381224 374.037106
14.460000 362.870075 366.207249 370.313686 370.121092 373.850564 377.173654
14.590000 366.953257 370.405299 373.805479 373.836875 377.274671 380.437025
14.690000 370.385904 373.407045 376.710306 376.700745 380.083257 383.144054
14.770000 372.633681 375.707536 378.962504 378.945910 382.282153 385.111401
14.860000 375.478184 378.324132 381.594008 381.691094 384.985715 388.215012
14.950000 378.439938 381.102422 384.432342 384.449983 387.537059 391.172877
15.060000 382.117857 385.085238 388.155764 388.283219 391.550272 394.402449
15.180000 386.364519 389.312770 392.469082 392.341640 395.537456 397.163457
15.255000 389.081024 392.143443 394.998382 394.723056 397.302038 398.600636
15.330000 392.393000 394.968167 397.334055 397.000792 398.783391 399.988037
15.420000 396.707967 398.649034 399.817345 399.684497 400.783948 401.790974
15.470000 399.018670 400.029388 401.016331 401.017366 402.017734 403.105271
15.520000 400.412786 401.230547 402.221561 402.279945 403.316147 404.467602
15.600000 401.790397 402.748247 403.827314 403.928166 405.149440 406.639168
15.630000 402.323494 403.338791 404.498395 404.576745 405.886437 407.365505
15.740000 404.120696 405.228957 406.527749 406.618112 408.043832 409.600183
15.850000 405.856971 407.188861 408.603306 408.700734 410.272764 411.950022
15.950000 407.640688 409.189042 410.642428 410.741329 412.273422 414.246136
16.060000 410.196299 411.750677 413.308195 413.499013 415.325051 417.886450
16.170000 413.429010 415.105900 417.303892 417.544742 420.108047 423.015884
16.270000 417.646741 419.760479 422.595218 422.467772 425.032235 427.174514
16.410000 423.176967 425.631367 427.483226 427.363629 429.042028 431.046857
16.510000 426.906912 428.563931 430.124104 430.158289 431.866430 433.963781
16.610000 429.481008 430.704453 432.265381 432.399338 434.064274 435.948106
16.710000 431.216486 432.582099 434.198300 434.334451 436.101916 438.080842
16.820000 433.098952 434.594559 436.239220 436.358621 438.047585 440.335527
16.920000 434.800650 436.575518 438.211442 438.330776 440.038432 442.768657
17.020000 436.731008 438.501546 440.269757 440.417493 442.251114 444.900020
17.110000 438.540651 440.246556 442.004064 442.168348 444.132267 446.886446
17.210000 440.329438 442.143438 443.771893 444.021278 446.072465 448.658115
17.310000 442.035151 443.889210 445.566586 445.847021 447.997340 450.571890
17.410000 443.955918 445.409052 447.221839 447.547944 449.908555 452.407017
17.510000 445.567038 447.169882 448.849545 449.227861 451.662560 454.193166
17.610000 447.205943 448.698347 450.522103 450.907037 453.488172 455.873678
17.710000 448.760796 450.356988 452.124743 452.582730 455.302702 457.731355
17.805000 450.239546 451.814225 453.730603 454.166395 456.943303 459.417175
17.900000 451.872469 453.352161 455.255870 455.797714 458.660151 460.766254
17.930000 452.435232 453.939314 455.847315 456.364585 459.224497 461.295691
18.000000 453.623421 455.155292 457.181152 457.652616 460.545722 462.632808
18.030000 454.180765 455.705505 457.768525 458.248909 461.129807 463.426972
18.100000 455.418941 456.970112 459.239369 459.603514 462.508305 464.865322
18.200000 457.062352 458.725506 461.229362 461.486178 464.391742 467.023613
18.300000 458.817393 460.453459 463.351775 463.399372 466.407882 469.043101
18.410000 460.661776 462.621425 465.611324 465.663526 468.828737 471.188539
18.510000 462.524891 464.853840 467.914868 467.969626 471.106154 473.631477
18.610000 464.825325 467.749282 470.998089 470.731879 473.736937 475.499180
18.710000 467.676415 470.936960 473.874032 473.649442 476.327920 477.927700
18.810000 470.868973 474.397077 477.082533 476.841518 479.154244 481.308919
18.910000 474.367385 477.328545 479.650329 479.881586 482.274649 486.905216
19.050000 479.061627 481.061403 483.743421 485.695142 492.320943 500.227017
19.150000 481.040055 483.559851 487.788378 489.947379 497.918212 504.200290
19.250000 483.068435 486.577767 494.440220 494.431833 502.364214 508.004513
19.350000 485.290972 491.201634 498.247844 498.922344 508.067230 514.535645
19.450000 488.271480 495.724474 501.170358 502.409539 511.445481 519.309275
19.550000 493.403750 498.890965 503.548634 505.471040 515.294872 523.038469
19.650000 498.274580 501.898313 505.935715 508.279196 517.864148 526.610463
19.750000 502.571247 505.919462 508.997131 511.594284 520.119748 529.669199
19.850000 506.339740 508.502050 512.113374 514.530812 522.356704 532.047724
19.950000 508.501266 510.835437 514.945003 517.214068 524.355054 534.184434
20.050000 510.441852 512.942710 518.461812 519.955632 526.640087 536.292266
20.150000 512.492640 515.678087 522.701993 522.778980 528.657170 537.884373
20.250000 514.490031 518.886954 526.109506 525.737290 530.886155 539.798629
20.270000 515.084480 519.582613 526.786644 526.285405 531.519141 540.236183
20.350000 517.420321 522.454851 528.677673 528.407800 533.087798 541.632533
20.430000 519.971541 525.391954 530.418079 530.492018 534.696316 543.046240
20.510000 522.971762 528.666438 532.269629 532.644094 536.527129 544.351372
20.610000 527.749175 532.130830 534.766340 535.527022 539.315139 546.018204
20.700000 531.815462 534.484693 537.047507 537.944954 541.779218 547.298834
20.810000 534.570469 536.890573 539.804025 540.585384 544.777424 549.093823
20.910000 536.361454 538.861264 542.149780 542.814926 547.195460 550.794528
20.985000 538.090168 540.470659 544.177116 544.495711 548.820003 551.957022
21.060000 539.608010 542.172195 546.190557 546.275523 550.460375 553.243087
21.135000 541.379040 543.919896 548.166413 548.091551 552.167968 554.847789
21.210000 543.402643 545.923404 550.212043 549.903803 553.773891 556.284310
21.290000 545.130449 548.127159 552.150473 551.898303 555.443554 557.965954
21.370000 547.226193 550.738053 554.089504 553.956197 557.041380 559.376601
21.460000 550.818749 553.849738 556.650945 556.520079 559.157140 561.697187
21.560000 555.111526 557.492540 559.703130 559.800668 562.222685 565.162825
21.620000 557.034895 559.522735 561.742391 561.848143 564.314560 566.972186
21.680000 558.938658 561.468272 563.750511 563.837746 566.474872 568.759002
21.760000 561.477686 563.821126 566.309804 566.343313 568.838073 571.262819
21.830000 563.406301 566.190888 568.830979 568.759258 571.265270 573.826767
21.900000 565.721739 568.605879 571.253241 571.291096 574.013834 577.042769
22.010000 569.611111 572.629343 575.695971 575.462925 578.182116 580.459318
22.150000 574.813764 578.695615 581.059211 580.966959 583.420402 586.680484
22.280000 581.222900 582.976047 585.146984 585.515012 587.957017 592.269283
22.410000 584.221194 586.276118 588.821281 589.266032 592.157824 596.739350
22.500000 586.408234 588.661601 591.864260 592.277545 595.714726 601.418430
22.600000 589.159213 591.863991 595.764969 596.212161 600.924916 604.978822
22.700000 591.892453 596.021469 600.391817 600.596164 605.316964 609.852196
22.780000 594.681591 599.697044 604.301649 604.229511 608.930245 613.588358
22.870000 600.523911 604.687213 609.342974 609.216797 613.948469 617.584615
22.950000 605.898292 609.972984 614.783405 614.128351 617.903904 619.444452
23.010000 608.603854 614.684692 618.445641 617.451712 620.080523 621.052106
23.080000 617.067099 619.537359 620.958387 620.748163 622.089596 623.232378
23.140000 620.275601 621.655019 622.731497 622.680935 623.849570 624.911369
23.220000 622.381244 623.508184 624.632543 624.709979 625.932806 627.420806
23.300000 623.982845 625.033926 626.147471 626.249194 627.526616 629.168087
23.390000 625.375217 626.472848 627.688928 627.815970 629.099908 630.929040
23.480000 626.828529 627.928232 629.214857 629.336773 630.711596 632.506725
23.560000 628.154746 629.170057 630.509778 630.647225 632.083385 634.036944
23.650000 629.540863 630.602555 632.024688 632.124929 633.589059 635.598484
23.760000 631.124059 632.312501 633.867267 633.959152 635.524940 637.492084
23.830000 632.220242 633.491853 635.041574 635.162717 636.789024 638.744323
23.970000 634.285756 635.811703 637.366022 637.482854 639.237969 641.287706
24.080000 635.842038 637.555503 639.155168 639.320414 641.170182 643.264156
24.210000 637.872436 639.667577 641.397292 641.528498 643.499119 645.492296
24.300000 639.209321 641.176505 643.085956 643.122848 645.152185 647.041523
24.400000 640.905243 642.901384 644.870984 644.913331 646.991884 648.686124
24.480000 642.353445 644.327068 646.390865 646.399916 648.469731 650.274701
24.600000 644.661808 646.587771 648.684535 648.655702 650.669747 652.407835
24.710000 646.665529 648.753829 650.908969 650.805896 652.800870 654.452819
24.760000 647.645482 649.803367 651.988703 651.847608 653.813692 655.388190
24.830000 648.942690 651.435412 653.548231 653.346466 655.158265 656.774713
24.880000 650.124830 652.635773 654.654949 654.470617 656.218165 657.608955
24.940000 651.775066 654.246844 656.013710 655.823925 657.447786 658.832457
25.010000 653.550762 655.931127 657.412908 657.313457 658.707183 660.434533
25.070000 654.826911 657.177276 658.584747 658.543022 659.877810 661.730621
25.090000 655.366315 657.596394 659.025896 658.980403 660.256250 662.164810
25.200000 657.742499 659.676959 660.959079 661.003672 662.392005 664.338079
25.300000 659.899395 661.505572 662.744276 662.853670 664.191855 666.508791
25.360000 661.212446 662.605490 663.951848 664.091336 665.438134 668.071253
25.400000 662.073133 663.429774 664.813674 664.989541 666.518044 669.059948
25.430000 662.677548 664.109232 665.483470 665.757317 667.386596 670.125847
25.460000 663.558308 664.861614 666.337712 666.623031 668.358917 671.314107
25.490000 664.164846 665.658945 667.301934 667.609324 669.649653 672.474438
25.530000 665.052762 666.785580 668.941849 669.246770 671.784623 674.964339
25.580000 666.517649 668.552447 671.738013 671.916799 675.176364 679.474405
25.720000 670.133374 675.685013 683.915688 684.168633 692.841136 698.626568
25.860000 675.231880 689.140337 698.343417 697.532605 707.524895 713.091594
26.000000 680.291677 705.022122 712.612134 709.635290 715.848026 717.972849
26.120000 696.373171 711.110403 716.063293 714.397466 718.645923 720.655357
26.240000 713.951137 716.524388 719.024800 718.794625 721.257564 722.888687
26.330000 716.905172 719.054188 721.282582 721.057584 723.157798 724.857025
26.390000 718.754816 720.810034 722.794495 722.663027 724.682754 726.478943
26.440000 720.247305 722.367995 724.362965 724.254960 726.349306 728.207973
26.490000 721.394105 723.852234 725.988523 725.866706 728.113953 730.229356
26.570000 723.692922 725.819200 728.134874 728.187920 730.739906 733.628072
26.710000 726.510792 728.652086 731.508376 731.692642 734.932199 738.172913
26.830000 728.895377 731.449339 734.424977 734.626673 737.950414 741.442251
26.950000 731.109525 734.343875 737.358350 737.399390 740.756433 744.171107
27.070000 733.276752 737.069506 740.195907 740.111719 743.351524 746.653331
27.175000 735.899524 739.350545 742.271743 742.258350 745.340469 748.558099
27.280000 738.295458 741.564939 744.358137 744.419001 747.424121 750.444027
27.370000 741.085214 743.495149 746.174996 746.349964 749.235108 752.303369
27.440000 742.754504 744.966619 747.688813 747.851944 750.757483 753.652829
27.490000 743.967601 746.095096 748.759346 748.943313 751.785013 754.542169
27.560000 745.245086 747.621558 750.388841 750.438017 753.170341 755.857395
27.645000 747.082718 749.386723 752.161016 752.231621 755.041148 757.945815
27.730000 748.529489 751.217989 754.118072 754.038338 756.768883 759.596615
27.850000 751.167797 753.744699 756.621257 756.603425 759.507828 762.317082
27.980000 753.916775 756.770138 759.605954 759.571191 762.378841 765.025696
28.090000 756.483674 759.504219 762.372973 762.328732 765.094237 767.714938
28.190000 759.321686 762.186163 765.028130 764.925544 767.531562 770.035340
28.290000 762.657868 765.148554 767.705525 767.692753 770.366356 773.060828
28.390000 765.299815 767.795690 770.313579 770.477389 773.163083 775.937852
28.480000 767.996048 770.190229 773.105503 773.111737 775.830763 778.696620
28.580000 770.882180 773.312957 776.304691 776.322012 779.183754 781.635936
28.680000 773.755760 776.355249 779.691762 779.557881 782.620255 784.597096
28.780000 776.545786 779.644143 783.110935 782.572608 785.204854 786.678946
28.890000 779.074663 783.592368 786.223905 785.728133 787.857130 789.257452
28.990000 782.383557 786.919456 788.732957 788.452591 790.156128 791.796668
29.080000 785.767096 788.885849 790.550378 790.427258 792.041245 793.712519
29.175000 787.992332 790.655628 792.306864 792.291890 793.988422 796.304446
29.270000 790.482615 792.538568 794.057293 794.182937 795.909120 798.162376
29.370000 793.305697 794.703463 796.289889 796.420685 798.087946 800.490374
29.480000 795.499038 796.781716 798.656458 798.720631 800.512657 802.781377
29.590000 797.497278 798.940488 800.791003 800.935400 802.904933 805.431188
29.690000 799.240216 800.882487 802.955883 803.035466 805.149568 807.484861
29.780000 800.962858 802.751713 804.897023 804.980470 807.099980 809.497653
29.870000 802.778375 804.679082 806.858820 806.998600 809.269706 811.611111
29.970000 804.963974 806.810040 808.961287 809.073340 811.242673 813.636772
30.080000 807.157509 809.187730 811.229679 811.431015 813.744259 816.299334
30.180000 809.369644 811.517144 813.701334 813.884246 816.332845 818.942091
30.280000 811.605699 813.875151 816.453166 816.804714 819.711166 824.026829
30.380000 813.851046 816.088669 819.049263 819.536977 823.121101 827.504531
30.470000 815.713615 818.057696 821.453371 821.915124 826.014547 829.964805
30.573333 817.573849 820.543340 824.462316 824.596320 828.925952 832.611863
30.676667 819.462667 822.943119 827.334300 827.269732 831.612941 835.105060
30.780000 821.810435 825.579068 829.924320 829.920214 834.238995 837.443744
30.880000 824.596759 828.397084 832.799204 832.542295 836.669646 839.638894
30.980000 826.967405 831.088316 835.501219 835.245559 839.166680 842.172232
31.080000 829.709899 834.077012 838.508908 838.118854 841.910950 844.670190
31.180000 832.563640 837.157539 841.388112 841.015990 844.690589 847.826420
31.280000 835.184382 840.247409 844.118814 843.895965 847.514625 850.876163
31.380000 838.034980 842.854913 846.711670 846.513055 850.094197 853.886545
31.490000 841.122705 845.425001 849.464217 849.314366 853.030869 856.803511
31.590000 843.670745 848.297314 852.519179 852.262736 856.262115 860.260209
31.680000 846.966245 851.632499 856.218243 855.847830 860.062755 862.131234
31.780000 850.925528 856.258384 860.808888 859.827539 863.027454 864.314338
31.890000 856.674251 862.950686 864.840584 864.301442 866.001833 867.083101
32.020000 865.531997 866.794336 867.925516 867.976271 869.096822 870.744558
32.160000 867.977875 869.171171 870.329578 870.494463 871.822200 873.737647
32.240000 869.342655 870.508177 871.801863 871.952658 873.254736 875.839478
32.320000 870.704804 871.891398 873.207338 873.393331 874.810481 877.442204
32.460000 872.820602 874.119417 875.567108 875.736336 877.373260 879.753208
32.570000 874.513083 875.930342 877.433765 877.664877 879.511610 881.857128
32.660000 876.008289 877.556157 879.169458 879.446558 881.441031 884.148465
32.740000 877.410213 879.108111 880.894103 881.188017 883.484272 886.257650
32.820000 878.926416 880.657895 882.752719 883.136271 885.905294 888.452387
32.910000 880.839361 882.621574 885.134725 885.399525 888.456174 891.388615
33.020000 883.179542 885.264119 888.238781 888.462375 891.718779 894.379110
33.150000 886.193880 889.430838 892.708354 892.518921 895.540110 898.060477
33.260000 890.067145 893.773342 896.652428 896.423237 899.078692 901.705816
33.330000 894.274540 897.257842 899.696460 899.617010 901.877075 904.541701
33.390000 896.964423 899.252887 901.591955 901.645989 904.048701 906.863066
33.430000 898.080645 900.471914 902.757253 902.845340 905.197031 908.041746
33.480000 899.542065 901.901943 904.264194 904.288477 906.750786 909.232993
33.530000 900.704409 903.211880 905.628887 905.664367 908.291883 910.649259
33.600000 902.180245 904.952312 907.516518 907.467716 910.109843 912.188606
33.700000 905.110689 907.399791 910.114256 909.933214 912.374777 914.380785
33.805000 907.516852 910.016851 912.556212 912.393821 914.647347 916.613042
33.910000 910.105039 912.702415 914.847672 914.749357 916.805298 918.579566
34.025000 913.064677 915.255826 917.230127 917.145529 919.087684 920.858199
34.140000 915.851047 917.679620 919.476509 919.422957 921.192007 922.762840
34.270000 918.696823 920.188315 921.913931 921.881270 923.571292 925.021267
34.350000 920.244020 921.840595 923.504459 923.465821 925.142292 926.637075
34.400000 921.335007 923.069466 924.639415 924.653375 926.303409 927.954582
34.430000 922.285689 923.904485 925.458005 925.500373 927.197509 928.897588
34.540000 925.033275 926.710289 928.554630 928.699787 930.657091 933.468990
34.670000 928.438255 930.552447 933.028223 933.303932 936.097044 939.186479
34.770000 931.318556 934.098708 937.206623 937.148826 940.017807 942.693736
34.880000 935.640925 938.627411 941.625331 941.392663 944.199539 946.479877
34.980000 939.040501 941.524319 944.233425 944.137648 946.819094 949.035531
35.090000 942.463692 944.718596 947.015834 946.998830 949.368872 951.235419
35.190000 945.430508 947.574881 949.725003 949.676899 951.803694 953.916334
35.290000 948.349580 950.529829 952.622111 952.511522 954.535959 956.022664
35.390000 951.608013 953.783410 955.770666 955.558963 957.125363 958.597830
35.480000 955.927271 957.926745 959.772240 960.521579 963.151017 969.652264
35.580000 958.235178 959.729915 962.794133 964.632435 971.291610 977.597970
35.680000 960.320853 962.194060 965.724655 968.041093 976.438023 983.257757
35.780000 962.621053 965.374918 968.676007 971.519681 982.791916 987.957163
35.880000 965.647792 968.722284 971.916391 975.007833 986.037416 990.871843
35.980000 969.533783 971.969723 975.803839 978.599494 989.290608 993.882566
36.080000 972.736466 975.490362 979.617696 982.133153 991.889379 996.243254
36.180000 975.792783 978.977598 983.474693 985.575060 994.411081 997.957553
36.280000 979.028613 983.129209 988.529804 989.355365 996.798400 1000.220426
36.380000 982.636665 987.302874 992.780710 993.088563 999.273032 1002.433527
36.480000 987.179419 992.339109 997.199303 996.917351 1001.482209 1004.353285
36.570000 991.281042 996.518797 1000.736405 1000.296929 1003.895703 1007.118585
36.670000 996.969421 1001.288421 1004.114129 1004.062632 1006.968365 1010.056321
36.760000 1001.963417 1004.366096 1007.009832 1007.026386 1009.787554 1012.431459
36.780000 1002.508841 1005.076738 1007.798381 1007.718034 1010.478509 1012.961083
36.870000 1005.786483 1008.255545 1011.077297 1011.124257 1013.682807 1017.465984
36.960000 1009.954424 1012.854978 1015.583279 1016.142287 1019.834395 1024.600243
36.980000 1010.673315 1013.522020 1016.339460 1016.901348 1020.665221 1025.364291
37.060000 1014.863411 1017.715852 1022.479836 1022.392174 1027.036474 1029.447460
37.080000 1015.872468 1018.524546 1023.269143 1023.224991 1027.961190 1030.190461
37.160000 1018.616727 1026.085520 1030.326686 1029.196179 1031.942981 1033.837729
37.180000 1019.026717 1026.924632 1031.255154 1030.085656 1032.925348 1034.647142
37.260000 1027.750908 1031.870823 1033.440501 1033.300111 1035.217688 1036.555946
37.360000 1032.706621 1034.270632 1035.762637 1035.837031 1037.440087 1039.565345
37.460000 1034.632411 1036.055230 1037.727555 1037.794221 1039.391705 1041.667137
37.550000 1036.293189 1037.743793 1039.337161 1039.531071 1041.362995 1043.657209
37.650000 1037.761157 1039.510769 1041.313063 1041.436996 1043.418018 1045.654155
37.750000 1039.486878 1041.256713 1043.222015 1043.312333 1045.400600 1047.823171
37.850000 1041.249807 1042.974777 1045.175273 1045.241352 1047.330783 1049.876332
37.940000 1042.725070 1044.683417 1046.979632 1047.079631 1049.486438 1051.860039
38.040000 1044.466904 1046.490198 1049.048054 1049.128940 1051.684185 1054.249727
38.140000 1046.343614 1048.601253 1051.269497 1051.343342 1054.151513 1056.532901
38.240000 1048.487053 1050.781812 1053.770494 1053.641763 1056.428977 1058.456287
38.340000 1050.828270 1053.594974 1056.456368 1056.247386 1058.914640 1060.596799
38.440000 1053.879072 1056.770995 1059.493701 1059.157103 1061.352908 1062.776158
38.540000 1057.780439 1060.661243 1062.695145 1062.453601 1064.193445 1065.509626
38.640000 1062.579849 1064.301898 1065.638618 1065.632728 1067.031269 1068.399195
38.730000 1065.811812 1067.154735 1068.614607 1068.759759 1070.389560 1072.449497
38.830000 1068.325956 1069.941611 1071.774066 1071.740858 1073.367754 1075.338856
38.930000 1070.142603 1072.002381 1074.117267 1074.092152 1076.101224 1078.193588
39.030000 1072.039852 1073.963471 1075.866111 1075.901872 1077.896631 1079.778221
39.140000 1074.173296 1075.767385 1077.612134 1077.629864 1079.477208 1081.331429
39.230000 1075.902555 1077.430950 1079.052410 1079.135056 1080.917750 1082.679121
39.330000 1077.641801 1079.086562 1080.706777 1080.788948 1082.496983 1084.194759
39.440000 1079.408240 1080.972593 1082.625006 1082.675335 1084.420578 1086.108753
39.540000 1081.173356 1082.661180 1084.386824 1084.443570 1086.181188 1088.140961
39.640000 1082.936159 1084.430662 1086.309354 1086.358957 1088.225162 1090.076140
39.740000 1085.035188 1086.672886 1088.413722 1088.445229 1090.367669 1091.914858
39.850000 1087.106691 1088.814269 1090.618098 1090.624620 1092.464104 1094.405130
39.960000 1089.287109 1090.908802 1092.679685 1092.648436 1094.383843 1096.381776
40.070000 1091.005375 1092.830422 1094.565215 1094.509852 1096.191169 1098.150170
40.190000 1093.167242 1094.853007 1096.451620 1096.446880 1098.067952 1099.845888
40.310000 1095.373766 1096.832411 1098.337744 1098.385900 1099.912717 1101.743944
40.410000 1097.168548 1098.641721 1100.058263 1100.141312 1101.696239 1103.609614
40.500000 1099.024300 1100.344836 1101.860881 1102.065805 1103.718104 1106.279519
40.580000 1100.664704 1101.965222 1103.730829 1104.077694 1106.117707 1109.237437
40.720000 1103.217370 1104.786493 1107.265814 1107.488154 1110.330899 1112.447647
40.790000 1104.769961 1106.605193 1109.579155 1109.425847 1112.081462 1114.072176
40.860000 1106.639809 1109.005528 1111.715181 1111.520031 1113.864858 1115.799664
40.930000 1108.940117 1111.703394 1113.851837 1113.719482 1115.771065 1117.587747
41.020000 1112.627184 1114.762269 1116.572766 1116.576775 1118.478902 1120.268111
41.120000 1115.337735 1117.143400 1118.999389 1119.024765 1120.925679 1122.725138
41.220000 1117.498826 1119.286577 1121.066586 1121.162184 1123.047256 1125.034931
41.350000 1119.797270 1121.735423 1123.470010 1123.608588 1125.573675 1127.833977
41.470000 1122.141657 1123.858572 1125.724222 1125.792494 1127.715087 1129.749683
41.600000 1124.259126 1126.182983 1128.078704 1128.140383 1130.109295 1132.120257
41.720000 1126.281300 1128.299862 1130.388098 1130.322688 1132.264855 1134.328279
41.820000 1128.146223 1130.197208 1132.280465 1132.221686 1134.137070 1136.245909
41.920000 1130.107848 1132.385259 1134.258250 1134.245491 1136.152173 1138.010575
42.010000 1132.106817 1134.209366 1136.206980 1136.202228 1138.102980 1140.600445
42.110000 1134.870609 1136.977948 1138.700546 1138.903134 1141.094823 1143.751785
42.190000 1137.041136 1138.709268 1140.894296 1141.137865 1143.545833 1146.370770
42.280000 1138.955241 1140.894409 1143.233986 1143.498045 1146.166830 1149.057969
42.380000 1141.009227 1143.100854 1145.800091 1145.972148 1148.855646 1151.640632
42.480000 1142.837092 1145.224258 1148.281101 1148.342874 1151.405315 1154.155439
42.580000 1144.753098 1147.654641 1150.792970 1150.766266 1153.745513 1156.650025
42.690000 1147.269318 1150.582334 1153.589331 1153.681588 1156.772204 1160.023239
42.790000 1149.836416 1153.124491 1156.517991 1156.540088 1159.554099 1163.911916
42.900000 1152.692858 1156.153358 1159.820885 1159.902474 1163.786055 1168.040465
43.000000 1155.070796 1158.507796 1162.625715 1162.794319 1167.155540 1171.613924
43.090000 1156.774297 1160.688620 1165.188408 1165.397876 1170.179920 1174.126105
43.190000 1159.579323 1163.081029 1168.388119 1168.195710 1173.193756 1176.434501
43.280000 1161.733435 1165.453125 1170.798757 1170.514485 1175.246793 1178.454819
43.380000 1164.068649 1168.133301 1173.403907 1172.981352 1177.492817 1180.259983
43.480000 1166.915792 1171.157765 1175.968409 1175.600061 1179.806167 1182.315248
43.580000 1169.884907 1174.006554 1178.591509 1178.083361 1181.888095 1184.139644
43.690000 1172.560045 1176.726787 1181.334853 1180.648854 1184.276719 1186.170737
43.790000 1175.087199 1179.671790 1183.802988 1183.110441 1186.309623 1187.870039
43.890000 1178.555036 1182.887160 1186.335141 1185.801314 1188.504976 1190.371325
43.990000 1182.882353 1186.306010 1188.786494 1188.599331 1190.745062 1193.306695
44.080000 1187.403608 1189.761027 1191.891243 1192.490833 1194.849806 1203.502929
44.170000 1189.896614 1192.275416 1195.484380 1196.942785 1203.342293 1208.088428
44.260000 1191.628446 1194.426585 1202.103015 1201.535994 1208.166955 1210.768690
44.350000 1193.800772 1197.839127 1207.487235 1205.635323 1211.113682 1213.133752
44.450000 1195.810766 1204.434859 1210.715678 1209.098282 1213.559830 1215.384683
44.550000 1199.450185 1208.207578 1212.680181 1211.739467 1215.242064 1217.453845
44.650000 1205.585492 1211.416992 1214.828125 1214.236042 1217.246975 1219.057421
44.770000 1210.003608 1214.381651 1217.232322 1216.849251 1219.388821 1221.055226
44.880000 1213.671012 1217.363454 1219.690526 1219.458027 1221.601758 1223.205128
44.980000 1217.288695 1220.150383 1222.161996 1222.037501 1223.965193 1225.903541
45.090000 1220.939151 1222.858527 1224.719379 1224.799488 1226.665996 1229.076249
45.180000 1223.149870 1225.151490 1227.143903 1227.383355 1229.649821 1233.124363
45.270000 1225.224393 1227.163275 1229.639792 1230.033372 1233.020219 1236.880734
45.360000 1227.767441 1229.960309 1233.573652 1233.733667 1237.702900 1239.939549
45.450000 1230.404326 1234.041934 1238.697969 1237.796135 1240.931250 1242.043921
45.550000 1238.524422 1241.528032 1242.868071 1242.615848 1243.914417 1245.147936
45.660000 1243.427847 1244.695562 1245.787654 1245.859111 1247.072018 1248.475473
45.770000 1246.335082 1247.363344 1248.661123 1248.716090 1250.056792 1251.668255
45.830000 1247.627267 1248.718042 1250.098986 1250.158845 1251.560049 1253.117671
45.870000 1248.582072 1249.650215 1251.020977 1251.102899 1252.590871 1254.111890
45.900000 1249.226232 1250.385945 1251.759943 1251.811909 1253.287394 1254.721120
45.940000 1250.011576 1251.260775 1252.653509 1252.679203 1254.099600 1255.576961
46.010000 1251.233475 1252.495672 1254.058552 1254.060636 1255.572977 1257.070126
46.110000 1252.898865 1254.337369 1255.992660 1256.015379 1257.611095 1259.355290
46.220000 1254.778446 1256.238911 1258.081387 1258.062350 1259.815043 1261.262245
46.340000 1256.996003 1258.598378 1260.389513 1260.377283 1262.182555 1263.651932
46.430000 1258.585200 1260.443582 1262.291456 1262.266284 1264.024998 1265.595513
46.530000 1260.816061 1262.667554 1264.493325 1264.443132 1266.132292 1267.816138
46.630000 1263.255959 1265.056759 1266.785940 1266.819136 1268.503619 1270.765504
46.730000 1265.646601 1267.382784 1269.187264 1269.340069 1271.292922 1273.932621
46.830000 1267.702779 1269.607326 1271.687531 1271.886029 1274.181786 1276.988702
46.940000 1270.191174 1272.211666 1274.652011 1274.927786 1277.722910 1279.755397
47.040000 1272.336874 1274.951690 1278.132495 1277.748515 1280.306924 1281.686311
47.130000 1275.015847 1277.863549 1280.894075 1280.325722 1282.338379 1283.503928
47.230000 1278.504755 1281.595766 1283.154330 1282.918157 1284.356503 1285.627026
47.330000 1282.954403 1284.130210 1285.254555 1285.306371 1286.489677 1288.051789
47.430000 1285.087313 1286.090074 1287.328568 1287.392911 1288.604515 1290.700327
47.530000 1286.803989 1287.847231 1289.118212 1289.226705 1290.453676 1292.569638
47.630000 1288.309486 1289.495526 1290.918094 1290.992473 1292.370650 1294.632494
47.730000 1289.833576 1291.175581 1292.609329 1292.733800 1294.339026 1296.427189
47.830000 1291.517150 1292.827255 1294.432179 1294.512386 1296.196884 1298.061783
47.900000 1292.628435 1294.125418 1295.669912 1295.796584 1297.482980 1299.477935
48.000000 1294.277831 1296.014603 1297.505202 1297.596404 1299.244706 1301.150050
48.060000 1295.272408 1297.058711 1298.655852 1298.736009 1300.483652 1302.202285
48.130000 1296.444863 1298.380401 1300.019985 1300.067055 1301.756835 1303.480433
48.200000 1297.832637 1299.667371 1301.370852 1301.373002 1303.120327 1304.792271
48.310000 1299.604442 1301.639837 1303.332703 1303.296843 1304.992567 1306.451960
48.430000 1302.114798 1303.866098 1305.499700 1305.469906 1307.102730 1308.559919
48.505000 1303.818118 1305.368497 1306.940742 1306.934437 1308.513840 1310.054385
48.580000 1305.412453 1306.881684 1308.375887 1308.378480 1309.884756 1311.448633
48.655000 1306.844854 1308.265212 1309.815088 1309.811800 1311.366881 1312.808918
48.730000 1308.432986 1309.754237 1311.185565 1311.233762 1312.776009 1314.259229
48.860000 1310.552675 1312.034257 1313.519584 1313.540817 1315.044660 1316.741699
48.950000 1312.224913 1313.766903 1315.182054 1315.225266 1316.662727 1318.558683
49.040000 1313.906903 1315.494399 1316.914988 1316.978207 1318.422936 1320.425935
49.100000 1315.407441 1316.843706 1318.154686 1318.297070 1319.575398 1322.169805
49.180000 1317.640759 1318.867686 1320.194744 1320.540956 1322.096890 1325.765285
49.240000 1319.420914 1320.617920 1322.070009 1322.617125 1324.843969 1328.346341
49.290000 1320.772430 1322.049321 1323.930076 1324.413097 1326.871454 1330.224128
49.360000 1322.346332 1323.821348 1326.348660 1326.657678 1329.457729 1332.479089
49.430000 1323.719396 1325.597211 1328.642511 1328.729662 1331.711800 1334.653767
49.490000 1324.925745 1327.242785 1330.396524 1330.463358 1333.699317 1336.368317
49.580000 1327.010630 1329.426453 1332.854734 1332.862850 1336.099864 1338.379964
49.680000 1328.924945 1332.007885 1335.670461 1335.351654 1338.610716 1340.249508
49.790000 1331.562727 1334.831221 1338.377660 1337.922282 1340.796084 1342.291692
49.920000 1334.667368 1338.327022 1341.345172 1340.873568 1343.272423 1344.555849
50.050000 1339.305637 1342.393968 1344.247327 1344.001034 1345.701406 1346.905033
50.150000 1342.767046 1345.128369 1346.499152 1346.390573 1347.786667 1349.003276
50.260000 1346.557554 1347.827138 1349.052431 1349.143262 1350.389371 1352.246489
50.360000 1348.597933 1349.761726 1351.267769 1351.419253 1353.015750 1355.144289
50.440000 1350.154462 1351.560009 1353.209722 1353.306821 1355.064513 1356.901856
50.550000 1352.234819 1354.000496 1355.797597 1355.732601 1357.491506 1358.837783
50.650000 1354.637283 1356.473266 1358.186068 1358.095300 1359.669925 1361.023910
50.760000 1357.569301 1359.062508 1360.501228 1360.518388 1362.033295 1363.547311
50.900000 1360.576670 1361.997622 1363.330369 1363.491139 1365.104992 1367.254622
51.040000 1363.129036 1364.671999 1366.327137 1366.597823 1368.551561 1371.411721
51.140000 1365.200639 1366.719537 1368.601282 1368.889639 1371.101772 1374.001422
51.240000 1367.265068 1368.784341 1370.888379 1371.192481 1373.847756 1376.671498
51.320000 1368.880632 1370.497110 1372.900142 1373.099139 1375.786540 1378.357058
51.400000 1370.635447 1372.494356 1374.887086 1375.030533 1377.679706 1379.776499
51.480000 1372.429783 1374.623794 1377.085485 1377.075198 1379.500109 1381.462763
51.550000 1374.449632 1376.673997 1379.109768 1379.028063 1381.320880 1383.321068
51.620000 1376.342073 1378.786467 1381.160851 1381.041322 1383.179744 1385.307458
51.710000 1379.384601 1381.906122 1383.818390 1383.904255 1385.989847 1388.366461
51.790000 1382.449758 1384.113426 1386.278775 1386.402187 1388.572647 1391.145455
51.880000 1385.101151 1387.112299 1389.538254 1389.585292 1391.966020 1394.914950
51.980000 1387.996306 1390.725620 1393.425793 1393.460343 1396.235892 1399.220469
52.070000 1391.168819 1394.073459 1397.060073 1396.866284 1399.730558 1401.978738
52.180000 1394.633307 1398.200684 1401.215933 1400.804362 1403.250000 1405.209582
52.280000 1399.955378 1402.180722 1404.527146 1404.340434 1406.305021 1408.010551
52.390000 1403.969481 1405.922152 1407.598218 1407.712237 1409.512036 1411.855576
52.510000 1407.169673 1408.932372 1410.697731 1410.901151 1413.015892 1416.006581
52.630000 1409.827899 1411.519240 1413.569124 1413.830482 1416.111424 1419.057196
52.750000 1412.652308 1414.139867 1416.904006 1416.969384 1419.759482 1422.134265
52.850000 1415.189456 1417.459061 1420.294737 1420.174836 1422.844919 1425.021871
52.950000 1418.225520 1421.617286 1424.118737 1423.868607 1425.973567 1428.004963
53.030000 1422.513764 1425.000581 1426.948918 1426.867767 1428.876415 1430.747895
53.110000 1426.587505 1428.432106 1430.277937 1430.303464 1432.070849 1434.476941
53.190000 1429.028182 1430.842782 1432.682458 1432.790955 1434.733287 1437.259293
53.280000 1431.535613 1433.214619 1435.236992 1435.364592 1437.438279 1440.177238
53.370000 1433.672186 1435.527697 1437.788614 1437.822733 1440.206746 1442.513596
53.470000 1436.093238 1437.891234 1440.273819 1440.357270 1442.996069 1444.966612
53.570000 1438.563531 1440.489549 1442.834317 1442.904678 1445.449244 1447.140615
53.680000 1441.326540 1444.039599 1446.158280 1446.032243 1448.093360 1449.369857
53.790000 1446.630840 1448.736688 1450.164073 1450.063223 1451.430318 1452.771959
53.880000 1450.511566 1451.812529 1453.018040 1453.240310 1454.605675 1457.495411
53.980000 1453.412306 1454.522721 1456.302788 1456.475267 1458.481905 1460.876477
54.070000 1455.306320 1456.959874 1459.136566 1459.156851 1461.340662 1463.523795
54.160000 1457.327756 1459.644201 1461.938327 1461.863806 1463.980465 1466.243125
54.260000 1460.114076 1462.697371 1465.008138 1464.958957 1467.214187 1469.219915
54.370000 1463.596077 1465.981098 1468.248137 1468.138176 1470.314597 1472.714091
54.470000 1466.336868 1468.420387 1470.612025 1470.732148 1472.954170 1475.860155
54.580000 1469.292852 1470.999057 1473.073734 1473.315800 1475.707163 1478.667203
54.680000 1471.607889 1473.356088 1475.578054 1475.858271 1478.371265 1481.481933
54.780000 1473.809531 1475.711579 1478.113037 1478.383437 1481.211736 1484.040087
54.880000 1476.202634 1478.162466 1480.942823 1481.021307 1483.900350 1486.155014
54.970000 1478.471756 1480.744897 1483.743779 1483.550726 1486.129106 1488.233178
55.070000 1481.229538 1484.292643 1487.150408 1486.834059 1489.266412 1491.251739
55.170000 1486.474993 1489.647235 1492.064396 1492.369458 1494.820740 1500.757594
55.280000 1492.822454 1495.236397 1498.781644 1499.257816 1503.296922 1507.723822
55.380000 1496.366399 1500.157174 1504.548195 1504.626231 1509.243513 1512.598171
55.490000 1502.087488 1506.668056 1510.800203 1510.651361 1514.661945 1517.528139
55.590000 1508.145925 1512.349823 1515.934384 1515.568851 1518.672378 1520.975661
55.680000 1512.188373 1516.300899 1519.140121 1518.853793 1521.490644 1523.649573
55.780000 1515.942978 1519.355632 1522.121517 1521.915737 1524.386470 1526.389545
55.880000 1519.119835 1522.379617 1525.134239 1524.916827 1527.264907 1530.002716
55.975000 1522.390684 1525.384221 1527.952917 1528.080292 1530.855667 1534.751121
56.070000 1526.036719 1528.377842 1531.076726 1531.397393 1534.326567 1539.367038
56.170000 1529.197001 1531.924763 1535.347131 1535.507318 1539.076158 1542.439142
56.270000 1532.427889 1535.492390 1539.826721 1539.492243 1543.080278 1546.032404
56.360000 1535.244167 1540.084036 1543.382010 1543.181400 1546.246125 1549.652198
56.470000 1541.807002 1545.112297 1547.944933 1548.016856 1551.165776 1554.035249
56.590000 1545.459032 1548.270696 1551.155347 1551.344548 1554.687604 1557.629159
56.710000 1548.099702 1550.894837 1554.017477 1554.117924 1557.371956 1560.085302
56.840000 1551.082736 1553.798765 1557.164108 1557.113924 1560.451034 1562.959295
56.980000 1554.552970 1557.106457 1560.403227 1560.277872 1563.360511 1565.937830
57.120000 1557.902636 1560.919983 1563.896296 1563.663683 1566.324200 1568.676278
57.240000 1560.769066 1564.204656 1566.928371 1566.712377 1569.099498 1571.686287
57.360000 1565.361363 1567.869726 1570.115620 1570.377543 1572.572921 1577.948953
57.430000 1568.131571 1570.254235 1572.300639 1572.807998 1575.463266 1579.867283
57.480000 1569.850352 1571.993753 1574.249134 1574.696737 1577.718558 1581.584044
57.580000 1572.866756 1575.366834 1578.544964 1578.567724 1581.634023 1584.763276
57.650000 1575.085612 1578.210248 1581.210293 1581.165231 1584.088631 1587.383255
57.680000 1575.921599 1579.224068 1582.387896 1582.266186 1585.284760 1588.446494
57.760000 1579.618090 1582.831625 1585.860157 1585.899648 1589.069311 1592.669192
57.780000 1580.362325 1583.402087 1586.457196 1586.614127 1589.917012 1593.395877
57.920000 1584.592776 1587.669543 1591.583715 1595.495956 1608.595013 1613.466179
57.970000 1586.120672 1589.214491 1593.230150 1597.276767 1610.842818 1615.314663
57.990000 1586.696143 1589.743548 1593.986604 1597.957079 1611.666277 1615.887582
58.080000 1589.750275 1593.075856 1599.151186 1602.246494 1614.607808 1620.579140
58.180000 1592.820936 1598.159702 1606.608314 1607.915073 1618.151667 1624.501331
58.210000 1593.474714 1599.448013 1607.530230 1608.949152 1619.071801 1625.723755
58.250000 1594.548425 1601.120341 1608.659786 1610.316831 1620.404910 1626.843353
58.280000 1595.354262 1602.760083 1609.549708 1611.296269 1621.672394 1627.929827
58.310000 1596.524192 1604.236526 1610.281814 1612.256872 1622.480572 1628.997265
58.360000 1597.893315 1607.453848 1611.735460 1614.070651 1623.702776 1630.240762
58.380000 1598.404072 1608.335889 1612.315023 1614.675613 1624.576620 1630.660689
58.430000 1601.290461 1610.103409 1614.125572 1616.478252 1626.265383 1631.848492
58.480000 1605.202656 1611.598459 1615.943619 1618.219945 1627.467092 1633.127971
58.530000 1607.601838 1613.137369 1617.589262 1619.811121 1628.724201 1634.249215
58.560000 1608.678542 1614.119187 1618.576661 1620.723958 1629.448877 1635.334505
58.590000 1609.667663 1615.051346 1619.375796 1621.617878 1630.221670 1636.106505
58.680000 1612.747604 1617.699711 1623.213133 1624.657278 1633.167916 1637.815071
58.780000 1615.917954 1621.045756 1628.564542 1628.453084 1636.447661 1639.582049
58.880000 1618.808962 1624.791900 1633.350810 1632.217681 1639.138915 1641.383414
58.970000 1622.194629 1629.246281 1637.176551 1635.570177 1641.027151 1642.933497
59.070000 1624.527240 1636.245359 1640.594405 1639.423703 1642.969180 1644.704680
59.140000 1626.802790 1639.350942 1642.551533 1641.563399 1644.571832 1646.390417
59.200000 1628.457783 1641.070115 1643.889825 1643.042925 1645.836006 1647.833651
59.240000 1629.886431 1642.305857 1644.800557 1644.134539 1646.799054 1648.831412
59.290000 1632.456511 1643.475818 1645.835655 1645.314578 1648.057270 1650.294646
59.350000 1634.968588 1644.787102 1647.148347 1646.720521 1649.401015 1651.583655
59.410000 1638.185125 1645.872487 1648.396167 1647.989796 1650.660122 1653.094434
59.530000 1645.142335 1648.393193 1650.749404 1650.670166 1653.167731 1655.504155
59.615000 1647.003368 1650.081808 1652.465945 1652.423402 1654.852932 1656.775694
59.700000 1648.915536 1651.823477 1654.162364 1654.065092 1656.364227 1658.178392
59.840000 1651.454103 1654.592116 1656.811907 1656.633190 1658.827371 1660.179739
59.980000 1654.424043 1657.229134 1659.353975 1659.166901 1661.225579 1662.598935
60.083333 1657.039281 1659.230263 1661.276425 1661.028534 1662.911571 1664.116552
60.186667 1659.313741 1661.223387 1663.095502 1662.889404 1664.544041 1665.771973
60.290000 1661.483267 1663.233994 1664.872443 1664.738420 1666.225303 1667.322348
60.370000 1663.171068 1664.994270 1666.329404 1666.231777 1667.483997 1668.573575
60.410000 1664.466261 1665.938543 1667.135903 1667.079608 1668.241936 1669.288170
60.440000 1665.342679 1666.702263 1667.810009 1667.770774 1668.870049 1669.851502
60.460000 1665.925194 1667.191382 1668.328966 1668.271080 1669.386203 1670.377358
60.490000 1666.652427 1667.916047 1669.100615 1669.046086 1670.131898 1671.311224
60.520000 1667.441387 1668.692090 1669.878943 1669.887758 1671.001735 1672.438490
60.570000 1668.667434 1669.887101 1671.207247 1671.249142 1672.567734 1674.267959
60.660000 1670.329962 1671.679065 1673.299757 1673.418911 1675.091624 1677.660247
60.750000 1672.030019 1673.440917 1675.272771 1675.448962 1677.339357 1680.024847
60.862500 1673.955275 1675.390528 1677.464531 1677.662635 1679.875182 1682.702633
60.975000 1675.708294 1677.370944 1679.632153 1679.753032 1682.220417 1684.635290
61.087500 1677.783040 1679.647978 1681.720992 1681.882373 1684.020754 1686.771556
61.200000 1680.359769 1682.039485 1683.952225 1684.148001 1686.042404 1689.139458
61.280000 1682.296059 1683.936742 1685.785837 1685.957442 1687.728514 1690.917224
61.310000 1683.278479 1684.710277 1686.663724 1686.789513 1688.591636 1691.784564
61.330000 1683.945633 1685.254859 1687.226267 1687.379012 1689.205156 1692.553650
61.360000 1684.874226 1686.284769 1688.099751 1688.346521 1690.285854 1693.681638
61.380000 1685.576380 1686.831024 1688.762584 1689.015868 1690.967696 1694.466737
61.430000 1686.876235 1688.396817 1690.694493 1691.123728 1693.840838 1697.157832
61.470000 1687.916626 1689.676256 1692.165305 1692.526434 1695.460042 1698.865270
61.540000 1689.508447 1691.657297 1694.715506 1695.072059 1698.099936 1703.782624
61.670000 1692.887778 1695.944827 1699.524906 1700.376863 1705.588378 1708.896562
61.795000 1696.552382 1701.059726 1706.144995 1705.576585 1709.923334 1711.925074
61.920000 1702.335455 1707.550123 1710.649737 1710.162512 1712.737444 1714.271308
62.005000 1706.122490 1710.375622 1712.628971 1712.301636 1714.387563 1715.747047
62.090000 1710.240419 1712.615633 1714.371680 1714.271539 1715.797101 1717.161945
62.160000 1712.442982 1714.204460 1715.713267 1715.684218 1716.983696 1718.239003
62.220000 1713.916745 1715.329205 1716.735426 1716.751558 1717.957488 1719.255168
62.260000 1714.737610 1716.032700 1717.402960 1717.436794 1718.612241 1719.845608
62.320000 1715.705072 1717.039499 1718.365536 1718.405243 1719.591051 1720.789060
62.400000 1716.866936 1718.279825 1719.589498 1719.651091 1720.779956 1722.064584
62.480000 1718.187359 1719.486156 1720.760925 1720.850384 1722.042440 1723.365023
62.590000 1719.654752 1721.030821 1722.369942 1722.480869 1723.656746 1725.000718
62.700000 1721.353507 1722.695398 1723.982762 1724.070871 1725.183980 1726.634986
62.830000 1723.107285 1724.497322 1725.815525 1725.938597 1727.082823 1728.483577
62.910000 1724.232729 1725.706604 1727.083733 1727.183777 1728.432944 1729.704238
62.950000 1725.019014 1726.417759 1727.762316 1727.864122 1729.031185 1730.579851
63.030000 1726.361867 1727.683215 1729.032074 1729.142313 1730.306057 1731.879507
63.080000 1727.076841 1728.544267 1729.862170 1730.017229 1731.199065 1732.886360
63.140000 1727.855688 1729.581904 1730.864535 1731.043388 1732.340387 1734.023265
63.220000 1729.190319 1730.748809 1732.187896 1732.363602 1733.693487 1735.520452
63.320000 1730.615526 1732.279388 1733.703164 1733.882899 1735.225398 1737.126951
63.440000 1732.484231 1733.955533 1735.484253 1735.617887 1736.857926 1738.890595
63.580000 1734.555822 1735.848336 1737.402606 1737.571271 1738.961278 1740.640001
63.700000 1736.199249 1737.497284 1738.997281 1739.206071 1740.541236 1742.429237
63.820000 1737.880865 1739.176892 1740.738027 1740.915863 1742.283617 1744.446776
63.960000 1739.601059 1741.149216 1742.721456 1742.907309 1744.293622 1746.300548
64.080000 1741.430213 1742.936116 1744.535136 1744.776862 1746.275108 1748.286627
64.190000 1743.289726 1744.709680 1746.295910 1746.693612 1748.345039 1750.776889
64.280000 1744.742090 1746.247424 1747.996658 1748.366861 1750.158736 1752.564460
64.350000 1745.998853 1747.488674 1749.417697 1749.734166 1751.548660 1754.025840
64.420000 1747.086703 1748.776703 1750.690765 1751.071706 1753.121277 1755.673856
64.540000 1749.023169 1750.797334 1752.944311 1753.168169 1755.281286 1757.989363
64.650000 1750.736019 1752.622220 1754.783748 1755.088738 1757.223203 1759.929142
64.760000 1752.565329 1754.428595 1756.693134 1756.960957 1759.107885 1761.837364
64.860000 1754.364868 1756.152103 1758.527630 1758.785381 1760.946156 1763.653123
64.960000 1756.367927 1757.908954 1760.288920 1760.608358 1762.805527 1765.891490
65.080000 1758.301782 1760.133313 1762.733098 1762.933118 1765.127742 1768.509579
65.160000 1759.800788 1761.919828 1764.387387 1764.635750 1766.856444 1769.822509
65.250000 1761.544735 1763.838873 1766.196090 1766.575170 1768.979046 1772.158565
65.350000 1763.577618 1765.837551 1768.196878 1768.574427 1771.143121 1774.457770
65.440000 1765.177560 1767.473746 1770.025378 1770.317881 1772.913602 1775.980285
65.540000 1766.868482 1769.422108 1771.913666 1772.249069 1774.901351 1778.039735
65.650000 1769.131104 1771.426359 1774.118246 1774.503809 1777.355741 1781.011437
65.750000 1771.221671 1773.394226 1776.245909 1776.673781 1779.579298 1783.996822
65.855000 1773.265543 1775.671824 1778.806028 1779.414233 1782.327504 1790.252076
65.960000 1775.461699 1778.305329 1781.786492 1782.359449 1785.244155 1797.632071
66.060000 1778.214488 1781.408216 1784.695298 1785.774135 1789.520338 1800.750898
66.160000 1782.060388 1785.650124 1789.973518 1791.064890 1797.073097 1802.642331
66.250000 1785.823442 1790.401063 1796.653672 1795.926064 1800.900588 1804.686309
66.350000 1791.878130 1798.817065 1802.042887 1801.592008 1804.770428 1807.686271
66.450000 1798.912299 1802.666965 1805.002129 1804.861041 1807.240506 1809.591798
66.560000 1802.743495 1805.406809 1807.466341 1807.485453 1809.468593 1812.066442
66.650000 1804.748471 1807.217765 1809.199135 1809.267183 1811.166372 1814.015687
66.740000 1806.484406 1808.679418 1810.800825 1810.859149 1812.779389 1815.708810
66.850000 1808.270643 1810.552624 1812.550920 1812.683254 1814.695853 1818.148359
66.940000 1809.718793 1812.091413 1813.987097 1814.176796 1816.269419 1819.922337
67.030000 1811.010107 1813.550369 1815.369659 1815.645293 1817.787628 1822.139824
67.140000 1812.821606 1815.290803 1817.174036 1817.474355 1819.856721 1824.294158
67.240000 1814.312750 1816.931427 1818.868469 1819.213788 1821.560056 1826.465216
67.340000 1816.249713 1818.523235 1820.571944 1820.995512 1823.451978 1828.414353
67.410000 1817.441260 1819.654839 1821.726964 1822.300825 1824.991406 1829.748545
67.520000 1819.366030 1821.442408 1823.589219 1824.238090 1827.232725 1832.002565
67.560000 1820.184567 1822.155802 1824.347167 1825.033744 1828.138052 1832.925547
67.645000 1821.656341 1823.532567 1826.130681 1826.777053 1830.290021 1834.966728
67.730000 1823.011037 1824.999816 1827.875726 1828.527520 1832.676668 1836.677158
67.850000 1825.099962 1827.095075 1830.403763 1830.999714 1835.530667 1838.690869
67.950000 1826.714347 1829.100142 1832.862138 1833.145764 1837.674269 1840.155752
68.050000 1828.593088 1831.241980 1835.301206 1835.291380 1839.473872 1841.843083
68.150000 1830.477851 1833.491665 1837.736321 1837.446948 1841.284689 1843.385088
68.250000 1832.527466 1836.025274 1839.982376 1839.596398 1843.186855 1845.105533
68.350000 1834.583359 1838.236730 1841.909267 1841.549207 1844.751967 1846.734167
68.450000 1836.882667 1840.178750 1843.721251 1843.343080 1846.414835 1848.365649
68.550000 1838.926717 1842.135489 1845.361812 1845.033269 1847.904953 1849.854100
68.650000 1840.880524 1843.946490 1847.067664 1846.749351 1849.441956 1851.424029
68.750000 1842.958273 1845.708248 1848.793065 1848.443333 1850.948916 1852.997271
68.850000 1844.539731 1847.548639 1850.426444 1850.145924 1852.726167 1854.623886
68.950000 1846.300562 1849.359007 1852.148756 1851.931872 1854.501346 1856.389365
69.050000 1848.192986 1851.489398 1854.020093 1853.890608 1856.336933 1858.110449
69.150000 1850.648044 1853.707467 1856.106185 1855.968661 1858.297858 1860.426531
69.250000 1853.134160 1855.732767 1857.945295 1857.906630 1860.208621 1862.071084
69.350000 1854.981241 1857.745466 1859.848947 1859.830929 1862.046794 1863.796520
69.450000 1856.828789 1859.446655 1861.640123 1861.613709 1863.876032 1865.652388
69.550000 1858.890710 1861.088072 1863.331006 1863.300489 1865.556122 1867.229086
69.650000 1860.863995 1862.887757 1865.000793 1864.933123 1867.085216 1868.850121
69.750000 1862.366142 1864.541063 1866.717703 1866.612236 1868.648871 1870.416945
69.850000 1863.967086 1866.347272 1868.433579 1868.292627 1870.223246 1872.087842
69.950000 1865.865709 1868.115890 1870.201155 1870.071764 1872.043416 1873.795831
70.050000 1867.541744 1869.807226 1871.885422 1871.854606 1873.942124 1875.972402
70.150000 1869.522840 1871.598215 1873.588193 1873.605580 1875.708965 1877.893204
70.250000 1870.994206 1873.307830 1875.304453 1875.361714 1877.552606 1879.919399
70.350000 1873.066871 1875.122450 1877.141941 1877.235654 1879.462304 1881.910882
70.450000 1875.044642 1877.099727 1879.110381 1879.249253 1881.558397 1884.188656
70.550000 1876.989535 1878.919853 1880.965746 1881.104703 1883.292341 1885.826064
70.650000 1878.626476 1880.591947 1882.648792 1882.813816 1885.167865 1887.463238
70.750000 1880.272119 1882.218141 1884.342914 1884.465806 1886.806579 1889.006138
70.850000 1881.967953 1883.886658 1885.951862 1886.076439 1888.375759 1890.511211
70.950000 1883.474670 1885.506237 1887.594817 1887.686506 1890.009603 1892.075159
71.050000 1885.223090 1887.038872 1889.271000 1889.288390 1891.498941 1893.528218
71.150000 1886.853599 1888.776191 1890.907485 1890.904284 1893.031421 1894.820302
71.250000 1888.605916 1890.409258 1892.590329 1892.505043 1894.534003 1896.206504
71.350000 1890.180709 1892.241204 1894.359328 1894.281092 1896.146541 1898.352701
71.450000 1892.553889 1894.468727 1896.267341 1896.319763 1897.908772 1900.722587
71.550000 1895.560637 1897.099358 1898.861513 1899.544329 1901.429954 1908.964530
71.650000 1897.920097 1899.682836 1902.897754 1903.959336 1909.246047 1912.355557
71.750000 1900.077424 1903.342276 1909.425969 1908.571439 1912.566367 1914.874211
71.850000 1904.214156 1909.896994 1913.045643 1912.494796 1915.282710 1917.296557
71.950000 1910.083827 1913.053283 1915.374630 1915.241641 1917.411595 1919.388389
72.050000 1913.014552 1915.401323 1917.552031 1917.461513 1919.602660 1921.335599
72.140000 1914.999265 1917.190929 1919.167791 1919.166219 1921.186161 1923.050310
72.250000 1917.160812 1919.173094 1921.119120 1921.061616 1922.951239 1924.674120
72.350000 1918.752421 1920.993478 1922.830082 1922.773610 1924.613997 1926.186039
72.450000 1920.555668 1922.713426 1924.496868 1924.444885 1926.168363 1927.768289
72.550000 1922.537900 1924.433463 1926.097048 1926.055554 1927.712167 1929.270391
72.650000 1924.127340 1926.112180 1927.673442 1927.620914 1929.187167 1930.629991
72.750000 1925.720896 1927.658343 1929.184135 1929.121141 1930.567927 1932.118386
72.850000 1927.315684 1929.091167 1930.625375 1930.535628 1932.015087 1933.306144
72.950000 1928.672916 1930.572915 1932.038925 1931.921039 1933.358159 1934.564815
73.050000 1930.253527 1931.913524 1933.436135 1933.312451 1934.728231 1936.001141
73.150000 1931.905698 1933.337876 1934.798159 1934.708015 1936.021794 1937.311324
73.250000 1933.327336 1934.809076 1936.125925 1936.079081 1937.318443 1938.632426
73.350000 1934.883365 1936.225413 1937.614352 1937.547375 1938.779777 1940.148401
73.450000 1936.698910 1938.096072 1939.502661 1939.612163 1940.909602 1942.988272
73.550000 1939.763014 1941.307774 1943.286084 1944.018990 1946.947111 1951.964688
73.650000 1942.322002 1944.656575 1948.249985 1948.535573 1952.547494 1956.323184
73.750000 1944.880402 1948.966072 1952.937377 1952.913468 1956.796585 1960.201793
73.850000 1949.245916 1952.832176 1956.418876 1956.384848 1960.095120 1962.824093
73.950000 1952.166491 1955.703163 1959.173426 1959.080413 1962.733239 1965.231505
74.050000 1954.743843 1958.247007 1961.624794 1961.552857 1964.992036 1967.214422
74.150000 1957.178192 1960.610972 1963.970043 1963.802525 1966.929554 1969.032257
74.250000 1959.821419 1962.785882 1966.225226 1965.952820 1968.899062 1970.771254
74.350000 1962.027684 1965.405382 1968.400641 1968.084375 1970.735096 1972.477504
74.450000 1964.605804 1968.009071 1970.563673 1970.279497 1972.615525 1974.476353
74.550000 1967.687077 1970.495158 1972.685483 1972.501540 1974.456275 1976.089038
74.650000 1970.116717 1972.727639 1974.690197 1974.542989 1976.325818 1977.923700
74.750000 1972.862149 1974.833357 1976.569136 1976.500208 1978.283187 1980.047253
74.850000 1974.699684 1976.531245 1978.209807 1978.207509 1979.897539 1981.877476
74.950000 1976.262282 1978.057889 1979.701725 1979.780311 1981.397723 1983.656659
75.050000 1977.755308 1979.579560 1981.253222 1981.327267 1982.995704 1985.340587
75.150000 1979.243585 1981.176906 1982.801922 1982.875397 1984.583254 1986.789391
75.250000 1980.903137 1982.681186 1984.384862 1984.457182 1986.156516 1988.757815
75.350000 1982.261863 1984.144082 1985.902659 1986.013926 1987.777067 1990.534293
75.450000 1983.566756 1985.570778 1987.390726 1987.575535 1989.393095 1992.563186
75.550000 1985.148665 1987.047532 1988.845100 1989.161666 1991.026523 1994.775457
75.650000 1986.618654 1988.440767 1990.485544 1991.009188 1992.933367 1999.851840
75.750000 1988.254422 1990.170280 1992.229227 1993.224666 1995.582116 2006.147511
75.850000 1989.932613 1991.989331 1994.419770 1996.146431 2001.603747 2010.532444
75.950000 1991.572879 1994.071214 1998.375226 2000.017081 2006.870179 2013.420060
76.050000 1993.498211 1997.268057 2005.161009 2004.437276 2010.537945 2015.548713
76.150000 1997.698608 2004.303007 2009.570257 2008.943120 2013.368895 2017.343033
76.220000 2001.427545 2007.583715 2011.887291 2011.456495 2015.394637 2018.634865
76.270000 2003.724138 2009.254436 2013.524832 2012.993619 2016.689552 2019.562422
76.330000 2007.039094 2011.704112 2015.374058 2014.900339 2018.176159 2020.636745
76.390000 2009.708392 2014.142412 2017.379401 2016.877927 2019.742454 2021.846180
76.440000 2011.812387 2015.852936 2018.883713 2018.460991 2021.202523 2023.056283
76.470000 2012.629644 2016.684797 2019.593773 2019.212664 2021.893476 2023.624755
76.540000 2014.711939 2018.482176 2021.022304 2020.698510 2023.088513 2024.738246
76.630000 2017.940939 2020.562633 2022.681580 2022.524034 2024.693421 2026.211562
76.760000 2021.220740 2023.021372 2024.949757 2024.888979 2026.838196 2028.091215
76.850000 2022.772572 2024.514068 2026.436528 2026.382533 2028.276812 2029.593809
76.950000 2024.185571 2026.191591 2028.113969 2027.996444 2029.800067 2031.218604
77.060000 2025.999161 2027.999571 2029.838138 2029.716942 2031.495334 2032.961738
77.170000 2027.591533 2029.709762 2031.542133 2031.420640 2033.207366 2034.641530
77.270000 2029.226294 2031.185752 2033.113588 2032.984561 2034.705935 2036.256891
77.350000 2030.515681 2032.523360 2034.393610 2034.287924 2036.042551 2037.804669
77.440000 2031.760117 2033.853606 2035.841623 2035.763410 2037.526839 2039.514057
77.550000 2033.513981 2035.754878 2037.691007 2037.685838 2039.580490 2041.637381
77.650000 2034.977351 2037.360679 2039.317772 2039.387081 2041.392431 2044.029447
77.750000 2036.553804 2039.083529 2041.141988 2041.218346 2043.423911 2046.298694
77.850000 2038.028673 2040.692889 2042.851377 2042.965406 2045.475885 2048.031028
77.970000 2040.154529 2042.701653 2045.050269 2045.135968 2047.645902 2050.559748
78.060000 2041.727878 2044.211521 2046.711269 2046.782155 2049.380612 2052.052369
78.150000 2043.250788 2045.795900 2048.359069 2048.487019 2051.073567 2054.991374
78.260000 2045.162121 2047.903613 2050.494270 2050.628725 2053.294505 2057.045795
78.360000 2047.253638 2049.775532 2052.603200 2052.629942 2055.467310 2058.702438
78.450000 2049.358062 2051.867388 2054.544480 2054.593042 2057.296753 2060.107133
78.550000 2051.604828 2054.410245 2056.828533 2056.881090 2059.531426 2061.875700
78.630000 2053.430444 2056.454829 2058.871005 2058.878828 2061.441934 2063.578874
78.720000 2056.036812 2059.131976 2061.345791 2061.482603 2063.823499 2067.062627
78.800000 2060.043246 2062.261122 2064.545892 2064.874651 2067.505471 2071.961724
78.890000 2063.598758 2065.788903 2068.882382 2069.295938 2072.655555 2076.889608
78.990000 2066.645636 2070.013695 2073.568037 2073.880117 2077.885628 2082.746849
79.120000 2071.177226 2076.653600 2080.644231 2080.975648 2085.739584 2090.337306
79.250000 2078.041620 2081.990017 2086.222333 2086.020149 2089.897210 2093.585765
79.350000 2082.559925 2086.406400 2090.083734 2089.951754 2093.218360 2096.947132
79.450000 2087.747421 2091.532815 2094.318096 2094.541224 2097.570766 2102.118021
79.520000 2090.767747 2094.094784 2096.772027 2097.065895 2100.119733 2104.732323
79.630000 2094.416584 2097.092595 2100.197671 2100.507208 2103.595465 2108.896737
79.690000 2095.874031 2098.651720 2101.907629 2102.169160 2105.468062 2110.634593
79.740000 2096.919709 2099.845186 2103.155916 2103.511045 2107.121118 2112.111853
79.800000 2098.241317 2101.174028 2104.743102 2105.127167 2109.119125 2113.714639
79.860000 2099.341809 2102.505900 2106.475146 2106.757141 2110.952268 2116.411853
79.940000 2101.254505 2104.575045 2108.725171 2109.020547 2113.428753 2119.205169
80.030000 2103.712637 2106.961870 2111.663894 2111.742344 2116.097644 2121.669759
80.130000 2106.038646 2109.856121 2114.978703 2114.945023 2119.683653 2124.149865
80.240000 2108.621956 2113.578574 2118.851190 2118.684650 2123.767279 2127.381370
80.350000 2111.651860 2117.766612 2122.878641 2122.555828 2127.244159 2130.608789
80.450000 2115.646069 2121.538734 2126.894347 2126.049075 2130.385016 2133.740233
80.550000 2119.358811 2126.190469 2130.208148 2129.662629 2133.247220 2136.135613
80.650000 2126.309574 2130.460700 2133.463916 2133.101067 2136.065672 2138.122539
80.750000 2130.378309 2133.436110 2136.222962 2135.971009 2138.590854 2140.137850
80.850000 2133.206786 2136.351791 2138.893724 2138.598800 2140.834250 2142.335314
80.950000 2136.383083 2139.304362 2141.551292 2141.242856 2143.126704 2144.363536
81.050000 2140.469762 2142.444613 2143.967668 2143.842386 2145.319355 2146.775183
81.160000 2143.050470 2144.732405 2146.017833 2146.154178 2147.465370 2149.700040
81.250000 2144.945180 2146.340134 2147.643381 2147.870630 2149.326749 2152.385996
81.350000 2146.761783 2148.001879 2149.463889 2149.866238 2151.823529 2155.482534
81.450000 2148.546402 2149.945354 2151.688877 2152.259570 2154.892376 2158.168368
81.550000 2150.314340 2151.854857 2154.271424 2154.618390 2157.697667 2160.293181
81.650000 2152.362818 2154.142981 2157.115706 2157.249328 2160.400635 2162.620239
81.750000 2154.247935 2156.665695 2159.886477 2159.765574 2162.699144 2164.934625
81.850000 2157.096845 2159.569302 2162.740705 2162.462431 2165.079227 2167.290278
81.950000 2159.744251 2162.694687 2165.271230 2165.087828 2167.456400 2169.506529
82.050000 2162.972336 2165.518976 2167.831652 2167.713675 2169.949544 2171.651934
82.150000 2165.925130 2168.055579 2170.137556 2170.089569 2172.147489 2173.845342
82.250000 2168.393849 2170.490447 2172.537622 2172.401441 2174.146223 2175.981497
82.340000 2170.440239 2172.562217 2174.389386 2174.336118 2176.151826 2177.829510
82.440000 2172.566660 2174.551756 2176.417294 2176.409302 2178.277973 2180.225026
82.540000 2174.511524 2176.509213 2178.359670 2178.405483 2180.283388 2182.519496
82.640000 2176.689023 2178.495306 2180.331026 2180.360131 2182.231408 2184.321394
82.750000 2178.632803 2180.411057 2182.332051 2182.380106 2184.299029 2186.579083
82.850000 2180.306592 2182.211041 2184.196034 2184.272748 2186.207937 2188.801475
82.950000 2182.221843 2184.133833 2186.323837 2186.440087 2188.573259 2191.742772
83.060000 2184.102517 2186.470976 2188.776770 2189.242459 2191.895831 2197.812777
83.150000 2186.456818 2188.644883 2191.367788 2192.092126 2195.510194 2201.789769
83.250000 2188.330738 2191.179080 2194.636122 2195.644699 2200.692514 2206.362768
83.350000 2191.177662 2194.148858 2199.396576 2199.652070 2205.238392 2209.283461
83.450000 2194.043275 2198.614772 2204.252661 2203.693070 2208.496788 2211.732325
83.550000 2197.851543 2203.262149 2208.358802 2207.600616 2211.651801 2214.358885
83.650000 2203.800188 2208.186269 2211.628210 2211.412288 2214.744049 2217.428095
83.750000 2207.858250 2211.465823 2214.403976 2214.314519 2217.375167 2219.783249
83.850000 2210.917726 2213.900463 2216.820689 2216.753341 2219.727241 2221.908463
83.950000 2213.117867 2215.830564 2218.898305 2218.809727 2221.695229 2224.004868
84.060000 2215.220074 2217.845114 2221.046117 2220.824899 2223.604018 2226.059342
84.150000 2216.780115 2219.489571 2222.636419 2222.423866 2225.194184 2227.417983
84.250000 2218.561166 2221.274688 2224.328330 2224.164325 2226.849436 2229.102317
84.350000 2220.205978 2223.112533 2226.147917 2225.896805 2228.527085 2230.716795
84.450000 2221.764930 2224.916101 2227.831874 2227.625551 2230.140322 2232.276579
84.550000 2223.936654 2226.734431 2229.634903 2229.385898 2231.809111 2233.746870
84.650000 2225.925019 2228.899139 2231.490234 2231.247656 2233.540874 2235.275073
84.750000 2228.535570 2231.272324 2233.598801 2233.371427 2235.362076 2237.195951
84.850000 2232.036764 2234.322343 2236.171418 2236.268699 2238.200176 2240.677451
84.950000 2235.691577 2237.360418 2239.201107 2239.301468 2241.425933 2243.617805
85.050000 2237.677913 2239.591571 2241.694582 2241.829366 2244.163831 2246.508932
85.150000 2239.748070 2241.738216 2244.222155 2244.201835 2246.626806 2248.679655
85.250000 2241.855615 2244.204208 2246.799898 2246.656934 2248.962905 2250.540690
85.350000 2244.534913 2246.932601 2249.403947 2249.199145 2251.266920 2252.826149
85.450000 2247.239338 2249.621648 2251.656031 2251.540602 2253.391368 2254.875974
85.550000 2249.775101 2251.934098 2253.684635 2253.599227 2255.266126 2257.095259
85.650000 2251.927123 2253.779699 2255.468512 2255.459084 2257.116562 2259.015370
85.760000 2254.261927 2255.707878 2257.358029 2257.407497 2258.955712 2260.857011
85.850000 2255.931506 2257.343475 2258.978904 2259.063534 2260.685873 2262.594342
85.950000 2257.570074 2259.132093 2260.744346 2260.814560 2262.408370 2264.733826
86.050000 2259.333628 2260.981830 2262.706870 2262.775447 2264.582711 2266.749729
86.150000 2261.235359 2263.079775 2264.952572 2265.032882 2267.058870 2269.457152
86.240000 2263.176295 2265.351888 2267.449134 2267.530209 2269.642574 2272.525092
86.350000 2267.076398 2268.923643 2271.368364 2271.624359 2274.014743 2277.926261
86.450000 2269.703918 2272.223806 2274.802675 2275.157207 2278.189769 2282.813472
86.550000 2272.484534 2275.397550 2278.469018 2278.751384 2282.332183 2285.526235
86.650000 2276.214373 2279.094829 2282.233574 2282.183675 2285.375283 2287.874970
86.760000 2279.631575 2283.442287 2286.477508 2286.107766 2288.669165 2290.728347
86.850000 2282.898882 2286.621273 2289.146113 2288.864669 2291.135971 2293.123545
86.950000 2287.794177 2289.826848 2291.779837 2291.717865 2293.575283 2295.818173
87.050000 2290.247702 2292.292425 2294.193884 2294.234569 2296.252110 2298.364640
87.150000 2292.344621 2294.348492 2296.261510 2296.375032 2298.344119 2300.604724
87.250000 2294.447995 2296.368545 2298.216732 2298.393314 2300.530505 2302.724404
87.350000 2296.264590 2298.105097 2300.191715 2300.254649 2302.382364 2304.955185
87.450000 2298.014298 2299.943826 2302.003550 2302.133328 2304.438615 2306.928132
87.550000 2299.670175 2301.713096 2304.009410 2304.208798 2306.646017 2309.678042
87.650000 2301.750772 2304.003496 2306.515647 2306.823708 2309.624519 2314.506922
87.750000 2303.733395 2306.932690 2310.034682 2310.538889 2314.434317 2319.579764
87.860000 2306.693150 2309.999282 2314.336056 2314.812462 2320.107976 2324.867670
87.940000 2308.638136 2312.456341 2317.840239 2317.861430 2323.234232 2327.312987
88.020000 2310.475823 2315.261196 2321.269016 2320.758679 2326.313663 2329.872219
88.100000 2312.946237 2317.836667 2324.545609 2323.665685 2328.898598 2331.525526
88.200000 2315.568035 2322.440169 2328.331897 2327.237260 2331.485350 2333.765121
88.300000 2319.471089 2327.010161 2331.291349 2330.278881 2333.634867 2335.538428
88.390000 2322.375823 2329.595134 2333.159109 2332.378712 2335.139668 2337.152448
88.500000 2326.364379 2332.482403 2335.117247 2334.518259 2336.763266 2338.588266
88.600000 2329.504144 2334.444994 2336.798941 2336.314470 2338.306463 2340.482179
88.620000 2329.937980 2334.814694 2337.146602 2336.669062 2338.694046 2341.052964
88.760000 2333.255122 2336.913126 2338.973440 2338.722040 2340.571213 2342.929042
88.900000 2335.136065 2338.852278 2340.790500 2340.640394 2342.481751 2344.824588
89.020000 2337.107367 2340.636779 2342.388158 2342.355268 2344.169675 2346.638943
89.140000 2339.526053 2342.234888 2344.053384 2344.061398 2345.774404 2348.522305
89.260000 2341.518602 2344.035009 2345.745785 2345.811895 2347.394842 2350.303051
89.370000 2343.480920 2345.786577 2347.447090 2347.580698 2349.234275 2353.185216
89.470000 2345.843295 2347.508515 2349.251118 2349.589915 2351.326928 2356.722839
89.580000 2348.406109 2350.014392 2351.859140 2352.516974 2354.810954 2361.038343
89.670000 2350.338897 2352.151882 2354.754208 2355.474186 2359.028361 2364.535763
89.770000 2352.563928 2354.996614 2358.462302 2359.000666 2363.274448 2367.223856
89.870000 2354.649758 2357.905051 2362.341805 2362.409856 2366.954821 2370.237654
89.960000 2357.082983 2360.997667 2366.041675 2365.538077 2369.759817 2372.525253
90.060000 2360.171944 2364.890330 2369.167926 2368.714435 2372.413797 2374.589275
90.150000 2363.114680 2368.131078 2371.879357 2371.328397 2374.450893 2376.405090
90.250000 2367.316270 2371.579625 2374.584210 2374.047477 2376.554666 2378.330291
90.340000 2370.472271 2373.992241 2376.368986 2376.063946 2378.163068 2379.886773
90.440000 2374.032347 2376.330193 2378.260392 2378.069763 2379.782182 2381.451239
90.530000 2376.184452 2378.003654 2379.690211 2379.615064 2381.237041 2382.996613
90.640000 2378.083478 2379.775285 2381.447702 2381.369313 2382.844170 2384.461214
90.740000 2379.704461 2381.320864 2383.064392 2382.921841 2384.389821 2385.915050
90.840000 2381.254264 2382.894144 2384.533153 2384.455480 2385.970429 2387.531392
90.950000 2382.838357 2384.638168 2386.186211 2386.136537 2387.561188 2389.121106
91.050000 2384.412658 2386.240657 2387.736905 2387.742865 2389.265637 2390.830799
91.150000 2385.768675 2387.891989 2389.414183 2389.390471 2390.918340 2392.323316
91.260000 2387.914686 2389.665926 2391.301104 2391.230704 2392.776620 2394.110636
91.350000 2389.722794 2391.209156 2392.759835 2392.749231 2394.238795 2395.591426
91.450000 2391.525426 2392.961445 2394.377177 2394.395232 2395.807252 2397.252168
91.550000 2393.148957 2394.889262 2396.195081 2396.116063 2397.384030 2398.666727
91.650000 2395.418900 2396.764081 2397.946715 2397.883156 2399.019874 2399.988792
91.750000 2397.988502 2398.904208 2399.869386 2399.862378 2400.803465 2401.797085
