depth(m) lower_95(kyr) lower_68(kyr) median(kyr) mean(kyr) upper_68(kyr) upper_95(kyr)
9.720000 300.531669 301.345469 302.266669 302.291381 303.178523 304.233253
9.820000 303.985992 305.873602 308.583112 308.824276 311.915566 314.586049
9.900000 307.033504 309.547689 312.632275 312.498806 315.347492 317.354396
9.960000 309.128524 312.216189 315.314713 314.906112 317.529621 319.111773
10.030000 311.467129 315.281192 317.826971 317.442252 319.568773 321.046739
10.120000 315.200732 318.448169 320.431317 320.168516 321.823538 323.104004
10.260000 320.948325 322.430000 323.667607 323.565553 324.750545 325.747938
10.335000 322.529951 324.122869 325.259326 325.183866 326.314446 327.341908
10.410000 324.255253 325.635935 326.779541 326.723623 327.832987 328.825734
10.520000 326.554553 327.836581 328.878026 328.832077 329.837070 330.659429
10.590000 328.189806 329.329660 330.379416 330.318395 331.307012 332.048033
10.670000 330.032374 331.089035 332.230829 332.152747 333.130742 334.138420
10.750000 332.114150 333.071526 334.042420 334.045414 335.035904 336.144542
10.825000 333.907348 334.835921 335.868890 335.906342 336.939985 338.074847
10.900000 335.884149 336.837470 337.812087 337.870610 338.925216 340.280895
10.975000 337.566382 338.680136 339.840681 339.963810 341.298914 343.076363
11.050000 339.379579 340.613377 341.855098 342.030959 343.495613 345.618719
11.170000 342.138599 343.598969 345.037881 345.202388 346.912524 349.023074
11.190000 342.851791 344.218511 345.631636 345.839555 347.594165 349.860778
11.250000 344.596067 346.011130 347.622451 347.879394 349.758205 352.436984
11.370000 348.334251 350.199652 352.577537 352.959759 355.819698 359.194489
11.400000 349.254144 351.279462 353.906011 354.202131 357.193565 360.412113
11.460000 350.813716 353.263702 356.287056 356.278217 359.168116 362.354867
11.470000 351.238414 353.603697 356.623889 356.644519 359.526666 362.610220
11.580000 354.507776 357.331829 360.249100 360.269404 363.155634 365.878972
11.720000 359.432960 362.397114 365.229608 365.073313 367.767907 370.251748
11.820000 363.713235 366.328838 369.014186 369.041344 371.904315 374.466640
11.920000 367.120144 369.266343 371.976516 372.072470 374.878176 377.860199
12.030000 370.178083 372.318795 375.188070 375.221719 378.056896 380.839288
12.120000 372.540149 374.834499 377.587934 377.641863 380.558247 383.128395
12.220000 375.251138 377.588401 380.438130 380.516382 383.419054 386.172379
12.320000 378.140980 380.763054 383.847282 383.864839 386.891418 390.104199
12.420000 381.209594 384.319073 388.090223 388.099094 392.080855 394.747396
12.520000 384.506087 388.721154 393.585691 393.005747 396.915917 398.809243
12.620000 400.056292 401.432324 402.944000 403.122124 404.831307 407.208258
12.720000 403.255696 404.774005 406.470831 406.569035 408.429899 410.520616
12.833333 405.665437 407.674452 409.837297 410.024242 412.388378 415.545258
12.946667 408.467728 410.454459 413.013921 413.300820 416.132826 420.006141
13.060000 411.457339 413.623354 416.320824 416.617153 419.741539 422.913314
13.170000 415.052023 417.776448 420.873809 420.953058 424.355939 427.064281
13.280000 419.027592 422.027806 425.117290 425.097451 428.265608 430.252008
13.380000 421.938209 424.999543 427.772827 427.678375 430.540250 432.193670
13.480000 425.309022 427.798739 430.303949 430.193381 432.722862 434.351154
13.580000 428.683486 430.575708 432.742555 432.678900 434.785059 436.581156
13.640000 430.531920 432.092841 434.132950 434.119832 436.064493 437.994847
13.690000 431.710313 433.344610 435.350048 435.340077 437.206702 439.200044
13.810000 434.524072 436.132119 438.099914 438.130263 440.045830 442.158116
13.880000 436.165859 437.838548 439.910130 439.957859 441.913039 444.182364
13.950000 438.032314 439.798636 441.758543 441.926540 444.022824 446.771778
14.030000 440.117068 441.694138 443.864216 444.146367 446.343265 450.272753
14.140000 442.643791 444.568443 446.671609 447.237253 449.990811 455.017045
14.250000 445.039827 447.610295 450.547789 451.385990 455.541088 460.885067
14.360000 448.070167 451.084540 455.289150 456.002443 461.215529 466.549176
14.440000 450.866496 454.359714 459.769981 459.972516 465.609928 470.210605
14.530000 454.434261 458.708095 464.323189 464.333483 469.942101 474.075013
14.640000 458.868014 464.213217 469.867542 469.422347 474.440003 478.054233
14.750000 463.631957 470.406400 474.864401 474.263793 478.110857 481.539809
14.870000 476.466912 479.591812 481.735979 481.776823 484.072482 486.728904
14.980000 481.770228 484.020375 485.956496 486.153035 488.074181 492.686651
15.080000 484.379539 486.853101 489.170911 489.426570 491.919181 496.302019
15.180000 487.299762 489.629206 492.264867 492.581217 495.649195 499.242144
15.270000 490.370481 492.464976 495.242269 495.525735 498.636962 501.676893
15.370000 493.784512 495.949264 499.048426 499.051358 501.998993 504.225964
15.470000 497.103986 499.393183 502.755087 502.485153 505.152876 507.474742
15.570000 499.916991 502.804995 505.772420 505.997421 508.769018 515.311720
15.670000 503.021152 505.676779 508.444329 509.202606 512.285818 520.394735
15.770000 506.453712 508.973969 511.616107 512.510583 516.135977 524.019505
15.870000 509.205430 511.958567 515.153468 515.977486 520.738805 526.485374
15.970000 512.059181 514.947671 518.907643 519.646514 524.969200 528.974841
16.070000 514.938430 518.255609 523.267145 523.289173 528.241254 531.976099
16.170000 518.357802 522.619088 527.947085 527.372519 531.632936 535.510078
16.270000 521.779809 527.163197 531.948273 531.503784 535.638642 539.061749
16.370000 526.162368 531.622273 535.463874 535.360517 539.189607 542.414995
16.470000 531.241268 534.818851 538.483613 538.539815 542.403820 545.180991
16.570000 535.243164 538.120820 541.581251 541.705092 545.396626 548.036798
16.670000 538.308044 541.250730 544.743461 544.702767 548.100938 550.442120
16.770000 541.569885 544.545076 547.892798 547.787821 550.898704 553.114275
16.870000 544.464820 548.092814 551.342154 551.099650 553.977348 556.643240
16.970000 549.451591 552.483641 555.290603 555.505920 558.451032 562.259510
17.070000 553.783959 556.587377 559.648997 559.938761 563.788600 567.264946
17.170000 558.514766 561.441084 565.399621 565.226448 568.857954 571.529065
17.270000 562.678650 566.185061 570.012071 569.707164 573.008663 575.083498
17.370000 568.115558 571.479668 574.305671 573.907838 576.126528 577.668793
17.470000 572.474952 575.592337 577.768958 577.424412 579.121719 580.265947
17.570000 577.613000 579.724460 581.484606 581.671924 583.587763 587.374292
17.670000 581.226727 582.927968 585.328085 585.618768 588.372672 591.429203
17.770000 583.728423 585.884454 589.041764 589.234978 592.610595 595.401674
17.870000 586.584796 589.120945 592.661869 592.615694 596.115067 599.058064
17.970000 589.212023 592.159474 596.050281 595.962570 599.569883 602.680757
18.070000 592.094379 595.453363 599.291108 599.204935 602.723472 605.664692
18.170000 594.949311 598.734944 602.386889 602.198475 605.689496 608.602233
18.270000 597.838059 601.961678 605.685479 605.419422 608.823055 611.806797
18.370000 601.830996 605.789182 608.999501 608.871519 612.095322 614.625654
18.470000 606.343029 610.225963 612.923241 612.745783 615.339546 617.445144
18.570000 611.860156 614.464805 617.034884 616.832250 619.083023 621.139559
18.670000 618.516512 620.728156 622.577562 622.526070 624.497315 626.165811
18.770000 621.581148 623.635680 625.455472 625.489454 627.392516 629.249668
18.870000 624.555741 626.246916 628.025979 628.059254 629.827732 631.651016
18.970000 626.951606 628.633742 630.498968 630.524618 632.329794 634.180833
19.030000 628.443306 630.155124 632.121637 632.090371 633.946878 635.885140
19.070000 629.508930 631.165350 633.224775 633.207395 635.269988 637.095907
19.150000 631.471605 633.113929 635.279600 635.311757 637.525682 639.679579
19.270000 634.021041 636.054887 638.340309 638.437623 640.658942 643.456988
19.380000 637.118523 639.166654 641.543292 641.708447 644.210095 647.592574
19.480000 639.804465 642.087202 644.557010 644.861375 647.617351 651.486491
19.570000 642.067976 644.769256 647.554638 647.752346 650.798988 654.379312
19.660000 644.461406 647.375787 650.535052 650.705829 653.985386 657.894845
19.750000 647.632087 650.609893 654.109574 654.297943 658.108157 661.420276
19.850000 651.423938 654.576358 658.506378 658.771028 662.623941 668.252823
19.950000 655.303667 659.109975 663.538314 663.599541 668.248471 672.729492
20.060000 660.462657 664.343699 669.190767 669.223177 674.022996 678.582453
20.170000 664.935233 669.823002 675.275940 674.880777 679.664715 682.850570
20.280000 673.313280 678.547004 682.430923 681.936128 685.332428 687.785618
20.380000 681.202784 685.084021 687.286555 687.299132 689.727282 693.040393
20.470000 686.707183 688.923658 691.132439 691.382925 694.132692 697.005430
20.550000 689.957890 691.910694 694.508235 694.693559 697.547882 700.198489
20.630000 692.517618 695.160350 697.799221 697.792100 700.330680 702.833262
20.700000 695.355600 698.544352 701.207283 700.968117 703.422843 705.205776
20.710000 695.707216 698.901836 701.629244 701.393047 703.832100 705.543350
20.780000 698.709122 701.885034 704.275440 704.090886 706.348695 708.612574
20.850000 702.937205 705.329755 707.311018 707.300708 709.263490 711.320880
20.920000 706.464911 708.514523 710.578316 710.555802 712.608990 714.262029
21.000000 709.402057 711.610566 713.904681 713.736390 715.730859 717.498739
21.080000 711.747870 713.921201 716.658788 716.302987 718.420296 720.171068
21.160000 714.276239 716.355620 718.896844 718.685275 720.799809 722.537705
21.230000 716.498338 718.422727 721.085612 720.772994 722.767048 724.430544
21.240000 716.745016 718.832030 721.411655 721.118048 723.093923 724.714835
21.330000 719.720908 722.282641 724.102203 723.997652 725.797225 727.564265
21.410000 722.243718 724.872841 726.810363 727.001013 728.976663 732.828941
21.420000 722.709551 725.151796 727.166301 727.376158 729.495254 733.108000
21.500000 725.167053 727.303784 729.618894 730.156918 733.160822 738.065645
21.590000 727.552223 729.676134 732.635389 733.300307 736.774887 743.657814
21.670000 729.934060 732.414781 735.515808 736.198144 739.702844 748.363396
21.750000 732.452550 735.338915 738.809650 739.433679 742.829783 752.122306
21.840000 736.368924 739.785689 743.490945 744.402900 749.617063 756.544056
21.930000 741.656591 744.858835 749.512594 750.198262 755.891532 760.885285
22.030000 746.862975 752.662448 758.679663 758.217021 763.533245 767.457630
22.130000 756.341476 761.679917 766.172163 765.794984 769.981639 772.513334
22.240000 766.308281 769.563523 772.621462 772.326271 775.030348 777.146237
22.350000 771.881623 774.509320 776.851501 776.674395 778.795601 780.963160
22.460000 776.046202 778.098645 780.084772 780.039296 781.929463 783.826909
22.570000 779.193259 781.082342 783.058118 782.956021 784.774682 786.515293
22.670000 782.235088 784.147074 785.840256 785.751197 787.355684 788.892021
22.760000 785.451235 787.220325 788.823757 788.870099 790.527595 792.580912
22.850000 788.523706 790.374697 792.176192 792.357639 794.365378 797.540829
22.940000 792.575748 794.996640 797.796095 797.925467 800.919919 804.074569
23.030000 795.818341 799.484427 802.803340 802.766960 806.220521 808.916877
23.120000 800.119972 804.252100 807.667953 807.463898 810.735865 813.559224
23.220000 807.102500 810.194939 812.905910 813.146802 815.870077 822.087792
23.340000 812.306210 814.630984 817.560697 818.943645 824.560958 831.644846
23.470000 816.878645 819.645821 824.520377 825.698247 832.579374 837.456749
23.610000 821.145892 825.040662 832.824421 832.321495 838.774245 842.302355
23.750000 826.385409 832.706640 839.576959 838.315519 843.185826 845.992897
23.880000 831.582519 839.866149 843.952895 843.224157 846.841466 849.156277
23.990000 839.025564 844.334834 847.506440 847.054749 849.983455 851.874039
24.100000 844.019323 847.816769 850.640784 850.293916 852.741841 854.439794
24.200000 847.031245 850.702258 853.268800 852.914542 855.257273 856.866284
24.300000 849.546760 853.603650 855.978518 855.583587 857.728821 858.962641
24.400000 851.969719 856.102587 858.406605 858.027338 860.100861 861.431421
24.500000 854.683229 858.560959 860.793920 860.388220 862.327435 863.449065
24.610000 857.499289 861.325267 863.279894 862.890888 864.544891 865.625412
24.720000 860.740787 863.899281 865.800338 865.605857 867.417435 868.862249
24.840000 868.389523 869.639163 871.323135 871.691857 873.770342 876.847827
24.950000 871.381424 872.978805 875.193802 875.463675 877.962752 881.361115
25.060000 874.318547 876.215861 878.742588 879.031632 881.787986 885.064950
25.140000 876.805775 878.816913 881.674707 881.899064 885.050554 887.883642
25.170000 877.609910 879.803132 882.750007 882.964446 886.222468 888.716632
25.270000 880.264102 882.906476 886.000665 886.088833 889.337220 891.606087
25.370000 883.068502 885.622749 889.264164 889.038583 892.282484 894.638004
25.420000 884.836981 887.325189 891.011457 890.804395 894.043030 896.340463
25.460000 886.265440 888.885709 892.543989 892.314401 895.393999 897.594104
25.520000 888.610505 891.588628 895.012347 894.868322 897.752824 901.400588
25.620000 892.092710 895.176370 898.406080 898.366991 901.177774 905.303032
25.710000 895.201300 898.595314 901.707520 901.776653 904.945705 908.966900
25.830000 899.929159 902.981169 906.496446 906.643538 910.342276 913.859807
25.920000 903.111958 906.377135 910.523998 910.314237 914.108566 916.751263
26.020000 906.390931 910.772429 914.804325 914.350766 917.715444 919.980426
26.120000 910.867054 915.525584 918.772179 918.415822 921.302115 923.791434
26.220000 915.682982 919.117588 922.351753 921.954044 924.724303 927.252696
26.320000 919.051896 922.633630 925.642977 925.421613 928.029655 930.889273
26.420000 923.536833 926.405859 929.297456 929.273347 932.086400 935.608766
26.520000 928.011202 930.377487 933.065547 933.190037 936.006479 939.268990
26.620000 932.061174 934.440033 937.047131 937.206553 940.109390 942.809512
26.740000 936.458668 938.584511 941.368075 941.478458 944.350307 946.778653
26.760000 937.149577 939.471519 942.244582 942.319612 945.201373 947.700247
26.810000 939.823771 942.387196 945.217337 945.105549 947.786868 949.889537
26.860000 942.202757 944.546827 947.266022 947.170093 949.793428 951.609522
26.960000 946.050781 948.173668 950.616256 950.512942 952.786767 954.483605
27.060000 949.652247 951.910274 954.044197 953.836398 955.720368 957.207056
27.160000 953.032324 955.596843 957.091873 957.048239 958.550554 960.492070
27.260000 958.376110 959.155575 960.031479 960.273900 961.321943 963.713455
27.360000 960.795884 961.664706 962.884371 963.096696 964.524926 966.720646
27.460000 962.925424 964.077066 965.547706 965.768716 967.356095 969.735516
27.560000 965.320286 966.809674 968.496199 968.811150 970.677905 973.738869
27.660000 968.199570 970.051703 972.130245 972.648046 975.144463 978.859298
27.760000 971.601052 973.526871 976.344590 976.581084 979.501291 982.910560
27.860000 974.628447 977.210792 980.466294 980.669218 983.680243 988.503406
27.960000 977.744770 981.488859 984.865244 984.934616 988.424982 992.907552
28.060000 981.583942 985.325107 988.630447 988.837752 992.576070 996.981770
28.150000 984.175910 988.704317 992.648602 992.635202 996.881290 1000.494616
28.260000 988.007345 992.673524 997.356933 996.904676 1000.892022 1003.689321
28.370000 991.796544 997.818038 1001.601055 1001.169537 1004.610759 1007.651473
28.470000 997.614527 1002.381993 1005.122429 1004.960656 1007.850568 1010.663536
28.560000 1003.111309 1005.695845 1008.117818 1008.119101 1010.635833 1013.438903
28.660000 1006.568087 1009.120548 1011.672207 1011.784215 1014.308343 1017.214829
28.750000 1009.871231 1012.599547 1015.485044 1015.591452 1018.571640 1022.075092
28.850000 1013.855039 1016.795137 1019.713001 1019.833104 1023.180992 1025.687439
28.960000 1017.844829 1020.998515 1024.230515 1023.968076 1026.909801 1028.897825
29.060000 1021.823524 1025.148375 1028.149458 1027.699089 1030.211711 1031.808544
29.160000 1026.438423 1029.474850 1031.449720 1031.444850 1033.412198 1036.346899
29.250000 1031.767266 1033.314994 1034.995209 1035.338843 1037.415598 1041.242724
29.360000 1034.937629 1036.634832 1038.653397 1039.130698 1041.574716 1046.288906
29.445000 1037.203006 1039.264862 1041.807949 1042.257135 1045.218732 1050.324959
29.530000 1039.782241 1041.901030 1045.171531 1045.450630 1048.864869 1053.888965
29.560000 1040.818971 1043.190809 1046.508255 1046.762637 1050.103786 1054.803733
29.680000 1045.532809 1049.087655 1052.803373 1052.845855 1056.638311 1059.795697
29.790000 1051.033462 1055.250654 1059.237331 1058.754480 1061.871083 1063.693028
29.890000 1059.038884 1062.542797 1064.437819 1064.127988 1065.859056 1067.332406
29.990000 1064.719322 1066.518638 1067.894319 1067.942406 1069.438778 1071.102453
30.100000 1068.814831 1070.132149 1071.525179 1071.487102 1072.869661 1074.217506
30.210000 1071.848716 1073.347947 1074.753399 1074.657748 1075.957188 1077.142843
30.310000 1075.499766 1076.606103 1077.945567 1077.969644 1079.286943 1081.094667
30.400000 1078.220855 1079.386820 1080.651170 1080.850996 1082.280401 1084.606823
30.470000 1080.264684 1081.423571 1083.045294 1083.272442 1084.949056 1087.482356
30.550000 1082.351044 1084.014670 1086.152817 1086.359154 1088.747189 1091.252105
30.650000 1085.010225 1087.062800 1090.119065 1089.966114 1092.738618 1095.020925
30.770000 1089.051568 1092.775980 1095.963689 1095.510865 1098.016624 1099.954299
30.900000 1092.578147 1097.865407 1101.169606 1100.769504 1103.666179 1106.991824
31.030000 1098.208254 1102.837243 1105.903153 1106.103389 1109.902813 1113.697225
31.135000 1102.051459 1106.809301 1110.190951 1110.255889 1113.993596 1117.304928
31.240000 1107.275289 1111.483378 1114.266785 1114.346739 1117.485739 1120.790535
31.340000 1112.508653 1115.009900 1117.991666 1118.041320 1121.166509 1124.631919
31.450000 1116.220709 1118.876228 1122.050142 1122.155440 1125.386753 1128.950463
31.560000 1119.366124 1122.203728 1125.891790 1125.760288 1129.169905 1132.274581
31.670000 1122.485962 1125.674529 1129.500624 1129.294523 1132.739222 1135.475762
31.770000 1125.387064 1129.286676 1132.948480 1132.654725 1135.810810 1138.481370
31.880000 1130.697859 1134.083045 1136.912594 1137.015201 1140.058371 1143.685654
31.990000 1135.960255 1138.938168 1142.085904 1142.559281 1146.548814 1151.536849
32.120000 1140.667869 1144.792027 1149.840654 1150.096975 1154.732296 1163.816347
32.240000 1147.107949 1151.723623 1156.422511 1157.134165 1162.297677 1173.107293
32.340000 1153.066090 1156.980962 1160.909801 1162.587531 1169.843647 1178.169993
32.410000 1157.917212 1160.803397 1164.768729 1166.352442 1173.820383 1180.205183
32.470000 1161.304781 1163.932179 1168.237177 1169.454022 1176.326278 1182.209638
32.520000 1163.787233 1166.665589 1170.864115 1172.040046 1178.810848 1183.726379
32.580000 1166.893875 1170.254931 1174.607881 1175.401446 1181.675129 1185.398974
32.620000 1168.799830 1172.790764 1176.982776 1177.531385 1183.527381 1186.401507
32.690000 1172.918140 1176.267208 1181.198598 1181.098595 1185.910544 1188.071251
32.780000 1177.201931 1181.138210 1185.834905 1184.970203 1188.305800 1189.802954
32.900000 1182.974116 1187.735466 1189.885793 1189.405028 1191.249131 1192.552813
32.985000 1187.430496 1190.498957 1192.145518 1191.923318 1193.445607 1194.888983
33.070000 1191.560103 1193.006063 1194.244506 1194.238902 1195.589656 1196.944725
33.175000 1193.961369 1195.402957 1196.749579 1196.793420 1198.258974 1199.762368
33.280000 1196.657588 1197.922329 1199.309781 1199.324922 1200.763193 1202.245725
33.360000 1198.202343 1199.688233 1201.129096 1201.189089 1202.633017 1204.429108
33.440000 1200.287547 1201.605940 1203.108833 1203.137375 1204.645315 1206.419260
33.530000 1202.444054 1203.756626 1205.432788 1205.411913 1207.043795 1208.485196
33.610000 1204.589902 1206.106760 1207.800692 1207.831623 1209.538363 1211.421801
33.670000 1206.295388 1208.018792 1209.816873 1209.812648 1211.546254 1213.650607
33.730000 1208.621945 1210.107383 1212.139498 1212.264063 1214.430189 1216.757251
33.800000 1210.840544 1212.651929 1214.980287 1215.053138 1217.454186 1219.343817
33.880000 1213.617382 1215.904401 1218.499771 1218.427173 1220.960801 1222.910767
33.990000 1217.142133 1220.097952 1222.696472 1222.474611 1224.857502 1226.644050
34.070000 1219.764758 1222.454708 1224.902421 1224.686139 1226.855133 1228.553861
34.150000 1222.537758 1224.836767 1226.844027 1226.762938 1228.755509 1230.477847
34.260000 1225.696347 1227.456591 1229.368325 1229.311660 1231.223980 1232.705723
34.370000 1227.936506 1230.067210 1231.763171 1231.722342 1233.494883 1234.905012
34.500000 1231.058035 1232.879226 1234.461606 1234.369647 1235.925620 1237.100163
34.630000 1233.771320 1235.666334 1237.147519 1237.034196 1238.375016 1239.600450
34.705000 1235.721716 1237.452282 1238.832547 1238.692555 1239.948729 1240.917073
34.780000 1238.226732 1239.376926 1240.514207 1240.471084 1241.556893 1242.563651
34.850000 1240.737877 1241.798423 1242.604580 1242.592162 1243.411953 1244.336711
34.890000 1243.217103 1243.998277 1244.919426 1245.074489 1246.085527 1247.942163
34.930000 1245.296357 1246.409469 1247.995946 1248.326068 1250.425117 1253.083806
34.970000 1246.658622 1248.341038 1250.805951 1250.845863 1253.305131 1255.423382
35.010000 1247.700701 1250.468576 1253.447982 1253.018367 1255.428956 1257.152121
35.060000 1248.950043 1253.073846 1255.824984 1255.347665 1257.491056 1259.048216
35.130000 1250.873879 1255.874364 1257.934712 1257.505732 1259.544160 1260.997178
35.270000 1255.028994 1259.244582 1261.099782 1260.751686 1262.517628 1263.730113
35.360000 1257.983229 1261.506643 1263.151233 1262.939281 1264.589709 1265.848924
35.450000 1261.433801 1263.802525 1265.259636 1265.118224 1266.519343 1267.718743
35.525000 1264.028727 1265.718023 1267.048058 1266.994523 1268.304254 1269.526589
35.600000 1266.261476 1267.690409 1268.832656 1268.843297 1270.057620 1271.208488
35.710000 1268.729240 1270.006529 1271.203764 1271.180093 1272.361618 1273.886912
35.780000 1270.363772 1271.424811 1272.661411 1272.671306 1273.882969 1275.250143
35.860000 1271.921348 1273.061864 1274.361454 1274.314126 1275.516310 1276.863955
35.930000 1273.135250 1274.528661 1275.735952 1275.735373 1276.990219 1278.316909
36.010000 1274.838726 1276.092487 1277.337361 1277.343826 1278.631861 1279.803556
36.110000 1276.974727 1278.238523 1279.321033 1279.332218 1280.433426 1281.417067
36.220000 1279.484025 1280.482710 1281.501913 1281.518103 1282.482748 1283.626799
36.350000 1282.439433 1283.453860 1284.547996 1284.613774 1285.652585 1287.123898
36.430000 1284.456914 1285.669487 1286.977946 1287.412550 1289.146218 1292.523856
36.510000 1286.788697 1288.169050 1290.078299 1290.568695 1293.061595 1296.164250
36.520000 1287.152623 1288.463995 1290.470387 1290.946654 1293.474444 1296.573778
36.630000 1289.559620 1291.716772 1294.340307 1294.584023 1297.576765 1300.551644
36.740000 1292.437557 1295.020342 1298.190902 1298.133501 1301.094218 1303.704718
36.850000 1295.170981 1298.389280 1301.714319 1301.396166 1304.246723 1306.664482
36.960000 1298.847372 1301.677886 1304.773313 1304.425917 1306.984074 1309.095170
37.080000 1302.918572 1305.322913 1307.758560 1307.657128 1309.940584 1312.073363
37.200000 1306.719996 1308.942655 1311.054766 1311.049557 1313.333607 1315.248492
37.290000 1309.608646 1311.671473 1313.821282 1313.807266 1315.965251 1317.665489
37.380000 1312.324346 1314.481810 1316.669078 1316.587467 1318.593993 1320.452595
37.470000 1315.423376 1317.701043 1319.420433 1319.548129 1321.352118 1324.246559
37.540000 1318.755158 1320.182119 1321.943143 1322.199753 1324.300417 1327.028619
37.610000 1320.862529 1322.242702 1324.464252 1324.658426 1327.082644 1329.391060
37.670000 1322.270260 1323.846175 1326.375674 1326.469937 1328.983085 1331.396632
37.730000 1323.662850 1325.540700 1328.132774 1328.173674 1330.631454 1333.114223
37.800000 1325.163358 1327.451516 1330.021666 1330.057413 1332.658498 1334.876662
37.890000 1327.487295 1329.824686 1332.363392 1332.407423 1335.213766 1337.139191
37.965000 1329.488326 1331.765110 1334.478660 1334.432886 1337.153502 1339.067841
38.040000 1331.377330 1333.896008 1336.661786 1336.532689 1339.107527 1340.855569
38.130000 1333.951168 1336.539979 1339.282652 1339.000668 1341.316032 1342.827013
38.220000 1336.243878 1339.300675 1341.759764 1341.433463 1343.446038 1344.703466
38.360000 1341.114824 1343.718613 1345.392114 1345.165495 1346.585832 1347.956558
38.460000 1346.077618 1347.250692 1348.433742 1348.481856 1349.663261 1351.125107
38.560000 1348.367561 1349.642706 1350.872350 1350.927161 1352.136188 1353.820584
38.650000 1350.418716 1351.671514 1352.997889 1353.017449 1354.317080 1355.994024
38.740000 1352.216736 1353.752108 1355.160511 1355.121829 1356.511017 1357.725881
38.820000 1354.383802 1355.823538 1357.268431 1357.206876 1358.471740 1359.739879
38.900000 1357.606528 1358.765672 1360.219629 1360.366601 1361.887518 1364.705913
38.980000 1360.831194 1362.908113 1365.215526 1365.578850 1368.344624 1371.055223
39.080000 1365.360303 1367.874886 1370.688902 1370.505412 1373.110597 1375.124356
39.150000 1367.260021 1370.972716 1373.567652 1373.325924 1375.839409 1377.726749
39.180000 1368.921388 1372.143957 1374.832615 1374.550532 1376.944885 1378.863922
39.220000 1370.456136 1373.862551 1376.257013 1375.979472 1378.201737 1379.952351
39.280000 1373.005988 1375.935310 1378.248018 1378.011537 1379.986380 1381.710227
39.290000 1373.202267 1376.284240 1378.577268 1378.347091 1380.347099 1382.207357
39.390000 1375.486797 1378.890863 1381.091269 1380.957059 1382.999085 1385.421581
39.520000 1379.289099 1382.215807 1384.517166 1384.679502 1387.199538 1391.681927
39.650000 1382.761547 1385.639291 1387.985377 1388.435078 1391.558475 1395.767313
39.780000 1386.464296 1388.954795 1391.806488 1392.208978 1395.881818 1399.378683
39.900000 1390.249993 1392.534207 1395.855193 1396.020039 1399.572126 1402.507151
39.975000 1392.631922 1395.490449 1398.721295 1398.655609 1401.746859 1404.781366
40.050000 1395.445305 1398.837668 1401.633147 1401.512796 1404.007865 1406.768892
40.120000 1399.181646 1401.992987 1404.581234 1404.624822 1406.901089 1411.283952
40.210000 1403.820056 1406.550574 1409.752593 1410.360646 1414.493755 1419.522871
40.340000 1408.161089 1413.270059 1418.414162 1417.842906 1422.105007 1424.606873
40.480000 1417.400624 1421.913213 1424.935352 1424.448515 1426.987345 1428.863664
40.600000 1425.779138 1427.770864 1429.468924 1429.554932 1431.469722 1433.989894
40.690000 1428.898906 1430.635383 1432.544275 1432.792641 1434.916332 1438.371979
40.770000 1431.109398 1432.806829 1435.019140 1435.440787 1438.316212 1441.818349
40.780000 1431.323706 1433.165891 1435.440589 1435.812277 1438.731804 1442.158072
40.860000 1433.547763 1435.801038 1438.565762 1438.703072 1441.692772 1444.628556
40.970000 1436.383662 1439.184391 1442.391084 1442.295596 1445.314887 1448.088103
41.045000 1438.818025 1442.423152 1445.282696 1445.171860 1447.810600 1450.804396
41.120000 1441.829619 1446.081779 1448.676949 1448.424584 1450.699328 1453.429629
41.260000 1452.957649 1454.980333 1458.212064 1458.652506 1462.477579 1466.048816
41.340000 1457.798651 1460.498925 1464.408934 1464.379656 1468.226004 1472.038403
41.400000 1462.664368 1467.760874 1471.978259 1471.660601 1475.441175 1478.690997
41.530000 1472.613600 1475.856512 1480.166101 1480.183660 1484.431241 1487.502165
41.570000 1474.395233 1478.285486 1482.766921 1482.513245 1486.655748 1489.272025
41.660000 1479.115241 1484.110861 1488.499821 1488.077621 1491.710157 1495.256258
41.750000 1486.549931 1490.315014 1493.048872 1493.018208 1495.739901 1499.130575
41.850000 1490.897634 1493.758604 1496.457749 1496.595958 1499.552967 1502.674656
41.950000 1494.153057 1496.807799 1499.581719 1499.773241 1502.805522 1506.247307
42.050000 1497.089822 1499.537204 1502.708155 1502.716596 1505.991785 1509.112199
42.150000 1499.866250 1502.496437 1505.685181 1505.782244 1508.911533 1512.172459
42.250000 1503.029294 1506.022226 1509.336101 1509.259268 1512.407420 1515.123864
42.320000 1506.160519 1509.171203 1512.271897 1512.204052 1515.249914 1517.661828
42.380000 1508.819567 1512.192721 1515.283144 1515.153309 1518.065535 1520.473276
42.440000 1511.422614 1514.872292 1517.825938 1517.608836 1520.467976 1522.615786
42.510000 1513.978590 1517.572173 1520.445111 1520.168279 1522.815845 1524.751986
42.610000 1517.770734 1521.001387 1523.623383 1523.380725 1525.826760 1527.837177
42.710000 1521.614011 1524.448227 1526.610609 1526.544286 1528.742268 1530.983546
42.850000 1526.988542 1528.923912 1530.869841 1531.011829 1533.174879 1535.524803
42.925000 1529.255914 1531.189669 1533.311122 1533.410393 1535.648346 1538.174915
43.000000 1531.577312 1533.588967 1535.842003 1535.907264 1538.213614 1540.608374
43.130000 1534.704648 1537.282154 1539.986963 1539.810470 1542.311495 1544.435579
43.140000 1535.209895 1537.687356 1540.303373 1540.187758 1542.677414 1544.821670
43.240000 1539.088755 1541.364330 1543.656423 1543.756419 1546.320440 1548.853358
43.320000 1542.663393 1544.779899 1547.177530 1547.421922 1550.094067 1553.194538
43.390000 1545.687785 1547.814326 1550.611976 1550.720293 1553.707614 1556.328486
43.460000 1549.041278 1551.461604 1554.725953 1554.538167 1557.521714 1559.775497
43.520000 1551.525913 1554.422069 1557.445101 1557.171030 1559.921986 1561.771058
43.605000 1554.765771 1557.584501 1560.306931 1560.066028 1562.408280 1564.147604
43.690000 1557.859763 1560.727283 1562.968192 1562.712338 1564.751038 1566.186844
43.820000 1561.595458 1564.394107 1566.519735 1566.266756 1568.151027 1569.805172
43.895000 1564.617952 1566.952906 1568.876922 1569.002257 1570.998812 1574.670380
43.970000 1567.517076 1569.553721 1571.541627 1571.912552 1574.304588 1579.273338
44.100000 1571.560512 1573.574806 1576.557823 1576.881127 1580.371892 1583.895457
44.200000 1574.756741 1577.250816 1580.643191 1580.825601 1584.489072 1587.204373
44.280000 1577.740407 1580.878402 1584.475656 1584.382067 1587.793511 1590.284671
44.350000 1581.402501 1584.692961 1588.230463 1587.850368 1590.809259 1593.161264
44.430000 1584.682298 1588.182116 1591.236055 1590.965616 1593.570120 1595.574238
44.520000 1588.885302 1591.769457 1594.276094 1594.169836 1596.567797 1598.588814
44.620000 1592.543882 1595.200115 1597.446866 1597.349700 1599.569319 1601.498253
44.730000 1596.355274 1598.572375 1600.587945 1600.529413 1602.482543 1604.770801
44.830000 1599.249721 1601.143791 1603.092481 1603.144684 1605.114710 1607.680513
44.940000 1602.376099 1603.988721 1605.953722 1606.131202 1608.137874 1611.483253
45.060000 1606.033639 1607.505153 1609.571412 1610.103992 1612.679794 1617.812302
45.190000 1609.258199 1611.324078 1614.160361 1614.929381 1618.744955 1624.142673
45.265000 1611.590736 1613.584602 1617.009885 1617.777812 1622.373134 1627.181275
45.340000 1613.659744 1616.064206 1620.190996 1620.760245 1625.677235 1630.184771
45.455000 1617.053641 1620.472468 1625.300652 1625.431162 1630.572086 1633.374770
45.570000 1621.319233 1625.354812 1630.917119 1630.217784 1634.693980 1636.712477
45.650000 1623.914846 1629.072978 1634.202125 1633.310991 1637.115037 1638.776941
45.740000 1628.224804 1634.250166 1637.625613 1636.975932 1639.692152 1641.172050
45.830000 1634.729382 1639.014827 1640.962425 1640.618041 1642.475616 1643.897067
45.920000 1640.022819 1642.292088 1643.863044 1643.880067 1645.580838 1648.030948
46.040000 1644.384490 1645.985819 1647.750003 1648.024312 1650.225535 1653.497614
46.150000 1647.053447 1648.877217 1651.189131 1651.447080 1654.035491 1657.700912
46.260000 1649.874734 1651.857837 1654.607813 1654.871495 1658.041962 1661.289654
46.350000 1652.208034 1654.615528 1657.832024 1657.921733 1661.333254 1664.392357
46.430000 1654.759728 1657.490270 1661.105815 1660.858421 1664.064973 1666.506652
46.500000 1657.357724 1660.449796 1664.039995 1663.665796 1666.646586 1668.609368
46.570000 1660.527965 1664.308859 1667.218187 1666.873497 1669.406390 1671.424633
46.640000 1664.705721 1668.104111 1670.361900 1670.279034 1672.487612 1675.220804
46.730000 1669.549272 1671.779492 1674.083963 1674.321687 1676.797416 1680.318725
46.850000 1673.307983 1675.578199 1678.405428 1678.554629 1681.654439 1684.913763
46.925000 1675.256701 1677.958300 1680.940494 1681.148952 1684.463230 1687.457054
47.000000 1677.304582 1680.366897 1683.610256 1683.583090 1686.744958 1689.735301
47.140000 1681.834455 1684.722572 1687.910261 1687.852044 1690.780636 1693.308087
47.250000 1685.630320 1688.569601 1691.277459 1691.137829 1693.753908 1696.345697
47.330000 1688.360680 1691.372999 1693.696468 1693.651631 1695.950902 1698.382475
47.380000 1690.363044 1693.437931 1695.577898 1695.571074 1697.796859 1700.301541
47.430000 1693.254437 1696.093405 1698.105708 1698.134553 1700.182423 1703.362494
47.510000 1697.745352 1699.949950 1701.972949 1702.116955 1704.416663 1706.760260
47.600000 1701.163238 1703.970175 1706.409528 1706.305795 1708.657581 1710.453952
47.620000 1702.180631 1704.845876 1707.515427 1707.352020 1709.747873 1711.731740
47.690000 1706.701744 1709.187230 1711.581710 1711.490597 1713.747246 1716.157167
47.700000 1707.140304 1709.644707 1712.004323 1711.971082 1714.261098 1716.678207
47.760000 1709.798521 1712.679601 1715.136569 1715.233993 1717.805404 1720.927947
47.830000 1712.690149 1715.450817 1718.125856 1718.340279 1721.431628 1725.020803
47.920000 1715.412146 1718.744780 1721.885820 1722.275306 1726.112205 1730.750776
48.030000 1718.575821 1722.347097 1726.333324 1726.568602 1730.810079 1735.766377
48.170000 1723.344455 1727.838176 1731.782242 1732.131597 1735.898627 1745.831429
48.290000 1728.421773 1733.235002 1736.694408 1737.138582 1740.485681 1751.395126
48.390000 1732.958114 1737.165051 1740.367286 1741.224537 1744.610595 1756.306214
48.470000 1735.720297 1740.163930 1743.991529 1745.049069 1750.235898 1759.359709
48.540000 1738.283419 1743.746874 1748.606420 1748.974056 1754.885808 1761.256984
48.630000 1741.065198 1748.111029 1754.953703 1754.254540 1759.821770 1764.041747
48.710000 1744.137443 1753.125241 1759.216798 1758.196790 1763.159526 1766.507542
48.820000 1750.861343 1759.232494 1763.679224 1763.016820 1766.969231 1769.926020
48.920000 1757.150873 1762.928637 1766.780160 1766.328212 1769.858014 1772.621441
49.020000 1761.602263 1766.225904 1769.707088 1769.413984 1772.611933 1775.166039
49.120000 1765.227130 1769.337408 1772.548974 1772.335580 1775.259011 1778.174711
49.210000 1768.116150 1772.127604 1775.167660 1775.028923 1777.809404 1780.784774
49.300000 1771.889503 1775.331935 1778.229188 1778.132989 1780.950613 1784.448468
49.410000 1775.501447 1778.797585 1781.366641 1781.547716 1784.423935 1787.987768
49.520000 1778.775944 1781.910653 1784.576798 1784.743478 1787.698050 1791.812901
49.630000 1782.075711 1784.979912 1787.813890 1787.981089 1791.248384 1794.838664
49.725000 1785.047591 1787.929774 1790.747126 1790.950666 1794.313375 1797.225550
49.820000 1788.564030 1791.121693 1794.145995 1794.153091 1797.269225 1799.513899
49.910000 1791.415464 1794.257653 1797.336228 1797.245866 1800.156859 1802.632547
50.000000 1794.671769 1797.836139 1800.466383 1800.401879 1802.947113 1805.491957
50.100000 1799.217259 1801.743990 1804.015593 1803.991146 1806.356981 1809.020431
50.200000 1802.278606 1804.312550 1806.720711 1806.767014 1809.164344 1811.641533
50.310000 1804.961380 1806.974678 1809.428250 1809.471159 1811.926788 1814.400016
50.410000 1807.110562 1809.105833 1811.758133 1811.819678 1814.392669 1816.900873
50.510000 1808.906324 1811.530686 1814.214647 1814.201909 1816.901065 1819.601867
50.600000 1811.389214 1813.583301 1816.429899 1816.399485 1819.061073 1822.064810
50.700000 1813.597212 1816.014112 1818.950212 1818.899044 1821.722229 1824.260528
50.810000 1816.441717 1819.006263 1821.889923 1821.804192 1824.449174 1827.462620
50.910000 1819.099331 1821.867565 1824.697779 1824.672472 1827.527221 1830.386943
51.020000 1822.230363 1825.078532 1827.841219 1827.825634 1830.826135 1833.537083
51.070000 1823.571703 1826.302519 1829.166127 1829.218396 1832.302403 1835.180370
51.200000 1826.777487 1829.336562 1832.158624 1832.290206 1835.329468 1838.464391
51.330000 1829.665249 1832.193539 1835.301165 1835.326758 1838.301523 1841.497746
51.460000 1832.583103 1835.231520 1838.230250 1838.422191 1841.521533 1845.630880
51.590000 1835.429482 1838.466600 1841.486946 1841.723755 1845.032584 1849.050125
51.695000 1837.982187 1841.237590 1844.551389 1844.716947 1848.253269 1852.285463
51.800000 1841.420556 1844.157100 1847.798930 1847.814841 1851.248069 1855.359997
51.880000 1843.417582 1846.504948 1850.287499 1850.365515 1854.021028 1858.057370
51.970000 1845.660550 1849.699799 1853.716049 1853.816198 1857.715547 1862.266317
52.100000 1849.216836 1854.985713 1859.739639 1859.843154 1865.099200 1868.824072
52.170000 1851.032101 1857.770903 1863.559195 1863.031504 1868.403165 1872.028735
52.250000 1853.316308 1860.684818 1867.514425 1866.444422 1871.852335 1875.158230
52.340000 1856.001159 1864.476574 1871.178785 1869.881505 1874.869755 1878.064886
52.440000 1860.486453 1869.135991 1874.322121 1873.373180 1877.718057 1880.731008
52.560000 1866.200465 1874.039863 1877.854251 1877.270066 1880.961980 1883.265575
52.640000 1870.221451 1876.494590 1880.075659 1879.594501 1882.881562 1885.364890
52.720000 1874.238857 1878.960200 1882.215113 1881.794773 1884.867280 1887.160435
52.800000 1876.866051 1880.963453 1884.211163 1883.826256 1886.697675 1888.617279
52.880000 1879.374273 1883.188083 1886.344271 1885.885085 1888.535447 1890.403003
52.955000 1881.615454 1885.189120 1888.141904 1887.766540 1890.252830 1891.995911
53.030000 1884.410653 1887.380834 1889.885543 1889.653348 1891.917950 1893.442616
53.150000 1887.520297 1890.458445 1892.744097 1892.433766 1894.452059 1895.982959
53.260000 1890.308259 1893.267927 1895.381465 1895.085107 1896.854447 1898.124408
53.350000 1893.951425 1896.070574 1897.719019 1897.601975 1899.144768 1900.566681
53.430000 1898.148061 1899.475106 1900.764508 1900.789431 1902.211042 1903.587908
53.500000 1900.076980 1901.246804 1902.633050 1902.711834 1904.175277 1905.594323
53.580000 1901.777765 1903.079720 1904.574437 1904.633017 1906.148450 1907.704409
53.650000 1903.266412 1904.644353 1906.202970 1906.237040 1907.757518 1909.360478
53.720000 1904.721746 1906.195128 1907.944575 1907.898701 1909.450998 1911.086894
53.730000 1905.079287 1906.537313 1908.259302 1908.196557 1909.809086 1911.301920
53.800000 1906.931970 1908.602754 1910.172550 1910.153430 1911.725431 1913.680605
53.890000 1909.010942 1910.760480 1912.264524 1912.426271 1914.162012 1916.507839
53.970000 1911.174996 1912.950994 1914.564547 1914.800881 1916.725066 1919.607179
54.060000 1913.326010 1915.117055 1917.146291 1917.437427 1919.959407 1923.013548
54.150000 1915.652683 1917.451953 1919.872035 1920.139069 1922.999930 1926.254450
54.240000 1917.748202 1919.740048 1922.641968 1922.860489 1926.131178 1929.258791
54.343333 1920.467597 1922.836064 1926.169508 1926.318409 1929.975998 1932.661995
54.446667 1923.382605 1926.362685 1929.796774 1929.753459 1933.190120 1935.995694
54.550000 1926.675042 1929.875822 1933.392790 1933.159071 1936.391458 1938.493687
54.656667 1930.137873 1933.549674 1936.866999 1936.498965 1939.269610 1941.315023
54.763333 1934.125222 1937.433972 1939.864368 1939.737592 1942.041651 1944.473245
54.870000 1939.459697 1940.975572 1942.561885 1942.822673 1944.676022 1947.333679
54.980000 1942.007631 1943.469981 1945.009814 1945.352092 1947.194472 1950.719659
55.080000 1944.114691 1945.524858 1947.289307 1947.573093 1949.470414 1952.979228
55.180000 1945.847087 1947.677811 1949.530225 1949.841480 1952.048397 1955.920224
55.290000 1948.388034 1950.010334 1952.046358 1952.422958 1954.791414 1958.891364
55.400000 1950.464654 1952.321249 1954.621400 1955.043035 1958.046704 1961.819374
55.510000 1952.806646 1954.591311 1957.532732 1957.909181 1961.415099 1965.134398
55.630000 1955.382392 1957.553495 1961.016429 1961.274614 1964.996506 1968.005388
55.735000 1957.882826 1960.508891 1964.573411 1964.372273 1967.969744 1970.342310
55.840000 1960.944709 1964.192303 1968.163700 1967.642260 1970.871576 1972.639315
55.950000 1964.252275 1968.178640 1971.176703 1970.852973 1973.608592 1975.337044
56.050000 1967.782835 1971.414196 1973.831037 1973.580226 1975.816497 1977.737392
56.150000 1970.729928 1973.799143 1976.098723 1975.928236 1977.969427 1980.011973
56.260000 1973.738671 1976.239901 1978.421330 1978.287417 1980.312994 1982.168436
56.370000 1976.283506 1978.687614 1980.684679 1980.619176 1982.569369 1984.531512
56.490000 1978.757650 1981.150062 1983.198306 1983.079915 1984.969366 1987.031895
56.620000 1981.519499 1983.892135 1985.805923 1985.731056 1987.602891 1989.502935
56.730000 1984.072714 1986.320509 1988.211658 1988.154858 1989.996099 1991.763604
56.840000 1987.033857 1989.098998 1990.880577 1990.837216 1992.674426 1994.482964
56.940000 1989.965592 1991.596548 1993.195690 1993.205652 1994.801086 1996.855052
57.030000 1992.852272 1994.308050 1995.760625 1995.968535 1997.593351 2000.511371
57.120000 1995.578181 1997.042313 1998.596075 1998.917717 2000.802473 2003.665502
57.200000 1997.576869 1999.214240 2001.051915 2001.434336 2003.919060 2006.884072
57.290000 1999.721343 2001.543849 2003.905364 2004.218735 2007.241885 2009.942603
57.390000 2002.249868 2004.222023 2007.509433 2007.476040 2010.595158 2013.307319
57.490000 2004.757407 2007.206350 2010.635274 2010.441492 2013.410928 2015.656915
57.590000 2007.343975 2010.240981 2013.643658 2013.234212 2016.069367 2017.965961
57.700000 2010.241700 2013.540087 2016.522080 2016.137938 2018.608714 2020.107249
57.820000 2014.121856 2017.262752 2019.610783 2019.325616 2021.455408 2022.846453
57.920000 2017.063851 2019.968449 2021.881752 2021.710575 2023.596102 2025.109972
58.030000 2020.008226 2022.490242 2024.282958 2024.153254 2025.840689 2027.275680
58.125000 2022.146643 2024.659649 2026.290018 2026.192232 2027.929650 2029.350445
58.220000 2024.483572 2026.716536 2028.290646 2028.239807 2029.874367 2031.271377
58.300000 2026.404107 2028.537228 2030.168593 2030.067355 2031.609818 2033.018941
58.310000 2026.753120 2028.803096 2030.445595 2030.347527 2031.860711 2033.289411
58.390000 2028.566289 2030.915782 2032.467698 2032.458970 2034.165538 2035.818144
58.480000 2031.685801 2033.259239 2034.884456 2035.033862 2036.792706 2039.182727
58.570000 2034.227327 2035.750695 2037.474727 2037.639337 2039.602613 2041.696625
58.670000 2036.440145 2038.127536 2039.919898 2040.102597 2042.278172 2044.299370
58.770000 2038.570559 2040.230341 2042.128548 2042.304126 2044.374573 2046.566449
58.880000 2040.711601 2042.511055 2044.566900 2044.619161 2046.709590 2048.792882
59.000000 2043.064783 2044.927672 2047.040123 2047.062312 2049.228058 2051.321818
59.120000 2045.533827 2047.481093 2049.524060 2049.617061 2051.815523 2053.922891
59.230000 2047.731191 2049.845549 2051.991001 2051.998719 2054.180888 2056.250546
59.340000 2050.183851 2052.217547 2054.387038 2054.348538 2056.509648 2058.357956
59.440000 2052.457280 2054.548084 2056.638422 2056.588106 2058.612844 2060.432296
59.530000 2054.565466 2056.636351 2058.604144 2058.583587 2060.579697 2062.164093
59.620000 2056.775188 2058.755112 2060.649084 2060.658610 2062.495786 2064.285825
59.710000 2058.946212 2061.045925 2062.783047 2062.815790 2064.555687 2066.577355
59.810000 2061.599162 2063.447646 2065.204816 2065.294007 2067.094053 2069.664353
59.840000 2062.520805 2064.363068 2066.217486 2066.244242 2068.013165 2070.593734
59.910000 2064.377963 2066.223026 2068.125894 2068.275336 2070.310466 2073.114083
59.950000 2065.527656 2067.220519 2069.267696 2069.407864 2071.541708 2074.348103
60.020000 2067.390056 2068.967917 2071.030935 2071.265898 2073.580855 2076.199666
60.060000 2068.291892 2069.906813 2072.158462 2072.325289 2074.766891 2077.279280
60.170000 2070.241631 2072.417281 2074.868823 2074.959747 2077.385576 2080.148599
60.300000 2072.919440 2075.327954 2078.096131 2078.235299 2081.021299 2084.342869
60.420000 2075.994827 2078.617465 2081.448316 2081.587100 2084.629404 2087.777493
60.520000 2078.861915 2081.651453 2084.520767 2084.695896 2087.873173 2091.030980
60.610000 2081.796090 2084.808043 2087.969725 2088.102039 2091.235654 2095.062945
60.700000 2086.119818 2089.207073 2092.300172 2092.613324 2095.833765 2101.757145
60.790000 2090.224286 2093.484604 2096.413950 2097.072802 2101.066379 2106.605838
60.900000 2094.891989 2097.301548 2100.940966 2101.956252 2107.367693 2113.015651
61.000000 2097.774712 2099.990017 2105.021912 2105.866811 2111.779430 2117.473267
61.090000 2100.009961 2102.619304 2109.270172 2109.467775 2115.977585 2121.236482
61.100000 2100.279441 2102.989381 2109.659305 2109.847655 2116.437212 2121.664530
61.190000 2102.867669 2106.042572 2113.529311 2113.448306 2120.431264 2125.693074
61.270000 2104.976417 2109.028606 2117.175504 2116.788940 2124.085345 2128.359816
61.360000 2107.725614 2112.409263 2121.013431 2120.335686 2127.369916 2131.536095
61.470000 2111.150397 2116.776972 2125.734850 2124.591727 2130.846673 2135.019022
61.610000 2117.387372 2124.757684 2130.716405 2129.956141 2134.916833 2139.347346
61.690000 2120.603531 2128.640132 2133.443079 2132.958768 2137.308041 2141.903896
61.770000 2126.372326 2132.172066 2136.106122 2135.979949 2139.901109 2144.752097
61.885000 2131.952451 2136.452925 2139.829810 2140.720724 2144.928259 2154.558373
62.000000 2137.900746 2140.840243 2143.850128 2145.898847 2153.314842 2162.482144
62.070000 2143.326665 2145.701993 2149.024213 2151.676726 2159.453971 2164.974567
62.120000 2145.807269 2147.983402 2153.772159 2154.755647 2162.353158 2166.392889
62.170000 2147.755198 2151.166620 2158.045437 2157.878518 2164.197677 2168.268859
62.230000 2149.765064 2156.143959 2162.710149 2162.085484 2167.181701 2170.291533
62.310000 2156.882462 2163.092220 2167.174334 2166.749122 2170.459489 2173.269191
62.420000 2165.519747 2169.167461 2172.278512 2172.157267 2174.872402 2177.518097
62.495000 2169.545535 2172.559746 2175.194585 2175.292900 2177.923978 2180.469675
62.570000 2172.529645 2175.406038 2177.896562 2177.997037 2180.464285 2183.630235
62.650000 2175.137324 2177.732780 2180.121413 2180.332977 2182.684286 2186.513565
62.730000 2177.437153 2179.796004 2182.223490 2182.556879 2184.943047 2189.335794
62.860000 2180.772678 2183.145949 2185.602239 2186.496734 2189.005437 2200.517183
62.950000 2183.353004 2185.899378 2188.413309 2189.953137 2193.189872 2206.114696
63.020000 2185.580229 2188.350974 2191.905799 2193.714383 2200.516496 2209.048794
63.080000 2187.622846 2190.892117 2195.889282 2197.176244 2204.576833 2210.896712
63.160000 2190.388060 2195.233276 2203.657482 2202.818679 2208.942855 2214.262473
63.240000 2194.048455 2203.110319 2208.695269 2207.680375 2211.958439 2218.044939
63.340000 2203.648126 2209.332322 2212.497642 2212.496552 2215.621162 2221.313202
63.350000 2204.255699 2209.689096 2212.874417 2212.868342 2215.988596 2221.644069
63.490000 2210.168881 2213.872751 2217.020469 2217.138882 2220.632912 2224.971729
63.580000 2212.667813 2216.139053 2219.366953 2219.580501 2223.363891 2226.759871
63.670000 2214.779288 2218.645873 2221.798339 2221.993424 2225.912168 2228.708628
63.780000 2218.361769 2221.789772 2225.096384 2225.085111 2228.623805 2230.783209
63.850000 2221.087795 2224.190448 2227.366577 2227.272086 2230.539758 2232.539702
63.910000 2223.151014 2226.416006 2229.438716 2229.200701 2232.088198 2233.906423
63.960000 2224.941047 2228.127641 2231.186961 2230.880419 2233.531545 2235.334470
64.000000 2226.276229 2229.862188 2232.704484 2232.425697 2234.853884 2236.968715
64.070000 2229.763172 2232.884829 2235.482290 2235.414356 2237.802074 2241.581511
64.190000 2234.875472 2237.365211 2240.187025 2240.576826 2244.075626 2247.765244
64.295000 2238.224794 2241.067812 2244.805734 2244.792369 2248.520923 2251.677441
64.400000 2241.554943 2245.460326 2249.297969 2248.865769 2252.092422 2254.699606
64.490000 2245.689328 2249.813093 2253.002898 2252.647023 2255.390789 2257.973373
64.580000 2250.346534 2253.513714 2255.871749 2255.874106 2258.245868 2260.870829
64.690000 2253.880197 2256.470139 2258.844960 2258.874388 2261.158538 2264.502223
64.780000 2256.345487 2258.680258 2261.043848 2261.168302 2263.749755 2267.281651
64.870000 2258.766566 2261.001327 2263.515041 2263.613767 2266.128849 2269.968181
64.980000 2261.520084 2264.132009 2266.842079 2267.258671 2270.057850 2276.593571
65.090000 2265.382493 2267.880728 2271.006738 2271.549622 2275.192933 2282.668622
65.190000 2271.858258 2275.144235 2279.587417 2279.646263 2284.195099 2287.150786
65.270000 2275.342355 2281.422381 2285.826577 2285.012310 2288.304588 2290.455659
65.340000 2282.446528 2286.778219 2289.220819 2288.838417 2291.025092 2292.954177
65.390000 2286.231710 2289.143582 2291.308456 2291.158771 2293.168280 2295.598488
65.450000 2289.970185 2292.175057 2294.349359 2294.574753 2297.020889 2300.191097
65.520000 2293.047456 2295.184730 2297.879848 2298.031459 2300.909062 2304.229320
65.620000 2295.936091 2299.319514 2302.774939 2302.656700 2305.833230 2308.790603
65.730000 2300.732658 2304.485535 2308.247742 2308.458437 2312.150405 2318.114190
65.850000 2305.891423 2309.733794 2313.931321 2314.268255 2319.239365 2323.932047
65.960000 2310.386849 2314.102408 2319.311060 2319.275149 2324.539563 2328.394202
66.040000 2313.820023 2317.803285 2323.103696 2322.831638 2327.618176 2331.219403
66.130000 2317.109214 2321.736578 2327.235253 2326.701138 2331.175817 2334.191289
66.220000 2320.913263 2325.927493 2330.538464 2330.080133 2334.316073 2336.730064
66.330000 2325.654058 2330.372430 2334.149526 2333.817121 2337.226250 2339.541028
66.450000 2331.838267 2335.203776 2338.216154 2337.955631 2340.771933 2343.324478
66.560000 2336.176764 2339.188562 2341.715778 2341.581003 2344.074246 2346.223026
66.650000 2339.858634 2342.432856 2344.725740 2344.573220 2346.755547 2348.800277
66.740000 2343.220854 2346.001189 2348.033849 2348.057783 2350.143886 2353.058489
66.810000 2347.102975 2349.035427 2350.966524 2351.384534 2353.583661 2358.216304
66.910000 2350.767230 2352.619486 2355.457012 2355.966581 2359.848759 2363.388299
67.020000 2354.032433 2356.779892 2360.633677 2360.789630 2364.855517 2368.523240
67.140000 2358.105981 2362.033864 2366.487003 2366.360466 2370.553531 2374.091451
67.150000 2358.382352 2362.588357 2367.048872 2366.831209 2370.978346 2374.403167
67.250000 2363.970425 2368.559660 2372.715774 2372.565541 2376.730149 2379.734731
67.340000 2368.970758 2373.187908 2376.875668 2376.678267 2380.131813 2383.100936
67.410000 2372.897233 2376.494351 2379.873381 2379.726792 2383.005050 2385.534242
67.480000 2376.085460 2378.945895 2382.519370 2382.267580 2385.490231 2387.526602
67.560000 2378.355388 2381.709553 2385.380033 2384.992019 2388.024802 2389.990622
67.670000 2381.965433 2385.788905 2389.046755 2388.541537 2391.098266 2392.917303
67.745000 2384.612221 2388.782427 2391.328941 2391.016075 2393.285840 2395.078573
67.820000 2388.361426 2392.111210 2393.695530 2393.526163 2395.230788 2396.797996
67.960000 2396.185586 2397.124277 2398.116113 2398.123442 2399.094283 2400.150748
