depth(m) lower_95(kyr) lower_68(kyr) median(kyr) mean(kyr) upper_68(kyr) upper_95(kyr)
168.440000 43115.746919 43116.787795 43117.755619 43117.750466 43118.686754 43119.641932
168.480000 43118.252855 43119.805964 43121.529374 43122.100342 43124.373924 43129.386694
168.520000 43121.329445 43122.757384 43125.402099 43126.644827 43130.591901 43138.151630
168.560000 43123.931810 43126.372375 43130.047631 43131.288930 43136.636546 43145.038814
168.600000 43126.388353 43129.785404 43134.716579 43135.836093 43142.432192 43151.118218
168.640000 43129.775173 43133.359487 43139.320969 43140.218526 43147.070788 43155.847625
168.680000 43133.344570 43137.182729 43144.222225 43144.817735 43152.062185 43160.999649
168.720000 43137.253150 43141.573555 43148.892094 43149.719624 43158.131993 43166.442021
168.760000 43140.615585 43145.785004 43153.606432 43154.421833 43163.653501 43171.461335
168.800000 43144.635844 43150.369897 43159.281263 43159.542532 43168.366971 43176.436756
168.840000 43149.251236 43155.963478 43164.969940 43164.779545 43173.647480 43179.480714
168.880000 43154.601107 43161.419587 43170.779970 43169.972610 43177.856933 43183.895220
168.920000 43159.685551 43167.205777 43175.890758 43175.073139 43182.426512 43187.375485
168.960000 43165.357945 43173.073565 43180.537639 43179.928991 43186.613248 43191.150383
169.000000 43170.645260 43178.226491 43184.469442 43184.269220 43190.180655 43195.288051
169.040000 43176.299518 43183.041025 43188.680926 43188.552055 43193.954380 43199.945073
169.080000 43181.632992 43187.161812 43192.652111 43192.662725 43197.848141 43203.699538
169.120000 43186.862372 43191.210515 43196.531049 43196.690747 43201.851053 43208.357222
169.160000 43190.441420 43195.068831 43200.137815 43200.636490 43206.040103 43213.115877
169.200000 43193.969830 43198.637678 43204.351569 43204.653250 43210.376404 43217.873285
169.240000 43197.541331 43202.359971 43208.285913 43208.899437 43215.693150 43222.802171
169.280000 43201.277369 43206.076004 43212.355778 43213.069414 43220.330819 43227.722436
169.320000 43204.466345 43210.385309 43216.876433 43217.408993 43225.034796 43231.636917
169.360000 43208.677229 43214.046021 43221.546763 43221.858938 43229.423496 43236.196922
169.400000 43212.685072 43218.637642 43226.091066 43226.267387 43233.486527 43241.163733
169.440000 43216.449972 43223.118341 43231.362199 43230.892464 43237.938840 43244.779776
169.480000 43220.470796 43227.605211 43235.321752 43235.155734 43242.068998 43248.980743
169.520000 43225.922195 43232.495494 43239.738255 43239.734647 43246.837898 43253.318266
169.560000 43229.996677 43237.367966 43244.150789 43244.174865 43251.068918 43258.621847
169.600000 43234.426601 43241.882864 43248.567508 43248.676786 43255.879315 43262.150962
169.640000 43239.025467 43246.239027 43253.061526 43253.094919 43260.224206 43266.623839
169.680000 43242.955722 43250.159899 43257.334933 43257.342125 43264.707918 43270.642711
169.720000 43248.675662 43254.398640 43261.761300 43261.806696 43268.963641 43274.487385
169.760000 43253.087498 43259.197688 43266.295023 43266.139261 43273.179777 43278.152949
169.800000 43257.364246 43263.848291 43270.513714 43270.342512 43277.086626 43281.329287
169.840000 43262.175116 43268.228794 43274.215593 43274.155330 43280.095169 43285.231423
169.880000 43266.279105 43272.424215 43277.842982 43277.751374 43283.078564 43288.644538
169.920000 43270.494062 43276.151235 43281.367416 43281.191827 43286.023406 43291.609790
169.960000 43274.310332 43279.671212 43284.298311 43284.427647 43289.216402 43294.266068
170.000000 43277.980329 43282.802389 43287.463238 43287.558937 43292.212825 43297.223664
170.040000 43281.254325 43285.783896 43290.480103 43290.575218 43295.275922 43300.586612
170.080000 43284.953219 43288.911426 43293.556325 43293.973669 43298.769274 43305.727011
170.120000 43287.981929 43292.065174 43296.867426 43297.444241 43302.586184 43311.014752
170.160000 43290.924394 43295.311715 43300.709400 43301.295612 43307.230860 43315.465213
170.200000 43293.847365 43298.785696 43304.633614 43305.410269 43312.880808 43319.764646
170.240000 43297.119910 43302.767466 43309.382215 43309.744092 43317.108669 43323.532591
170.280000 43301.208135 43306.795264 43314.092638 43314.227493 43321.943814 43327.461119
170.320000 43304.873471 43311.592236 43318.716031 43318.391424 43325.365472 43331.146798
170.360000 43308.781292 43315.655027 43322.589477 43322.459069 43328.797412 43335.234082
170.400000 43313.310599 43320.058601 43326.732732 43326.364434 43332.302512 43338.128978
170.440000 43317.906327 43324.076018 43330.367719 43330.025363 43335.866671 43340.817924
170.480000 43321.695198 43328.035468 43334.033970 43333.663720 43339.365449 43344.315110
170.520000 43325.723642 43331.594088 43337.282080 43336.968644 43342.526657 43347.261078
170.560000 43329.912714 43335.052131 43340.226212 43340.192789 43345.307661 43350.342291
170.600000 43333.563393 43338.319509 43343.496345 43343.350294 43348.508273 43353.031488
170.640000 43336.852603 43341.356291 43346.444160 43346.489570 43351.762240 43356.503853
170.680000 43339.713153 43344.247340 43349.476534 43349.573859 43354.526843 43359.897531
170.720000 43342.230777 43347.481810 43352.612073 43352.887134 43358.251974 43364.865778
170.760000 43345.126516 43350.490550 43355.998498 43356.573356 43362.434849 43371.377016
170.800000 43349.068743 43353.909923 43359.947887 43361.202349 43367.746549 43383.746997
170.840000 43352.593357 43357.923204 43364.633593 43366.849171 43375.114725 43397.155537
170.880000 43356.421957 43362.303557 43371.038318 43374.235580 43388.490570 43404.236793
170.920000 43360.910751 43368.308179 43380.522922 43383.028763 43399.716892 43410.045229
170.960000 43364.643841 43375.609755 43393.998565 43392.210852 43407.708684 43415.616710
171.000000 43371.841681 43385.692806 43404.017387 43401.021915 43413.587030 43420.768067
171.040000 43379.281560 43398.605320 43410.749243 43408.508962 43418.346725 43424.725193
171.080000 43390.701062 43407.159662 43415.879719 43414.758769 43422.670237 43429.347402
171.120000 43402.711290 43413.586568 43420.438922 43419.971223 43426.738467 43433.484104
171.160000 43410.422065 43418.320033 43424.480929 43424.479440 43430.971722 43438.055057
171.200000 43416.450920 43422.472201 43428.738186 43428.661217 43434.931515 43441.973793
171.240000 43419.886547 43426.460560 43432.702902 43432.609099 43438.899062 43444.845053
171.280000 43423.803846 43430.262342 43436.539985 43436.302662 43442.376903 43447.427723
171.320000 43428.196510 43433.822922 43440.202624 43439.862337 43445.567881 43449.892001
171.360000 43432.170893 43437.600674 43443.762531 43443.281506 43448.751755 43452.793974
171.400000 43436.174495 43441.393070 43446.907944 43446.447646 43451.474563 43455.734988
171.440000 43439.220057 43444.373936 43449.731410 43449.418597 43454.331709 43458.487725
171.480000 43442.122342 43447.358869 43452.502342 43452.304382 43456.990582 43461.470082
171.520000 43445.313418 43450.204800 43455.317907 43455.132420 43459.780090 43464.264288
171.560000 43448.276344 43453.110014 43458.117492 43457.975999 43462.585074 43467.602529
171.600000 43450.842720 43456.029565 43461.025722 43460.855061 43465.830325 43470.508462
171.640000 43454.365993 43458.900690 43463.914422 43463.911069 43468.977740 43474.021311
171.680000 43457.514038 43462.144201 43467.179257 43467.279351 43472.468643 43478.359030
171.720000 43460.757311 43465.206813 43470.612421 43470.908493 43476.489931 43482.256276
171.760000 43464.200143 43468.899799 43474.426697 43474.720751 43480.232338 43485.783243
171.800000 43468.330350 43473.116219 43478.941098 43479.068786 43484.908138 43490.112891
171.840000 43472.950634 43477.088297 43483.518749 43483.304003 43488.956023 43494.789637
171.880000 43477.547700 43482.363336 43488.089250 43488.198887 43493.925905 43500.691890
171.920000 43481.577079 43487.224477 43492.458135 43492.807419 43498.594132 43505.808055
171.960000 43486.998858 43492.541164 43497.791614 43498.065832 43503.856012 43510.582338
172.000000 43491.827070 43497.157385 43502.594301 43502.905919 43508.850095 43514.780941
172.040000 43496.312052 43501.376625 43507.253511 43507.410538 43513.932824 43518.896052
172.080000 43499.927522 43505.198085 43511.833210 43511.616123 43517.866707 43522.175450
172.120000 43504.136457 43509.872646 43516.306632 43515.848460 43521.675736 43525.333423
172.160000 43508.730579 43514.481028 43520.468906 43519.959239 43525.019558 43528.701899
172.200000 43512.961210 43519.462800 43524.566256 43524.105653 43528.765277 43532.371016
172.240000 43518.563781 43523.515611 43527.750445 43527.672163 43531.862930 43535.930801
172.280000 43523.379125 43526.979817 43530.747697 43530.900763 43534.902123 43538.811281
172.320000 43526.232152 43529.963264 43533.728563 43533.784940 43537.515140 43541.835199
172.360000 43528.664637 43532.724132 43536.428738 43536.486874 43540.407662 43544.949117
172.400000 43531.402078 43535.156211 43538.973693 43539.082399 43543.071336 43547.562502
172.440000 43533.918098 43537.491693 43541.628614 43541.725141 43546.012737 43550.771284
172.480000 43536.526215 43540.059644 43544.107955 43544.405147 43548.726106 43553.932274
172.520000 43539.105666 43542.664100 43546.726633 43547.142886 43551.789413 43557.036348
172.560000 43541.589631 43545.225519 43549.652270 43549.955005 43554.781201 43559.630445
172.600000 43544.392971 43547.918569 43552.644939 43552.911504 43557.814359 43562.353105
172.640000 43547.155848 43550.993072 43555.793873 43555.999091 43561.025533 43565.283364
172.680000 43549.795368 43554.155049 43559.189681 43559.251302 43564.360304 43568.883054
172.720000 43552.456891 43557.544774 43562.676243 43562.729269 43567.918759 43572.619440
172.760000 43555.784170 43560.855745 43566.178693 43566.277388 43571.675644 43576.791268
172.800000 43559.401966 43564.452301 43570.116566 43570.094173 43575.620629 43581.613937
172.840000 43562.637967 43568.064080 43574.036313 43574.231606 43579.967629 43587.664405
172.880000 43566.867677 43572.552442 43578.514206 43578.838909 43584.910564 43593.385475
172.920000 43571.668886 43577.276382 43583.479437 43583.843601 43589.968146 43599.378996
172.960000 43576.019606 43582.177387 43588.432467 43589.189430 43595.709601 43608.031460
173.000000 43581.080811 43587.423797 43594.075155 43595.399216 43603.664402 43618.053443
173.040000 43586.145859 43593.745870 43601.301533 43603.343029 43615.234361 43626.346176
173.080000 43592.790420 43600.397870 43612.009134 43612.408083 43624.511144 43634.274859
173.120000 43599.486286 43609.505045 43622.363312 43621.589458 43632.941758 43640.582996
173.160000 43607.512606 43620.730444 43632.156142 43630.720403 43640.921869 43646.894428
173.200000 43616.695787 43629.523877 43640.673288 43638.897714 43647.695842 43653.042017
173.240000 43625.937580 43638.450175 43646.690397 43645.494162 43652.499905 43657.905430
173.280000 43636.109569 43645.386057 43651.786845 43651.078507 43656.910959 43661.827768
173.320000 43643.582727 43650.480377 43656.025731 43655.692575 43661.033899 43665.481910
173.360000 43648.645478 43655.100194 43660.234746 43659.867793 43664.701753 43668.828597
173.400000 43653.308604 43658.880526 43663.662907 43663.412740 43668.118719 43672.299938
173.440000 43657.672834 43662.460584 43667.069553 43666.920657 43671.469599 43675.425914
173.480000 43661.138018 43665.851831 43670.419849 43670.312466 43674.815615 43678.669943
173.520000 43665.027547 43669.167088 43673.564746 43673.612347 43678.102941 43682.094117
173.560000 43668.487422 43672.715016 43676.930065 43677.040509 43681.683618 43685.919179
173.600000 43671.668671 43675.902475 43680.747321 43680.734980 43685.504554 43690.674618
173.640000 43674.993375 43679.515735 43684.683155 43684.777665 43689.955864 43695.497439
173.680000 43678.638630 43683.468871 43688.783698 43689.084949 43694.812572 43701.132312
173.720000 43683.004444 43687.618602 43693.242898 43693.593523 43699.443129 43706.244093
173.760000 43687.051414 43692.013580 43697.490132 43697.996031 43704.259737 43711.276149
173.800000 43690.568085 43695.861596 43701.946645 43702.407460 43709.234925 43715.940621
173.840000 43694.393223 43699.847786 43706.096260 43706.671710 43713.527534 43720.652069
173.880000 43698.503024 43704.117941 43710.548014 43710.996386 43718.082255 43725.117055
173.920000 43702.589606 43708.152858 43714.844909 43715.332565 43722.378354 43729.960758
173.960000 43706.790720 43712.401424 43719.486296 43719.678033 43727.008214 43733.882029
174.000000 43710.196388 43717.002904 43724.302845 43724.516276 43732.101651 43739.430679
174.040000 43715.077517 43721.855075 43729.048837 43729.507084 43737.613054 43744.684648
174.080000 43720.821348 43726.972832 43734.629823 43734.846122 43743.044821 43750.514809
174.120000 43725.796084 43732.525317 43740.343056 43740.172645 43747.546127 43754.352347
174.160000 43731.401722 43738.452972 43745.913860 43745.582030 43752.658501 43758.119621
174.200000 43737.345708 43744.827474 43751.384309 43751.086110 43757.583633 43762.361178
174.240000 43743.977918 43751.227887 43757.051986 43756.651307 43762.387351 43766.587557
174.261000 43747.483992 43754.441739 43759.880099 43759.601615 43765.053523 43769.046162
174.280000 43751.215958 43757.127921 43762.419888 43762.166929 43767.315321 43771.128577
174.300000 43754.519674 43759.867669 43765.185552 43764.747416 43769.504566 43773.605617
174.322000 43758.148964 43762.709864 43767.838988 43767.558171 43772.107436 43776.327850
174.340000 43760.923483 43764.974155 43769.803122 43769.749619 43774.207218 43778.366724
174.365000 43763.771562 43767.852610 43772.878361 43772.673748 43777.012950 43781.318463
174.380000 43765.378608 43769.577529 43774.665695 43774.430362 43778.800274 43783.135811
174.407000 43768.145755 43772.868956 43777.737615 43777.528708 43782.035732 43786.841324
174.420000 43769.892172 43774.468184 43779.119465 43779.126207 43783.444261 43788.533045
174.460000 43774.104828 43779.322452 43784.035802 43783.883365 43788.340565 43793.250709
174.500000 43778.073731 43783.312866 43788.179761 43788.252796 43793.329840 43798.412507
174.540000 43782.178877 43787.379100 43792.534729 43792.670183 43798.132171 43802.978268
174.580000 43785.953787 43791.542069 43797.124318 43797.211999 43802.703037 43807.698392
174.620000 43790.860518 43796.232617 43802.190177 43802.195153 43808.082014 43813.209573
174.660000 43795.448237 43801.035716 43807.178218 43806.935158 43812.791114 43818.399182
174.700000 43801.197231 43806.311919 43812.257206 43812.265149 43818.061045 43824.485352
174.740000 43805.882109 43811.160710 43816.898523 43817.022897 43822.822367 43828.917954
174.780000 43809.812455 43815.533147 43821.294471 43821.464141 43827.583001 43832.849089
174.820000 43813.805663 43819.705158 43826.003451 43825.890160 43832.087772 43837.597991
174.860000 43818.443550 43823.697907 43830.175783 43829.966488 43835.850860 43841.725342
174.900000 43822.721421 43828.021706 43834.245615 43834.153222 43840.005929 43845.464627
174.940000 43827.217151 43832.655884 43838.597605 43838.554697 43844.058838 43850.235502
174.980000 43831.332738 43836.995777 43843.244447 43842.885589 43848.680031 43853.965317
175.020000 43836.023946 43841.648101 43847.364506 43847.406935 43853.496140 43859.179208
175.060000 43839.774111 43846.282737 43852.088748 43852.285116 43858.612183 43864.213988
175.100000 43844.979798 43851.570738 43857.840490 43857.664110 43863.672549 43868.652230
175.140000 43850.446317 43857.497024 43863.449910 43863.227772 43869.164345 43874.510837
175.180000 43856.193221 43862.180213 43868.123374 43867.926433 43873.321293 43878.384445
175.220000 43860.846084 43866.865073 43872.446877 43872.246941 43877.261775 43881.891854
175.260000 43865.957661 43871.874659 43876.733226 43876.494860 43881.366868 43885.066392
175.300000 43870.812378 43876.460089 43880.549985 43880.601965 43884.896140 43888.799095
175.340000 43875.461185 43880.301844 43884.329653 43884.362843 43888.528020 43892.762322
175.380000 43879.399074 43883.645589 43887.684884 43887.731802 43891.862449 43896.466126
175.420000 43883.227247 43886.747889 43890.946230 43891.039425 43895.234369 43899.772792
175.460000 43885.989420 43889.915839 43894.221956 43894.438825 43898.705723 43904.358885
175.500000 43888.716869 43893.040378 43897.736093 43897.990032 43902.498555 43908.990512
175.540000 43893.070511 43896.996886 43901.818832 43902.421858 43907.652478 43915.515569
175.580000 43897.163942 43901.570651 43907.037009 43907.942615 43914.259176 43923.758927
175.620000 43901.607225 43905.909790 43911.821006 43913.147024 43920.761360 43929.923139
175.660000 43905.772076 43911.194337 43918.225313 43919.150659 43927.779357 43936.159935
175.700000 43910.947565 43916.486338 43924.463747 43925.165257 43933.787448 43942.873017
175.740000 43915.567205 43922.222506 43930.703322 43931.125412 43939.499234 43948.590348
175.780000 43920.522597 43928.178980 43936.877317 43936.818368 43945.080524 43954.958807
175.820000 43925.657497 43933.757066 43942.357411 43942.399430 43950.949307 43959.513933
175.860000 43930.942359 43939.404710 43948.059136 43947.909331 43956.036739 43964.265386
175.900000 43936.993276 43944.975849 43953.212733 43953.325682 43961.286564 43969.342228
175.940000 43942.180233 43950.522618 43958.729524 43958.794230 43966.953377 43974.791494
175.980000 43948.053047 43956.265296 43964.409078 43964.117608 43971.971409 43979.447935
176.020000 43955.052040 43961.928710 43969.940655 43969.627457 43977.243880 43983.498677
176.060000 43960.787159 43967.987097 43975.173575 43974.924547 43981.846961 43987.906650
176.100000 43965.204529 43972.389856 43979.966400 43979.613025 43986.663994 43992.593674
176.140000 43971.041624 43977.532891 43984.325428 43984.183383 43991.105313 43996.597430
176.180000 43975.131910 43982.069977 43988.991819 43988.609927 43995.136542 44000.237550
176.220000 43978.932437 43986.326687 43992.927042 43992.788655 43999.224759 44004.450384
176.260000 43983.784559 43990.624514 43997.363817 43997.078374 44003.365323 44008.957544
176.300000 43989.007216 43995.314647 44001.480052 44001.351794 44007.171022 44013.345397
176.340000 43992.949895 43999.558590 44006.224180 44005.962099 44011.728010 44017.908987
176.380000 43998.488336 44004.459318 44010.720627 44010.914233 44016.973848 44024.578188
176.420000 44004.183686 44010.262299 44016.611625 44016.865972 44023.653173 44030.597052
176.460000 44008.933795 44015.955187 44022.245686 44022.633121 44029.468204 44037.210619
176.500000 44014.174027 44020.752766 44027.924335 44027.947847 44035.008573 44043.393489
176.540000 44018.843442 44025.924250 44033.236286 44033.119823 44040.207587 44048.270100
176.580000 44023.672085 44030.781426 44038.123157 44038.058953 44045.223301 44053.313908
176.620000 44028.299094 44035.596796 44042.579892 44042.694291 44049.818328 44057.354942
176.660000 44033.148041 44040.430208 44047.468204 44047.527237 44054.742343 44062.146252
176.700000 44037.180312 44045.046062 44052.359724 44052.430952 44059.919200 44067.040661
176.740000 44042.219684 44049.817736 44057.244380 44056.983604 44064.081161 44070.848193
176.780000 44048.052590 44054.560170 44061.819656 44061.743823 44068.621346 44075.666726
176.820000 44052.841267 44059.391159 44066.672146 44066.640588 44073.470465 44080.696052
176.860000 44057.269629 44064.484217 44071.310273 44071.482031 44078.297347 44085.302803
176.900000 44062.207439 44069.366769 44075.991729 44076.201513 44083.184064 44089.699418
176.940000 44066.465772 44073.995721 44080.552244 44080.734438 44087.538985 44095.000447
176.980000 44072.003733 44078.820600 44085.439105 44085.440906 44092.270958 44099.849353
177.020000 44076.344520 44083.515666 44089.943756 44090.084277 44096.689800 44104.283154
177.060000 44080.902443 44088.040636 44094.779354 44094.822544 44101.331180 44108.671400
177.100000 44085.319639 44092.684429 44099.514224 44099.408620 44105.608756 44113.479601
177.130000 44089.250342 44095.871504 44103.041174 44102.873771 44109.310468 44116.898588
177.180000 44095.729523 44101.867217 44108.621221 44108.567851 44115.085350 44122.136304
177.220000 44099.896400 44106.576136 44112.941838 44112.854839 44119.254657 44126.270854
177.260000 44104.341084 44111.213137 44117.607122 44117.490065 44123.523916 44130.550474
177.300000 44109.918515 44116.260781 44122.318420 44122.394584 44128.522875 44135.295611
177.340000 44115.374859 44121.011464 44127.088778 44127.095319 44133.314436 44139.349949
177.380000 44119.199065 44125.438871 44131.168906 44131.265241 44137.360079 44143.369804
177.420000 44123.464457 44129.747925 44135.315546 44135.509838 44141.488367 44147.072633
177.460000 44127.871910 44133.953811 44139.584522 44139.654074 44145.317212 44151.735372
177.500000 44131.777052 44137.618109 44143.707225 44143.697786 44149.441527 44155.805457
177.540000 44135.789614 44141.270506 44147.635532 44147.584174 44153.374439 44160.736950
177.580000 44139.254649 44145.113352 44151.784318 44151.696244 44157.997542 44164.996415
177.620000 44143.263242 44148.963023 44155.658148 44155.843670 44162.283636 44169.898403
177.660000 44147.696631 44153.293867 44159.929941 44160.188744 44166.989449 44175.116554
177.700000 44151.235417 44157.766073 44164.363800 44164.772582 44171.916058 44179.987709
177.740000 44155.410312 44161.989925 44169.097267 44169.487995 44177.155989 44185.244116
177.780000 44160.303621 44166.091514 44173.960002 44174.322242 44182.655965 44190.634225
177.820000 44164.548579 44170.975396 44179.318531 44179.391909 44187.759182 44195.532746
177.860000 44168.092166 44176.110317 44184.532843 44184.443112 44192.497664 44200.804512
177.900000 44172.697599 44180.860799 44189.517963 44189.439051 44197.737427 44204.946950
177.940000 44178.928591 44186.344377 44194.943352 44194.714704 44202.901258 44210.129906
177.980000 44184.152483 44192.629180 44200.083570 44199.877565 44207.502073 44214.092574
178.020000 44189.829577 44197.324960 44205.110261 44204.755914 44212.038518 44218.310540
178.060000 44195.106341 44202.101424 44209.744029 44209.349059 44216.543938 44222.598790
178.100000 44200.090303 44207.034657 44214.169448 44213.996782 44220.842249 44226.954960
178.140000 44205.621443 44211.604848 44218.495681 44218.320959 44225.015782 44230.744251
178.180000 44210.040688 44216.370070 44222.558708 44222.703345 44229.240102 44235.841724
178.220000 44214.588228 44220.497449 44226.667041 44226.749804 44232.740774 44239.543764
178.260000 44219.571990 44225.069664 44230.994454 44231.138204 44237.073063 44244.129536
178.300000 44223.911421 44229.328262 44235.036725 44235.349407 44241.371663 44248.730181
178.340000 44227.763360 44233.577910 44239.467024 44239.558379 44246.129611 44252.604386
178.380000 44231.361614 44237.601473 44243.758942 44243.866312 44250.336650 44256.254827
178.420000 44235.205635 44241.711468 44248.237594 44248.084214 44254.490940 44260.038925
178.460000 44239.172756 44245.774677 44252.567609 44252.256427 44258.848051 44263.339991
178.500000 44243.888806 44250.713151 44257.023309 44256.428927 44262.398464 44266.569575
178.530000 44247.705233 44253.912150 44259.641276 44259.213054 44264.739389 44268.293807
178.560000 44250.524855 44257.132558 44262.051218 44261.783040 44266.728499 44270.067068
178.600000 44255.626727 44261.187031 44264.980725 44264.998898 44269.212242 44272.631768
178.640000 44259.937525 44264.377157 44267.804307 44267.767218 44271.491717 44274.623809
178.660000 44262.149115 44265.895784 44269.108649 44269.181692 44272.738796 44275.680880
178.680000 44263.885204 44267.257637 44270.510604 44270.516651 44273.904269 44276.828542
178.700000 44265.379003 44268.596803 44271.799515 44271.814573 44275.219425 44277.823799
178.720000 44266.914149 44269.866902 44273.088403 44273.093857 44276.346927 44278.834274
178.740000 44268.493470 44271.224049 44274.348469 44274.331571 44277.609350 44280.015556
178.760000 44269.567036 44272.405239 44275.750535 44275.583011 44278.762228 44281.098587
178.780000 44270.586291 44273.628621 44276.934595 44276.791514 44279.955469 44282.202330
178.800000 44271.934981 44274.779004 44278.098283 44277.966381 44281.137430 44283.444962
178.840000 44274.191282 44276.888286 44280.297099 44280.137812 44283.154914 44285.823673
178.880000 44276.188544 44279.000992 44282.429951 44282.264827 44285.315361 44288.419971
178.920000 44278.315564 44281.223664 44284.572655 44284.510232 44287.538682 44291.410135
178.960000 44280.495776 44283.492610 44286.931409 44286.920955 44290.055266 44294.136430
179.000000 44282.532084 44285.804211 44289.420147 44289.478167 44292.813682 44297.192255
179.040000 44284.792073 44288.417386 44291.959357 44292.280756 44296.026458 44301.235390
179.080000 44287.406386 44290.975366 44294.787932 44295.185376 44299.324678 44305.320149
179.120000 44290.203744 44293.716694 44297.798427 44298.767518 44303.823338 44311.948336
179.160000 44292.711033 44296.731487 44301.610241 44302.839385 44308.857113 44320.527060
179.200000 44296.106564 44300.234466 44306.181477 44307.796133 44315.947348 44330.622728
179.240000 44299.146672 44304.124776 44311.833460 44313.707141 44324.553224 44335.879735
179.280000 44302.633486 44309.004404 44319.269095 44320.129216 44331.268761 44341.550832
179.320000 44307.511646 44315.147357 44327.674923 44327.074330 44337.544577 44346.790736
179.360000 44312.612999 44322.940634 44334.688626 44333.912469 44343.718302 44353.640256
179.400000 44320.378644 44330.423068 44341.032953 44340.647496 44350.613302 44359.319050
179.440000 44326.341462 44337.052436 44346.861837 44346.803966 44356.941577 44366.137856
179.480000 44333.963896 44342.574486 44353.511593 44353.324448 44363.303903 44371.605454
179.520000 44339.593078 44348.754035 44360.923819 44359.942863 44370.575781 44377.805293
179.560000 44345.799309 44354.809786 44367.404003 44366.175829 44376.427208 44382.401412
179.600000 44351.780428 44361.989390 44373.394910 44371.977187 44380.768595 44386.631735
179.640000 44358.809045 44369.323680 44378.748002 44377.457347 44385.298579 44390.841067
179.680000 44365.445521 44375.146846 44383.101188 44382.452002 44389.713168 44395.168340
179.720000 44372.259088 44380.325116 44387.340088 44387.213352 44394.286326 44400.894229
179.760000 44377.989867 44384.928010 44391.551249 44391.786920 44398.675117 44405.748670
179.800000 44381.921599 44389.530069 44395.993559 44396.461399 44402.848047 44413.407986
179.840000 44385.381676 44393.779995 44400.366929 44401.672861 44408.997239 44427.453606
179.880000 44390.749816 44398.215199 44405.154987 44407.646607 44418.207266 44439.949443
179.920000 44395.722066 44402.960095 44411.562063 44415.509365 44431.278426 44448.600474
179.960000 44400.761614 44408.679048 44424.829516 44425.187930 44441.382660 44456.079596
180.000000 44406.305070 44416.951408 44436.745422 44435.247143 44451.767536 44461.468711
180.040000 44414.401686 44430.533354 44446.377544 44444.970844 44459.536110 44465.879946
180.080000 44425.230986 44441.266486 44455.439064 44453.209319 44464.506663 44469.167687
180.120000 44435.769972 44451.393505 44462.177093 44460.137631 44468.557431 44473.257497
180.160000 44444.930406 44459.327117 44466.911863 44465.622392 44472.373846 44476.724960
180.200000 44453.121738 44464.857287 44470.663075 44469.812989 44475.456793 44479.416386
180.240000 44461.101267 44468.978583 44473.777063 44473.404332 44478.435042 44482.163007
180.280000 44465.962521 44472.075460 44476.864979 44476.552644 44481.274979 44485.448560
180.320000 44469.725288 44474.849492 44479.647562 44479.437214 44483.919991 44488.060312
180.360000 44473.086339 44477.804789 44482.395230 44482.225945 44486.606085 44490.646358
180.400000 44476.518142 44480.410035 44484.919720 44484.929772 44489.117634 44493.152129
180.440000 44479.039023 44483.198683 44487.551424 44487.470610 44491.665478 44495.322383
180.480000 44481.739834 44485.964324 44490.068135 44489.932447 44493.951684 44497.800831
180.520000 44484.499124 44488.384006 44492.472656 44492.306870 44496.227814 44500.021988
180.560000 44486.682618 44490.841567 44494.820852 44494.735787 44498.558565 44502.359182
180.600000 44488.955632 44493.209086 44497.191548 44497.080755 44500.857798 44504.612587
180.640000 44491.712838 44495.537045 44499.550585 44499.448582 44503.152208 44506.988135
180.680000 44494.287817 44497.870417 44501.821329 44501.785622 44505.572428 44509.198920
180.720000 44496.913254 44500.417081 44504.212607 44504.337422 44508.126153 44512.146043
180.760000 44499.970805 44503.263227 44506.950659 44507.126098 44510.904938 44515.289583
180.800000 44502.961263 44506.242483 44510.087278 44510.368981 44514.257082 44520.016969
180.840000 44505.699433 44509.281263 44513.534051 44514.033168 44518.297456 44526.108153
180.880000 44508.364239 44512.239143 44516.993762 44517.926950 44523.531337 44532.742183
180.920000 44511.476552 44515.816914 44521.073722 44522.665728 44530.253628 44540.332848
180.960000 44514.547713 44519.250809 44525.484495 44527.451549 44537.568002 44546.176129
181.000000 44517.554561 44522.689786 44531.229835 44532.651176 44543.878678 44551.301872
181.040000 44520.955608 44526.911274 44538.049194 44538.235174 44549.016644 44557.191964
181.080000 44525.249337 44532.664975 44544.848295 44544.204471 44554.594193 44564.577544
181.120000 44529.238781 44539.272855 44550.598461 44550.039053 44560.104313 44568.934921
181.160000 44535.268462 44546.047196 44556.457405 44556.182439 44566.986478 44574.069671
181.190000 44540.060721 44550.586688 44561.126051 44560.701626 44570.992229 44578.078653
181.240000 44547.498407 44558.767025 44570.332865 44568.543629 44577.111685 44582.860331
181.280000 44553.102371 44566.196839 44575.686586 44574.068568 44581.341497 44586.494157
181.320000 44560.185893 44572.568804 44579.809199 44578.903707 44585.049525 44590.189141
181.360000 44569.969188 44577.491073 44583.421741 44583.045735 44588.823916 44593.627001
181.390000 44574.056296 44580.647422 44585.898110 44585.778993 44591.128056 44596.143556
181.440000 44579.434872 44585.136216 44589.965946 44590.055561 44595.251138 44600.045958
181.480000 44583.455970 44588.776431 44593.364688 44593.511185 44598.489484 44603.864819
181.520000 44586.855617 44591.901623 44596.786652 44596.877844 44602.080479 44607.393761
181.560000 44590.025244 44595.381119 44600.463303 44600.484757 44605.689429 44610.686069
181.600000 44593.412320 44598.733105 44604.002512 44604.084143 44609.350919 44614.187961
181.640000 44597.154021 44602.531695 44607.980014 44607.932951 44613.005815 44617.769661
181.652000 44598.409236 44603.710163 44609.274648 44609.130026 44614.249768 44618.936577
181.680000 44601.326835 44606.527185 44612.140375 44611.861676 44617.001136 44621.257460
181.720000 44605.858884 44611.144917 44616.352470 44616.068206 44620.973755 44625.151456
181.753000 44609.945780 44614.552546 44619.361138 44619.393143 44623.987188 44629.316075
181.760000 44610.484764 44615.446058 44620.030306 44620.103973 44624.728956 44629.787794
181.800000 44614.559306 44619.384166 44624.132090 44624.047320 44628.515606 44633.466065
181.840000 44618.142257 44623.053369 44627.782941 44627.822512 44632.697761 44637.074225
181.862000 44620.315103 44625.281497 44629.884651 44630.009119 44634.871150 44638.977843
181.880000 44622.044107 44627.111694 44631.921472 44631.849098 44636.699675 44640.899125
181.920000 44626.376723 44631.045179 44635.987548 44635.930950 44640.890661 44645.700647
181.960000 44629.855289 44635.003595 44639.582538 44639.946445 44644.989381 44650.223178
181.973000 44631.234009 44636.371920 44640.989326 44641.252415 44646.342261 44651.615746
182.000000 44633.506177 44638.755546 44643.835205 44643.978605 44649.437074 44656.011602
182.075000 44638.880192 44644.847397 44650.750240 44651.616739 44658.553135 44668.615957
182.165000 44645.242753 44651.796697 44659.449546 44660.829768 44670.299090 44683.417168
182.256000 44651.356949 44658.961881 44668.844699 44669.972795 44680.556487 44694.017149
182.347000 44658.381828 44666.767044 44678.386140 44678.845740 44691.099693 44703.851113
182.441000 44664.525619 44674.351314 44688.355995 44688.182632 44701.497594 44714.175241
182.560000 44672.861651 44684.657917 44700.076475 44699.545690 44713.674100 44724.449776
182.679000 44682.470896 44695.953720 44712.383983 44710.768570 44723.880474 44732.368631
182.791000 44691.189602 44707.622371 44722.509701 44720.591358 44733.188302 44740.011653
182.903000 44699.671673 44718.906156 44731.408951 44730.045178 44740.914320 44750.190695
183.014000 44713.184338 44729.507054 44740.251944 44739.209507 44748.445533 44760.639136
183.126000 44725.432113 44739.939307 44748.408529 44748.379870 44755.926339 44773.419375
183.238000 44736.161328 44750.034102 44757.047189 44757.941399 44765.593904 44785.013659
183.340000 44750.303071 44757.429842 44764.984494 44766.856027 44775.636841 44797.443196
183.440000 44757.978790 44764.375145 44773.415361 44776.228290 44789.841097 44807.514567
183.540000 44764.754877 44772.433175 44784.417205 44787.351876 44804.879345 44818.693871
183.640000 44772.193991 44782.109021 44799.528104 44799.579207 44816.846170 44831.880711
183.740000 44779.922896 44793.334774 44811.609130 44811.144699 44828.804900 44842.059767
183.840000 44790.630502 44805.051518 44822.636719 44822.868314 44840.227378 44855.559533
183.940000 44801.030093 44816.320749 44834.088146 44833.839191 44851.276224 44866.685894
184.040000 44812.383191 44828.091905 44844.619447 44844.922953 44861.731649 44878.393597
184.140000 44822.453705 44839.506380 44855.003277 44856.147070 44873.309328 44893.977701
184.240000 44836.271878 44850.733065 44866.683854 44868.178094 44885.608043 44907.319950
184.340000 44848.997669 44863.048508 44878.945592 44880.588900 44898.653497 44922.218454
184.440000 44861.356167 44874.088012 44891.719516 44892.978796 44911.151430 44935.490262
184.540000 44872.547501 44886.857653 44904.884107 44905.930228 44925.321408 44948.668469
184.640000 44883.886543 44900.474346 44917.828967 44919.637053 44940.230659 44959.891093
184.740000 44897.074388 44913.404984 44931.976264 44933.738427 44955.552942 44972.838720
184.840000 44909.511101 44926.190027 44947.948992 44947.798387 44969.066853 44985.336284
184.940000 44922.994555 44940.360037 44962.945419 44961.871236 44982.862599 44997.459610
185.040000 44937.800863 44956.300139 44977.637259 44976.169319 44994.481661 45008.035141
185.140000 44955.887578 44973.053845 44991.651555 44990.079959 45005.960777 45017.014101
185.240000 44970.032222 44989.918619 45005.119730 45003.285956 45016.400989 45026.485068
185.340000 44988.032960 45005.767224 45017.719545 45016.605462 45027.696879 45037.139432
185.440000 45004.664200 45017.945066 45027.595611 45027.287682 45036.755080 45046.360719
185.540000 45016.509910 45027.989067 45036.639726 45036.892088 45046.146611 45058.884466
185.640000 45026.767420 45036.146519 45044.382415 45045.684158 45056.054798 45070.048087
185.740000 45035.307831 45043.516657 45052.602559 45054.127913 45065.214106 45080.704958
185.840000 45042.504269 45050.993611 45061.607183 45062.629108 45074.627759 45090.065655
185.940000 45049.675677 45058.087665 45070.277653 45071.267363 45084.123495 45100.611146
186.040000 45055.815745 45066.231822 45079.728209 45080.597577 45094.866495 45109.467016
186.140000 45063.966339 45075.599331 45090.372105 45090.238548 45105.490546 45118.725175
186.240000 45071.556242 45083.448007 45100.357688 45099.847287 45115.334259 45127.772550
186.340000 45078.525885 45093.740751 45109.842609 45109.411282 45124.291582 45135.612399
186.440000 45086.975364 45103.507182 45121.034243 45119.249230 45133.684295 45143.650668
186.540000 45097.075125 45113.767392 45130.461098 45128.497720 45142.152207 45150.207809
186.640000 45108.103289 45124.677214 45139.948737 45137.825921 45150.433230 45156.573231
186.740000 45118.951586 45135.168730 45149.378050 45146.677171 45157.667338 45162.751568
186.840000 45129.682123 45144.184973 45157.740059 45154.809689 45163.654375 45167.893153
186.940000 45139.247049 45155.353017 45163.846029 45161.828066 45168.652623 45173.081714
187.040000 45151.134951 45162.377920 45168.889334 45167.609253 45173.049273 45177.344591
187.140000 45160.018713 45167.732355 45173.183947 45172.512906 45177.116042 45181.520101
187.240000 45165.909794 45172.591808 45177.621100 45177.176504 45181.679245 45186.044213
187.340000 45171.396807 45177.339154 45182.077201 45181.886611 45186.228991 45191.048988
187.440000 45177.458062 45182.625273 45187.203688 45187.645847 45192.710937 45200.221390
187.540000 45183.608098 45187.838845 45192.805757 45193.583334 45199.640165 45207.818536
187.640000 45188.485553 45192.822680 45197.979307 45199.196553 45205.899350 45214.005156
187.740000 45193.198512 45197.834773 45203.705643 45204.839561 45212.340334 45220.795760
187.840000 45197.518449 45202.677577 45209.579785 45210.404237 45218.207811 45227.392823
187.940000 45201.985314 45207.271103 45215.804920 45216.175083 45224.632496 45234.143209
188.040000 45206.451035 45212.564952 45221.818832 45222.024044 45231.392925 45240.002710
188.140000 45211.311135 45218.371969 45227.688838 45228.004653 45237.408705 45245.933544
188.240000 45216.342672 45224.365559 45233.910585 45234.076868 45243.649585 45251.829062
188.340000 45221.482249 45230.946855 45240.542925 45240.415543 45250.089798 45258.090287
188.440000 45228.510145 45236.842200 45246.673031 45246.700934 45256.311126 45264.614745
188.540000 45235.726846 45243.631516 45252.895677 45253.071736 45262.487917 45271.860925
188.680000 45243.840753 45252.442584 45261.730341 45261.997805 45271.131008 45281.954581
188.780000 45249.901337 45258.882850 45268.156269 45268.977156 45279.166123 45291.213826
188.880000 45257.246378 45265.626984 45276.251222 45276.832498 45288.015809 45300.272443
188.980000 45263.594831 45272.903018 45284.462819 45285.183577 45297.405020 45310.444713
189.080000 45270.668803 45280.360793 45292.291408 45293.116540 45306.002659 45320.866405
189.180000 45277.270270 45288.114371 45301.082437 45301.705330 45316.018207 45328.504595
189.280000 45284.983611 45297.120872 45310.961274 45311.203757 45326.373665 45337.634293
189.380000 45293.475262 45306.443228 45320.392717 45320.653634 45335.530795 45347.902325
189.480000 45301.844347 45316.370594 45330.782660 45330.523545 45344.172911 45357.545484
189.580000 45313.737134 45326.736699 45340.468455 45340.456742 45353.684349 45368.537887
189.680000 45323.777013 45337.325930 45351.354587 45350.562025 45363.774338 45376.372247
189.780000 45334.393581 45347.458865 45360.699161 45360.512363 45373.719156 45385.075002
189.880000 45343.208549 45356.355241 45370.624328 45370.091230 45382.866451 45394.484821
189.980000 45353.818804 45367.160085 45379.280960 45379.231274 45391.288771 45403.638463
190.080000 45363.959153 45376.151859 45388.552877 45388.057102 45399.050999 45411.565714
190.180000 45373.539870 45384.630788 45396.618109 45396.089370 45406.625513 45417.788981
190.280000 45382.434074 45393.457677 45404.080385 45403.589949 45414.447497 45423.917574
190.380000 45390.281605 45400.654979 45411.449126 45410.937195 45421.115277 45430.384998
190.480000 45397.893989 45407.996502 45418.260821 45417.999971 45428.383000 45436.873557
190.580000 45404.008095 45415.006359 45425.478606 45425.024289 45435.392016 45442.118210
190.680000 45410.436261 45421.690022 45432.369925 45431.713910 45441.643076 45449.622109
190.780000 45418.286607 45428.671999 45439.019086 45438.328207 45447.786062 45455.336190
190.880000 45424.574894 45435.475846 45445.534783 45444.947630 45454.184679 45461.724255
190.980000 45432.015036 45442.791960 45452.393934 45452.026826 45461.315039 45468.756592
191.080000 45441.259147 45452.003908 45460.825481 45460.637050 45469.577913 45478.643747
191.180000 45451.849454 45461.596199 45471.061530 45471.597205 45481.562040 45494.048888
191.280000 45460.666242 45472.178315 45483.096758 45482.807360 45494.090530 45503.028549
191.380000 45470.351693 45482.492374 45494.918500 45493.545677 45503.388247 45511.068045
191.480000 45479.222026 45494.212721 45504.132119 45502.776045 45511.398172 45517.852619
191.580000 45490.998000 45504.411018 45511.373022 45510.710961 45517.809931 45524.596800
191.680000 45501.191241 45510.701391 45517.317648 45516.938165 45523.528958 45530.051811
191.780000 45510.081959 45516.819939 45522.718264 45522.742954 45528.676404 45534.954364
191.880000 45516.548001 45522.091762 45527.874351 45528.025867 45534.173230 45539.859670
191.980000 45521.603026 45527.003152 45532.811100 45533.020573 45539.003825 45545.716137
192.080000 45526.846910 45531.721169 45537.637810 45537.739952 45543.600843 45550.528125
192.180000 45531.446450 45536.416685 45542.037945 45542.623074 45549.097356 45555.988619
192.280000 45535.625634 45541.436283 45547.367445 45548.085066 45554.982028 45565.131468
192.380000 45540.394121 45546.164592 45553.132497 45555.425585 45563.102574 45587.541821
192.480000 45545.689021 45552.390945 45560.722159 45566.682745 45579.605635 45630.869166
192.580000 45552.906491 45561.867231 45577.422302 45585.284348 45611.022802 45649.685837
192.680000 45563.513003 45579.021832 45608.833307 45610.702691 45641.690084 45665.099322
192.780000 45579.845950 45606.081882 45636.689380 45634.964153 45662.854226 45677.378059
192.880000 45603.868074 45633.558416 45656.845857 45654.339066 45676.721247 45688.438237
192.980000 45629.017183 45652.848575 45672.455926 45670.111931 45688.039368 45696.507816
193.080000 45646.650348 45667.571760 45686.381153 45682.782635 45696.589708 45703.820839
193.180000 45660.191826 45680.740430 45694.894130 45691.845360 45702.678403 45709.513631
193.280000 45670.917247 45689.136569 45700.802192 45698.627717 45707.542344 45714.382386
193.380000 45681.789673 45696.439138 45706.008652 45704.510346 45712.520816 45719.630507
193.480000 45691.378492 45702.925358 45710.933454 45710.140539 45717.645555 45725.327072
193.580000 45698.178466 45708.281468 45715.855161 45715.473623 45722.631685 45731.698637
193.680000 45704.189419 45713.100094 45721.032164 45720.737627 45727.911539 45736.360135
193.780000 45709.559549 45718.409982 45726.109378 45726.194629 45733.743096 45742.785641
193.880000 45715.256056 45723.796065 45731.741177 45731.723237 45739.229136 45748.926952
193.980000 45721.492397 45730.102813 45737.430585 45737.688429 45745.185459 45757.662542
194.080000 45727.304746 45735.597001 45743.221242 45744.039022 45752.051421 45768.203832
194.180000 45733.524972 45741.937340 45749.718219 45751.462295 45760.793782 45779.348100
194.280000 45740.655865 45749.445486 45758.440516 45761.191806 45775.637103 45790.894783
194.380000 45747.835827 45758.656774 45772.428052 45772.862296 45787.689246 45799.118892
194.480000 45755.607975 45769.976786 45786.059794 45784.615166 45798.235984 45808.363770
194.581000 45770.698820 45783.817945 45797.563523 45796.233884 45808.101288 45816.262375
194.630000 45777.337163 45790.172164 45803.138969 45801.910580 45813.117399 45820.948247
194.682000 45784.454859 45796.148339 45808.561225 45807.431934 45818.085589 45825.989659
194.730000 45790.643616 45801.127776 45813.011383 45812.156216 45822.087712 45830.018873
194.830000 45799.563281 45810.475753 45820.785429 45820.318669 45830.013165 45839.174259
194.930000 45808.310485 45818.479970 45828.002625 45827.836927 45837.238188 45846.834008
195.030000 45815.627401 45825.560326 45834.758036 45834.818084 45843.817862 45853.424968
195.130000 45822.846867 45831.822966 45841.756355 45841.561515 45851.081043 45858.283830
195.230000 45830.085603 45838.579190 45848.634074 45848.152062 45857.584849 45864.891475
195.330000 45836.341220 45844.778568 45854.367629 45854.127418 45862.953704 45870.361146
195.430000 45842.555659 45850.876412 45859.783525 45859.579429 45868.048179 45876.307142
195.530000 45848.822520 45857.053053 45864.998198 45865.126546 45873.173244 45881.328808
195.630000 45854.902827 45862.541179 45870.373563 45870.553269 45878.742707 45887.796639
195.730000 45860.352243 45867.765754 45875.866206 45876.237445 45884.201330 45896.327886
195.830000 45866.421069 45873.415807 45881.530885 45882.506583 45891.029367 45905.767253
195.930000 45871.498776 45878.752231 45887.465182 45889.140943 45899.076988 45918.917277
196.030000 45877.184891 45884.469040 45893.923362 45896.742617 45910.618190 45930.368335
196.130000 45883.393071 45890.791131 45901.841715 45905.785620 45923.981069 45941.131170
196.230000 45888.889024 45897.385166 45912.093764 45915.753067 45936.693467 45949.329874
196.330000 45897.148399 45907.712014 45927.928028 45926.783105 45944.967130 45955.373600
196.430000 45906.506043 45921.042095 45940.817437 45937.853421 45952.510410 45960.844247
196.530000 45915.215161 45934.376128 45949.577624 45947.380330 45959.481733 45966.988460
196.630000 45925.858742 45945.420260 45957.747624 45955.837457 45966.225712 45972.382207
196.730000 45936.331369 45954.132645 45964.819189 45963.289522 45972.328400 45978.004211
196.830000 45951.966289 45963.423062 45971.532902 45970.366631 45977.821668 45983.218332
196.930000 45962.214976 45970.192188 45977.047200 45976.444152 45982.695817 45987.810646
196.965000 45965.489771 45972.501174 45979.119307 45978.586800 45984.436592 45989.562913
197.067000 45972.620457 45977.935701 45984.035700 45983.723037 45989.205211 45994.339680
197.169000 45977.985443 45983.049066 45988.753427 45988.595080 45994.098012 46000.064933
197.263000 45982.308103 45987.186483 45992.599668 45992.778240 45998.297345 46004.828663
197.353000 45987.007628 45990.884884 45996.623514 45997.137119 46003.127112 46010.016089
197.430000 45990.462515 45994.825247 46000.764025 46001.275494 46007.470531 46015.307848
197.445000 45991.155535 45995.723020 46001.725145 46002.202009 46008.417816 46016.124491
197.530000 45995.375395 46000.707306 46007.208195 46008.271751 46016.143051 46027.003850
197.630000 46000.160150 46006.280211 46015.117529 46016.342770 46025.743894 46042.499890
197.730000 46005.320695 46012.503212 46023.920644 46025.752135 46038.403361 46056.976968
197.830000 46011.884634 46020.328461 46035.189069 46036.636207 46053.619355 46067.867791
197.930000 46017.990030 46029.332640 46048.088917 46047.416491 46064.381533 46077.101505
198.030000 46026.120103 46039.640917 46059.809520 46057.650638 46072.699993 46083.868468
198.130000 46036.865860 46053.046384 46070.204514 46067.832958 46081.438608 46090.969242
198.230000 46049.670254 46063.838542 46078.300883 46076.847841 46089.245912 46096.652814
198.360000 46065.350788 46077.016354 46087.872935 46087.644133 46098.267952 46107.286329
198.430000 46071.960061 46082.564338 46093.148293 46092.977584 46103.027976 46113.149200
198.530000 46079.812758 46090.396031 46100.703131 46100.290998 46110.156312 46119.518593
198.630000 46087.010241 46097.570559 46107.248555 46107.452658 46117.819091 46126.687235
198.730000 46094.247673 46104.737140 46114.854961 46114.670737 46125.162278 46133.871662
198.830000 46102.771791 46111.800676 46121.547346 46121.834613 46132.291587 46140.190857
198.930000 46109.175244 46118.921387 46128.750385 46128.863488 46139.530441 46147.801315
199.030000 46116.527542 46125.396256 46135.838501 46135.624197 46145.929495 46153.797567
199.130000 46123.238942 46132.295864 46143.570053 46142.536278 46152.498224 46160.011550
199.230000 46130.493231 46139.915669 46149.930250 46149.199391 46158.204532 46165.606843
199.330000 46137.502625 46146.541831 46156.765890 46155.678661 46163.912012 46170.589343
199.430000 46144.658674 46153.860625 46162.838071 46161.902455 46169.424426 46174.882444
199.530000 46152.204362 46161.056523 46168.898284 46168.048555 46174.533140 46180.102257
199.630000 46161.161539 46168.901715 46174.844792 46174.272203 46179.616918 46184.284371
199.726000 46170.953335 46175.626170 46180.570563 46180.327834 46185.095289 46189.289331
199.730000 46171.296840 46175.890694 46180.851456 46180.598349 46185.241384 46189.614822
199.828000 46177.992034 46182.424880 46186.895506 46186.877663 46191.616800 46196.124010
199.830000 46178.120114 46182.510506 46186.999194 46187.017207 46191.730896 46196.332599
199.929000 46183.659293 46188.448332 46192.799490 46193.488064 46198.879631 46202.383395
199.930000 46183.698863 46188.491668 46192.874665 46193.559108 46198.952184 46202.485323
200.025000 46189.227639 46194.378814 46200.057775 46199.922927 46205.371945 46210.353775
200.030000 46189.455404 46194.704468 46200.462164 46200.298894 46205.778553 46210.717996
200.130000 46194.958755 46201.076196 46207.724475 46208.102826 46215.275467 46224.646381
200.230000 46199.884334 46207.011986 46214.737172 46215.866816 46224.525553 46235.639767
200.330000 46205.589851 46213.518385 46222.932916 46224.059487 46234.799138 46247.594911
200.430000 46212.882365 46220.479253 46231.389189 46232.286073 46244.395251 46256.622328
200.530000 46220.150351 46228.057890 46240.051561 46240.864332 46253.583847 46265.388920
200.630000 46227.327733 46236.412890 46248.617246 46249.161788 46261.725589 46272.765436
200.730000 46233.544254 46244.800844 46257.013328 46257.311645 46269.288741 46280.889312
200.830000 46241.581822 46253.138743 46265.459587 46265.300867 46277.481466 46288.037845
200.930000 46251.046410 46261.226425 46273.522914 46273.361626 46284.970851 46296.772084
201.030000 46259.143511 46268.880255 46281.065661 46281.092025 46292.681719 46305.032754
201.130000 46266.783750 46276.557623 46288.415887 46288.519832 46300.130380 46312.847947
201.230000 46274.833940 46284.444860 46295.526969 46295.915241 46307.482167 46319.245972
201.330000 46282.099835 46291.780467 46302.737658 46302.972666 46314.533666 46325.206708
201.430000 46289.001458 46298.738011 46309.871284 46310.012628 46321.307517 46331.191743
201.530000 46296.376145 46305.845375 46317.237103 46317.006862 46327.845600 46338.051455
201.630000 46303.034476 46312.915050 46323.818321 46323.843753 46334.144552 46343.360752
201.730000 46311.445869 46320.304237 46330.982679 46330.646162 46340.675221 46348.994580
201.830000 46317.893946 46327.802006 46337.250972 46337.107112 46346.742578 46355.091883
201.930000 46324.908358 46334.058395 46343.881524 46343.567543 46352.673737 46361.122208
202.030000 46331.144690 46340.431115 46349.993119 46349.807273 46358.632442 46368.362424
202.130000 46338.258863 46346.715399 46355.902360 46355.916683 46364.973453 46373.426153
202.230000 46344.198036 46352.851620 46362.227388 46362.044848 46371.126667 46379.471127
202.330000 46351.094292 46359.169591 46368.040839 46367.987397 46377.063927 46385.904623
202.430000 46356.568571 46365.177148 46373.885256 46374.224922 46383.374671 46391.973857
202.530000 46361.958477 46371.179527 46380.473723 46380.615663 46390.091618 46399.010330
202.630000 46368.083366 46377.492989 46387.103212 46387.274998 46396.889286 46407.317740
202.760000 46376.535915 46385.524506 46395.988482 46396.618688 46407.661650 46419.544816
202.830000 46380.679325 46390.592121 46401.014478 46402.016705 46413.467385 46426.312302
202.930000 46387.382459 46398.159853 46408.968779 46409.590488 46421.915135 46433.524519
203.030000 46394.724993 46405.306886 46417.220849 46417.607886 46429.959083 46442.410138
203.130000 46401.857733 46413.243025 46425.758673 46425.792186 46438.386729 46450.039380
203.230000 46410.007885 46421.379815 46433.944978 46434.019786 46446.429691 46457.395902
203.330000 46417.860657 46429.884919 46442.675038 46442.314285 46454.799440 46464.956145
203.430000 46425.838682 46438.603733 46451.449825 46450.782836 46462.740689 46472.012636
203.530000 46434.305883 46447.620635 46459.737906 46459.174332 46471.025383 46479.211771
203.630000 46441.939687 46456.252334 46467.433512 46467.094811 46478.150663 46487.262979
203.730000 46452.141504 46464.313822 46475.101098 46474.441589 46484.828271 46493.623580
203.830000 46459.869636 46471.698327 46481.677937 46481.331887 46491.412914 46500.748641
203.930000 46468.729816 46478.631283 46487.887620 46488.062743 46497.510275 46507.296625
204.030000 46475.549365 46484.687423 46494.461691 46494.571525 46504.414334 46513.000856
204.130000 46482.634237 46491.222945 46501.285553 46501.158464 46510.685582 46519.830070
204.230000 46489.654761 46497.992727 46508.214348 46508.125060 46517.879247 46526.877206
204.330000 46495.972837 46505.453051 46515.586324 46515.301465 46524.704875 46533.111729
204.430000 46502.621096 46512.817916 46523.243558 46522.465082 46532.068622 46541.067507
204.530000 46508.829428 46520.075978 46530.078809 46529.871905 46539.663483 46548.185837
204.630000 46517.634462 46528.399666 46538.056013 46537.636615 46546.574069 46554.821114
204.730000 46528.356564 46537.940127 46546.230393 46546.031494 46554.314603 46561.530511
204.830000 46541.479512 46547.770145 46555.250333 46555.083078 46562.128734 46568.948162
204.843000 46542.561743 46549.131581 46556.376961 46556.283961 46563.408567 46570.137569
204.930000 46550.523697 46557.571893 46564.745257 46564.526507 46571.482564 46577.509406
204.943000 46551.906650 46558.616618 46566.013594 46565.877132 46572.773573 46579.083413
205.030000 46559.579839 46567.044538 46574.752952 46574.559249 46582.159654 46589.526598
205.048000 46561.125507 46568.819581 46576.598221 46576.524281 46584.159054 46592.034513
205.130000 46567.902781 46576.296399 46584.969529 46585.305265 46594.023569 46604.255355
205.154000 46570.172465 46578.609762 46587.549737 46587.938383 46597.106777 46607.858034
205.259000 46580.067674 46588.821073 46598.335960 46599.504540 46610.042752 46625.731699
205.345000 46586.598676 46596.555721 46607.738974 46608.749543 46621.112702 46636.928264
205.428000 46594.153477 46604.508514 46616.682456 46617.583174 46631.475738 46646.476841
205.510000 46601.696939 46612.509041 46625.926975 46626.610435 46640.701026 46655.442434
205.593000 46609.544295 46621.160532 46634.957658 46635.655433 46650.399755 46664.641933
205.705000 46620.036014 46632.350192 46647.295623 46647.273592 46661.896838 46675.339065
205.823000 46631.242357 46643.654278 46659.081237 46658.869684 46674.199719 46686.353970
205.942000 46642.701713 46655.394996 46670.284673 46669.930927 46684.470467 46697.854480
206.060000 46654.110877 46667.127775 46680.634096 46680.408383 46693.873379 46705.523949
206.156000 46662.056931 46675.838393 46689.608387 46688.595568 46701.316704 46712.025964
206.250000 46670.421290 46684.523570 46697.158230 46696.410192 46708.376828 46717.547546
206.344000 46680.057296 46692.541554 46704.580179 46703.758139 46714.835375 46723.368436
206.438000 46688.340268 46700.723913 46711.103408 46710.458831 46720.355113 46729.087782
206.532000 46694.948353 46707.461226 46717.221577 46716.665613 46726.525958 46734.433354
206.630000 46701.663992 46713.743984 46723.487928 46722.850565 46732.043211 46739.783071
206.730000 46709.369120 46720.220778 46729.046336 46728.754346 46737.236370 46746.252132
206.830000 46717.529365 46726.410858 46734.664014 46734.735537 46742.761300 46752.203825
206.930000 46723.770181 46731.947124 46740.516829 46740.447024 46748.306641 46757.252513
207.030000 46730.280774 46737.615324 46746.113903 46746.143094 46754.494333 46763.056213
207.130000 46735.867655 46743.726575 46751.435269 46751.724075 46759.689003 46769.896403
207.230000 46741.278177 46748.559673 46757.344830 46757.578563 46766.207396 46777.395853
207.330000 46746.389549 46754.828519 46763.885313 46764.207950 46773.743613 46785.805393
207.430000 46752.160785 46761.088577 46770.979375 46771.701920 46782.227775 46794.928500
207.530000 46758.222374 46768.456069 46778.984669 46779.729700 46791.112160 46804.929428
207.630000 46765.904830 46776.140626 46787.127219 46788.212576 46800.581013 46814.616468
207.730000 46773.598445 46784.691196 46796.790961 46797.717542 46810.940266 46825.094195
207.830000 46781.595889 46793.491985 46806.687509 46807.432844 46820.841684 46835.368419
207.930000 46790.738884 46802.409674 46817.814958 46817.306882 46831.503416 46845.199602
208.030000 46798.873394 46812.324462 46827.857737 46826.998119 46841.384016 46854.643176
208.130000 46809.485246 46821.210767 46837.370555 46836.521508 46850.871992 46862.994321
208.230000 46818.232665 46831.646506 46847.041476 46845.985710 46859.765104 46870.836304
208.330000 46827.067067 46841.579258 46856.208561 46855.486278 46868.538616 46879.770383
208.430000 46838.348094 46851.387171 46865.168071 46864.604936 46877.121160 46888.519759
208.530000 46846.895264 46860.914191 46874.309768 46873.646242 46886.401497 46896.852521
208.630000 46857.672515 46870.180841 46883.082589 46882.376341 46894.623525 46905.918772
208.730000 46867.140286 46880.080486 46891.470078 46891.033304 46902.451368 46913.500274
208.830000 46876.914177 46888.054215 46899.501165 46899.350576 46910.473098 46920.445490
208.930000 46886.884968 46896.792208 46907.725643 46907.429861 46917.610144 46927.643810
209.030000 46894.844843 46905.998661 46916.284405 46915.844370 46925.691365 46934.758433
209.130000 46905.830231 46915.037179 46924.280908 46923.998015 46932.958226 46941.097500
209.166000 46909.163758 46918.183355 46927.328331 46927.005577 46935.848560 46943.652181
209.258000 46918.358737 46926.074632 46935.150873 46934.807871 46943.222407 46949.998797
209.330000 46925.416595 46933.029779 46941.100452 46940.857761 46949.049618 46955.461379
209.350000 46927.256842 46934.515116 46942.587931 46942.480445 46950.738944 46956.950116
209.430000 46933.521136 46940.767437 46948.382357 46948.557861 46956.790942 46963.851865
209.530000 46940.705996 46948.773467 46955.734237 46956.089391 46963.975097 46972.377241
209.630000 46946.899068 46955.535155 46963.400446 46963.396038 46971.552352 46979.361543
209.720500 46955.348967 46962.885144 46970.196302 46970.372362 46978.125293 46985.497867
209.811000 46962.781622 46969.603665 46977.386849 46977.297032 46984.842901 46991.368756
209.830000 46965.200485 46971.284183 46979.103316 46978.886457 46986.444885 46992.545477
209.930000 46973.759583 46979.546836 46986.944395 46986.839031 46994.070394 47000.853092
209.995000 46978.419011 46984.804895 46992.439216 46992.214710 46999.467892 47005.501584
210.030000 46981.480611 46987.730730 46995.340025 46995.166057 47002.402319 47008.671412
210.087000 46986.100486 46992.756151 47000.290565 47000.150304 47007.246818 47014.795776
210.130000 46989.983385 46996.472854 47003.883702 47003.893280 47011.463715 47018.032588
210.180000 46995.003675 47001.310152 47008.318406 47008.372670 47015.479355 47022.615574
210.230000 46998.962907 47005.812374 47012.592020 47012.762145 47019.900979 47027.245203
210.330000 47006.805526 47014.104860 47021.222185 47021.592340 47029.302697 47038.490526
210.364000 47009.367771 47016.957272 47024.236592 47024.661161 47032.645667 47041.098598
210.430000 47014.950234 47022.308855 47030.496255 47030.738852 47038.829218 47048.445820
210.461000 47017.179495 47024.963956 47033.231285 47033.679537 47042.200613 47052.511621
210.563000 47024.710953 47033.427792 47042.408058 47043.195265 47053.180323 47066.739332
210.665000 47033.253040 47040.956750 47051.289205 47052.511179 47063.843080 47076.611879
210.767000 47040.309281 47049.424141 47061.236357 47062.088409 47074.961036 47088.371558
210.870000 47048.046969 47058.171092 47070.724105 47071.514362 47085.387335 47098.974586
211.006000 47058.765548 47069.182063 47082.766234 47083.573482 47098.515886 47112.059599
211.142000 47068.920510 47081.406961 47094.653053 47095.679340 47110.702794 47125.968529
211.278000 47080.449904 47093.000340 47107.867511 47107.739735 47122.291872 47135.173056
211.380000 47089.882511 47103.302783 47117.835614 47117.464128 47131.718628 47145.397644
211.480000 47098.049638 47112.615330 47127.244629 47126.931002 47141.167687 47153.773875
211.605000 47109.291672 47123.465883 47137.809873 47137.709362 47151.848183 47164.028410
211.730000 47119.836817 47134.384202 47148.960662 47148.205821 47161.580810 47173.970839
211.855000 47130.638212 47145.233211 47159.547467 47158.689722 47172.104036 47182.946241
211.980000 47143.650856 47156.405257 47169.442194 47168.921106 47181.618410 47193.136729
212.080000 47153.392031 47165.126268 47177.763236 47177.237925 47189.269668 47200.227562
212.180000 47161.253843 47173.927468 47185.747186 47185.382375 47197.051073 47207.083161
212.280000 47171.198368 47182.151249 47193.439243 47193.245913 47204.403670 47213.523887
212.380000 47179.210158 47191.218045 47201.604957 47201.288559 47211.908640 47221.126871
212.480000 47188.998831 47199.741219 47209.211986 47209.060881 47218.526188 47227.754682
212.580000 47198.766629 47207.805991 47216.822533 47216.879972 47226.262043 47235.019158
212.680000 47206.545954 47214.440865 47224.179619 47223.966298 47232.934959 47243.462193
212.780000 47212.860790 47220.876276 47231.269348 47231.006759 47240.827557 47249.683134
212.880000 47219.304829 47228.181967 47238.379269 47238.180477 47248.114671 47256.617122
212.980000 47225.719738 47235.171619 47245.497795 47245.595256 47255.543326 47263.972702
213.080000 47233.275750 47243.810555 47253.749035 47253.303232 47263.072572 47271.183421
213.180000 47242.590016 47251.830802 47261.129407 47261.029574 47270.240165 47278.021362
213.280000 47250.673341 47259.966010 47268.585303 47268.514362 47277.316736 47284.657994
213.380000 47259.094405 47267.396662 47275.873660 47275.682014 47284.391577 47290.901833
213.400000 47260.279123 47268.736993 47277.232431 47277.213067 47286.002237 47292.838699
213.500000 47267.970135 47276.782352 47284.621853 47284.790471 47293.081545 47301.085365
213.580000 47274.156724 47282.648196 47291.414173 47291.214795 47299.489031 47308.202738
213.680000 47281.697683 47290.398609 47298.795542 47298.950073 47308.003122 47316.476864
213.780000 47288.096800 47297.290173 47305.936772 47306.202689 47315.416927 47325.071728
213.880000 47295.540313 47303.929925 47313.074653 47313.153548 47322.287895 47330.523415
213.980000 47303.621748 47311.709459 47320.392468 47320.279677 47328.688170 47336.741466
214.080000 47312.312427 47319.484568 47327.496531 47327.646569 47335.339458 47343.292264
214.180000 47318.973054 47326.496385 47334.769013 47334.860147 47343.029643 47350.965380
214.200000 47320.403844 47327.925013 47336.266783 47336.360440 47344.681058 47352.426457
214.300000 47327.076598 47335.431105 47343.587535 47343.901293 47352.388436 47361.823848
214.380000 47332.060550 47341.077659 47349.359637 47349.925421 47358.735516 47369.426529
214.480000 47339.514293 47347.474952 47356.922960 47357.408883 47367.232741 47378.371123
214.580000 47346.437248 47354.419323 47364.899611 47365.340582 47375.846892 47388.091791
214.680000 47353.668444 47362.644416 47372.545777 47373.351854 47384.925463 47396.642323
214.780000 47361.230268 47370.174623 47381.150242 47381.323953 47392.655390 47403.068870
214.880000 47368.738384 47378.332558 47389.430013 47389.418026 47400.943468 47410.483699
214.980000 47376.575631 47386.469548 47398.064015 47397.988700 47409.903194 47418.732618
215.080000 47383.342123 47394.577313 47406.115286 47406.098388 47417.726516 47427.417472
215.180000 47391.874123 47403.067651 47415.064459 47414.711096 47426.609542 47436.382151
215.280000 47399.777538 47412.536083 47423.270482 47423.237395 47435.176752 47444.564447
215.400000 47409.830961 47421.509095 47432.817370 47433.036322 47445.158060 47455.501577
215.480000 47417.932674 47428.142465 47439.305798 47439.754316 47451.600119 47463.374356
215.580000 47427.005397 47436.782962 47447.626008 47448.210371 47460.289177 47472.132953
215.680000 47434.807478 47444.812800 47456.661607 47457.120900 47469.082428 47481.412079
215.780000 47442.480199 47453.637411 47466.737005 47467.006545 47480.331045 47494.615936
215.880000 47450.000318 47462.845181 47476.072795 47476.886642 47490.952264 47507.551949
215.980000 47459.243820 47471.782445 47486.803406 47487.575794 47502.793802 47519.270764
216.080000 47469.346373 47484.859417 47500.163739 47500.265834 47515.495803 47530.865762
216.180000 47480.423166 47498.961132 47513.624146 47513.674354 47529.188543 47541.996252
216.280000 47494.288133 47511.982408 47526.657236 47526.175516 47541.698236 47553.428943
216.380000 47508.922951 47524.538703 47538.875150 47538.336618 47552.639470 47562.004967
216.480000 47523.602276 47537.567888 47551.742080 47550.590384 47563.308840 47572.035110
216.580000 47537.552429 47550.495595 47563.543961 47562.265641 47573.618950 47580.839837
216.680000 47549.048424 47562.448163 47574.236752 47572.656317 47582.184118 47588.592169
216.780000 47565.893746 47574.937935 47583.847902 47582.972687 47590.612812 47596.484008
216.870000 47580.473525 47586.631984 47593.135794 47592.829094 47599.085250 47604.944046
216.880000 47581.805198 47588.126431 47594.205360 47594.021315 47600.095185 47606.237920
216.967000 47593.688090 47598.452067 47603.613073 47604.003774 47609.697059 47615.879828
216.970000 47594.036867 47598.806543 47604.072056 47604.397597 47610.119538 47616.210338
217.070000 47602.369188 47608.913304 47616.955907 47618.373756 47628.037023 47641.572442
217.170000 47611.627226 47619.837978 47631.849472 47633.233428 47647.008548 47661.672749
217.219000 47617.464920 47626.156037 47639.501882 47640.739842 47655.691938 47669.630560
217.270000 47623.283607 47633.347589 47648.177946 47648.495251 47663.438088 47675.360574
217.370000 47633.417369 47647.416010 47663.108977 47662.227722 47677.189204 47688.542934
217.470000 47646.318424 47660.344475 47674.822041 47674.209984 47687.590113 47697.487645
217.570000 47658.169848 47671.828394 47685.345116 47684.534708 47696.835679 47705.252598
217.670000 47671.334549 47683.170584 47694.486538 47693.757448 47704.692436 47713.457962
217.770000 47680.940580 47692.560148 47702.772646 47701.977652 47711.587121 47719.531590
217.870000 47690.790048 47700.875534 47709.930452 47709.594728 47718.110919 47726.701857
217.970000 47699.402767 47708.229272 47716.847394 47716.632191 47725.348684 47732.999817
218.020000 47703.572362 47712.252155 47720.196656 47720.389131 47729.055845 47736.692787
218.070000 47706.934707 47716.113491 47723.920870 47724.133235 47732.642432 47740.647123
218.170000 47714.110256 47722.678621 47730.548749 47731.125453 47739.834349 47749.481556
218.270000 47720.892843 47729.418456 47737.445104 47738.037080 47747.217069 47757.526312
218.370000 47727.211699 47735.583064 47743.898906 47744.787653 47754.538912 47765.075553
218.470000 47733.458156 47741.845136 47751.088710 47751.648330 47761.767917 47771.825745
218.570000 47739.317037 47748.308424 47757.870577 47758.351321 47769.250293 47778.189927
218.670000 47745.124720 47754.662017 47765.067305 47765.291000 47776.652595 47786.371492
218.770000 47751.963597 47761.415534 47772.345863 47772.569356 47783.633060 47794.568163
218.870000 47758.565080 47768.378965 47779.794632 47779.862200 47791.360243 47801.683460
218.970000 47765.227713 47775.937521 47787.667570 47787.694741 47799.295669 47810.365912
219.070000 47773.010331 47783.673028 47796.022826 47795.805038 47807.369540 47818.273881
219.170000 47780.935722 47792.529486 47804.846772 47804.291592 47815.912417 47826.387436
219.270000 47790.841429 47801.612535 47813.557252 47813.071563 47824.157812 47834.390430
219.370000 47801.006312 47811.003810 47821.455340 47821.697369 47832.201178 47843.353627
219.445000 47807.473717 47818.171677 47827.815117 47828.198273 47838.394088 47848.678338
219.520000 47814.047633 47824.694811 47834.014923 47834.379227 47844.725826 47854.048582
219.570000 47818.063399 47828.518087 47838.289350 47838.503076 47848.894273 47859.057662
219.670000 47826.838269 47835.709244 47846.174904 47846.259512 47856.507511 47865.961120
219.770000 47833.879449 47842.713286 47853.846195 47853.682080 47864.080660 47875.841767
219.870000 47840.968358 47850.034595 47861.289070 47861.109179 47871.757171 47883.684907
219.970000 47847.359164 47857.798313 47868.404162 47868.469822 47879.215537 47892.156977
220.070000 47854.243933 47864.574761 47875.594517 47876.314561 47887.624027 47901.479589
220.170000 47860.928910 47872.345983 47883.453670 47884.371390 47896.668612 47912.660790
220.270000 47868.447333 47879.353287 47891.164525 47892.934292 47906.537378 47926.739081
220.370000 47876.731976 47887.361692 47900.059090 47902.466701 47918.017118 47939.694245
220.470000 47884.389795 47895.928001 47910.688698 47912.961004 47930.208921 47952.118182
220.570000 47891.883060 47905.075447 47922.557064 47924.720405 47944.146963 47969.467032
220.689000 47902.440896 47915.713628 47937.344316 47938.862807 47962.515915 47987.372421
220.821000 47913.790254 47930.925367 47955.295669 47956.181901 47980.486864 48004.937452
220.953000 47927.666075 47947.654993 47973.083277 47973.138280 47997.677393 48019.880642
221.085000 47942.610763 47966.070473 47990.138977 47989.768391 48013.938232 48032.613249
221.216000 47960.458953 47983.678036 48006.140806 48005.517848 48028.553241 48044.210728
221.348000 47976.184880 48000.212770 48021.014271 48020.375581 48041.924694 48058.074201
221.480000 47992.819431 48014.003225 48035.209649 48034.038875 48054.710987 48067.923678
221.612000 48009.511087 48029.704863 48048.916522 48048.282038 48066.963733 48082.794677
221.744000 48024.070090 48043.207307 48062.014833 48061.759976 48080.223319 48095.107248
221.875000 48038.162196 48055.867492 48075.877294 48074.762929 48092.216354 48104.903045
222.007000 48052.008044 48071.390999 48089.910986 48088.104778 48104.384608 48115.283329
222.127000 48069.150184 48085.094749 48101.441525 48099.832832 48113.818113 48123.723267
222.208000 48080.569854 48095.360557 48109.112233 48107.943679 48120.394152 48128.699350
222.289000 48091.704722 48104.738068 48116.500643 48115.580377 48126.432220 48134.131322
222.369000 48102.625227 48113.745896 48123.714707 48122.979722 48132.177377 48139.042775
222.450000 48111.624887 48121.430685 48130.176805 48129.804789 48138.016625 48146.121824
222.531000 48119.357792 48128.199162 48135.936162 48135.998685 48143.992398 48152.492959
222.612000 48125.504560 48133.600974 48141.239626 48141.525042 48149.502373 48157.289048
222.692000 48131.092805 48139.083765 48146.217123 48146.692730 48154.972580 48163.143750
222.773000 48136.358436 48144.047345 48151.108797 48151.639539 48159.967422 48167.161878
222.854000 48141.762487 48148.803964 48155.900672 48156.632296 48164.890388 48173.371195
222.935000 48146.501138 48153.879791 48161.211176 48161.709214 48169.908727 48180.296182
223.016000 48151.268973 48158.845565 48166.481705 48167.051805 48175.694525 48186.220208
223.115000 48157.169404 48164.641723 48172.862589 48173.689800 48182.830659 48193.822584
223.213000 48162.219638 48170.570901 48179.915929 48180.600652 48190.984415 48201.103310
223.312000 48170.082201 48177.161337 48187.026908 48188.066094 48199.268062 48210.213044
223.411000 48175.588036 48184.471821 48195.011835 48195.990848 48207.959461 48218.862524
223.510000 48181.718376 48191.810218 48203.488706 48203.844879 48216.039186 48226.932543
223.608000 48188.582028 48200.420726 48211.937280 48212.169022 48224.724737 48235.756524
223.707000 48198.413910 48208.170707 48220.445738 48220.538571 48233.323589 48242.780285
223.806000 48204.900032 48216.779052 48229.103232 48228.790514 48240.749358 48251.411554
223.905000 48212.287011 48224.713887 48237.029092 48236.708606 48248.409844 48258.363469
224.003000 48218.700229 48233.203736 48245.175498 48244.661494 48255.983450 48267.221169
224.100000 48228.026513 48240.943903 48253.285525 48252.460058 48263.528292 48273.610420
224.192000 48236.027230 48247.940834 48260.092939 48259.715821 48270.792546 48280.925169
224.284000 48245.006120 48255.551429 48267.851948 48267.203216 48278.492651 48289.211456
224.377000 48252.512345 48263.153096 48275.325262 48274.724975 48285.725150 48295.830226
224.469000 48259.351249 48270.498643 48282.100349 48281.792077 48292.784667 48300.977993
224.561000 48266.982597 48277.921288 48288.905690 48288.735336 48299.583627 48307.169156
224.653000 48274.297904 48285.092407 48296.149688 48295.693415 48305.896368 48314.605997
224.745000 48281.685590 48292.519680 48303.883921 48302.897475 48312.585421 48320.723725
224.837000 48288.872644 48300.686593 48310.996638 48310.037823 48319.400500 48326.952000
224.929000 48297.914328 48308.515949 48317.528554 48317.009029 48325.738270 48332.358133
225.021000 48306.820847 48315.746620 48324.852240 48324.155048 48332.227810 48338.695782
225.070000 48312.161533 48320.608068 48328.682682 48328.119407 48335.977510 48341.409672
225.113000 48316.120118 48324.141777 48332.169893 48331.560575 48339.036679 48344.467091
225.205000 48325.406526 48332.689133 48339.191899 48338.974287 48345.453011 48349.965881
225.279000 48333.376277 48339.011585 48345.250459 48344.946988 48350.856956 48355.171618
225.297000 48334.705623 48340.640538 48346.746718 48346.442192 48352.226316 48356.240086
225.370000 48342.449674 48346.865163 48352.702276 48352.506755 48358.019061 48361.834666
225.371000 48342.550250 48346.998736 48352.801845 48352.597221 48358.103183 48361.921648
225.463000 48349.611071 48354.722934 48360.488757 48360.343174 48365.519429 48370.467366
225.470000 48350.283977 48355.350454 48361.018087 48360.991002 48366.161329 48371.628162
225.558000 48358.285183 48363.178964 48368.406463 48368.762645 48374.489311 48381.801169
225.570000 48358.976458 48364.168628 48369.363878 48369.843656 48375.602475 48383.081212
225.655000 48365.710711 48370.740996 48376.944822 48377.330921 48384.022818 48390.819890
225.670000 48366.974123 48372.163401 48378.265832 48378.753180 48385.821389 48391.935977
225.752000 48373.371340 48379.078238 48386.002918 48386.644837 48394.484222 48400.262737
225.770000 48374.912223 48380.658707 48388.012840 48388.417380 48396.267309 48402.588932
225.870000 48381.961424 48389.582512 48397.841690 48397.586597 48405.567678 48412.323950
225.970000 48390.692098 48398.950651 48406.969609 48406.567248 48414.141181 48420.131168
226.070000 48401.684423 48409.660293 48416.264214 48415.796266 48422.225965 48427.796989
226.167000 48415.792934 48420.371826 48425.410952 48425.451592 48430.757841 48434.263470
226.170000 48416.165216 48420.789594 48425.778869 48425.778043 48431.151708 48434.833682
226.183000 48417.236700 48422.082790 48427.048443 48427.223354 48432.790525 48436.564924
226.200000 48418.946933 48423.811649 48428.846465 48429.084211 48434.571506 48439.549749
226.217000 48420.550031 48425.417521 48430.787348 48430.943228 48436.356541 48442.380891
226.270000 48425.503072 48430.113202 48436.197978 48436.812805 48443.023760 48451.875289
226.370000 48433.064818 48438.876838 48446.267680 48447.773203 48456.810788 48469.415296
226.470000 48439.935281 48447.953772 48457.429193 48458.495384 48469.712780 48483.835756
226.570000 48447.576249 48456.931409 48467.646280 48469.327253 48481.606045 48497.829266
226.670000 48455.049151 48465.995219 48479.197891 48480.402138 48495.000976 48512.927777
226.770000 48464.399550 48475.610015 48490.780858 48491.739300 48508.248003 48524.903041
226.870000 48474.486316 48486.819011 48502.491955 48503.944265 48521.956573 48542.195502
226.970000 48484.082420 48498.979386 48516.113960 48517.387686 48537.154120 48557.305429
227.070000 48494.275139 48511.779759 48530.971257 48531.824391 48552.457811 48573.821282
227.170000 48507.498928 48526.185848 48546.619515 48546.969178 48568.454559 48589.231422
227.270000 48520.547045 48541.412825 48562.211400 48562.785939 48585.307478 48603.595416
227.370000 48537.370984 48557.319753 48578.604413 48579.106365 48600.165841 48624.091881
227.470000 48550.963480 48573.206384 48596.566540 48595.530510 48616.688250 48640.878981
227.570000 48568.550794 48590.774005 48612.420367 48612.155110 48633.750753 48656.976178
227.670000 48585.392475 48606.673727 48628.032918 48628.033858 48650.601667 48670.309707
227.770000 48604.044803 48622.686887 48644.405116 48644.348264 48666.910834 48682.596070
227.870000 48619.419057 48641.059018 48660.637680 48660.564801 48680.784321 48696.347936
227.970000 48637.063281 48658.707233 48677.062647 48676.311752 48694.964221 48710.037721
228.070000 48657.415373 48674.699007 48693.468739 48691.930274 48708.804773 48721.440602
228.170000 48671.596022 48690.015730 48707.814765 48706.598439 48722.673210 48734.378870
228.220000 48680.712622 48697.526024 48715.654440 48714.202886 48729.592259 48740.372290
228.295000 48693.453145 48711.978967 48727.076582 48725.743142 48739.464884 48749.730255
228.370000 48706.776802 48724.704327 48738.607487 48737.293305 48749.818212 48759.756175
228.433000 48718.534955 48737.246667 48748.794542 48747.405070 48758.183827 48767.138767
228.470000 48728.135738 48744.686533 48754.290576 48753.477084 48762.923702 48771.642122
228.566000 48753.890063 48760.426072 48767.889005 48767.703378 48774.973139 48781.525714
228.570000 48754.338191 48761.084965 48768.550143 48768.391456 48775.525950 48782.191241
228.670000 48767.036163 48775.043632 48784.276294 48784.751520 48794.603716 48804.294523
228.683000 48768.706190 48777.240928 48786.650465 48787.096822 48797.344286 48806.906534
228.770000 48780.358541 48789.964293 48801.864210 48801.450827 48812.576510 48820.443620
228.870000 48793.919428 48806.385996 48819.194772 48817.858792 48828.028640 48834.621723
228.970000 48811.998291 48829.472837 48837.304777 48835.977208 48842.745246 48848.741572
229.070000 48855.192875 48856.166131 48857.190560 48857.184870 48858.149636 48859.066715
