depth(m) lower_95(kyr) lower_68(kyr) median(kyr) mean(kyr) upper_68(kyr) upper_95(kyr)
95.590000 2104.758700 2109.674793 2113.222299 2113.316189 2117.176885 2121.580514
95.710000 2108.010446 2112.446461 2115.550236 2115.579270 2119.034298 2123.000031
95.785000 2110.039771 2114.232378 2117.145787 2117.235401 2120.575544 2123.922138
95.860000 2112.378919 2116.138024 2118.827298 2118.902423 2121.939157 2124.848765
95.935000 2114.364774 2117.782120 2120.507991 2120.437979 2123.220478 2125.854334
96.010000 2116.524338 2119.426366 2122.147931 2122.006504 2124.487492 2126.924297
96.085000 2117.588699 2121.210318 2123.797967 2123.606505 2125.953462 2128.617673
96.160000 2119.779984 2122.971758 2125.377052 2125.209225 2127.398855 2129.951091
96.235000 2121.953603 2124.808835 2126.897671 2126.805883 2128.899329 2131.626811
96.310000 2123.879032 2126.314620 2128.397572 2128.374595 2130.498824 2133.006742
96.385000 2125.449744 2127.667430 2129.640629 2129.713437 2131.991647 2134.518047
96.460000 2126.917918 2128.845970 2130.798931 2130.952007 2133.226426 2135.848271
96.535000 2128.109792 2129.961197 2131.852844 2132.101230 2134.526332 2136.875257
96.610000 2129.153406 2131.005465 2132.992921 2133.205197 2135.593926 2138.034887
96.685000 2130.056498 2132.123938 2134.185477 2134.373141 2136.881001 2139.111733
96.760000 2131.076581 2133.164050 2135.437682 2135.516766 2138.022402 2140.097625
96.835000 2132.173370 2134.434844 2136.645254 2136.693447 2139.052310 2140.990346
96.910000 2133.636299 2135.731639 2137.982091 2137.922934 2140.135505 2142.149219
96.995000 2135.045150 2137.315681 2139.430498 2139.402172 2141.556083 2143.426528
97.080000 2136.723446 2139.073670 2141.132400 2141.094894 2143.110315 2144.777699
97.155000 2138.699684 2141.020786 2143.036424 2143.013683 2145.037674 2147.078368
97.230000 2141.404652 2143.263277 2145.104053 2145.028658 2146.741961 2148.478735
97.360000 2144.954885 2146.423567 2148.091226 2148.135901 2149.698804 2151.681574
97.435000 2146.210568 2147.940164 2149.669121 2149.661940 2151.332740 2153.309674
97.510000 2147.706596 2149.466789 2151.104620 2151.132558 2152.806867 2154.797354
97.585000 2148.796303 2150.570337 2152.360636 2152.340396 2154.017245 2156.001292
97.660000 2150.132091 2151.779451 2153.514478 2153.554860 2155.302815 2157.433598
97.735000 2151.234615 2152.797043 2154.640427 2154.704249 2156.639514 2158.984949
97.810000 2152.223278 2153.924281 2155.822970 2155.866353 2157.798152 2160.073635
97.885000 2153.448584 2155.119770 2157.035460 2157.120248 2159.123769 2161.572562
97.960000 2154.514942 2156.368017 2158.322474 2158.427243 2160.553812 2162.841245
98.035000 2155.568531 2157.736440 2159.764367 2159.817767 2161.903946 2164.192289
98.110000 2156.746687 2159.000244 2161.219490 2161.214228 2163.478053 2165.852417
98.185000 2158.070572 2160.163783 2162.432837 2162.520392 2164.958895 2167.490632
98.260000 2159.082899 2161.270798 2163.687742 2163.784282 2166.229842 2169.051019
98.335000 2160.151655 2162.331875 2164.740036 2164.891338 2167.450216 2170.116471
98.410000 2161.167096 2163.340298 2165.877936 2165.966931 2168.478462 2171.174327
98.485000 2162.812835 2164.805095 2167.293113 2167.260324 2169.707774 2172.312258
98.560000 2164.100333 2166.150620 2168.588194 2168.558095 2170.957019 2173.406173
98.635000 2165.321506 2167.318426 2169.795547 2169.770304 2172.098656 2174.541735
98.710000 2166.448746 2168.566032 2170.973604 2170.984467 2173.273165 2175.482547
98.785000 2167.558895 2169.775538 2172.203043 2172.147918 2174.366790 2176.434351
98.860000 2169.025948 2171.226916 2173.328376 2173.296339 2175.394070 2177.396577
98.935000 2170.071571 2172.467398 2174.471460 2174.437950 2176.517734 2178.289806
99.010000 2171.399618 2173.567646 2175.679836 2175.571106 2177.630555 2179.334629
99.085000 2173.068177 2174.747794 2176.797340 2176.725200 2178.673224 2180.225967
99.160000 2174.232799 2176.016414 2177.937582 2177.896361 2179.762004 2181.367979
99.235000 2175.368912 2177.036836 2178.984698 2178.978275 2180.813195 2182.447986
99.310000 2176.460013 2178.140669 2180.018071 2180.032403 2181.874135 2183.435263
99.385000 2177.492475 2179.146605 2181.072004 2181.031024 2182.933868 2184.655268
99.460000 2178.663933 2180.177929 2182.050156 2182.045642 2183.934988 2185.732159
99.535000 2179.708782 2181.187906 2183.070793 2183.073620 2184.966923 2186.749414
99.610000 2180.569055 2182.171475 2184.107894 2184.093959 2186.038067 2187.625159
99.685000 2181.390518 2183.153586 2185.093318 2185.114813 2187.040304 2189.190926
99.760000 2182.498749 2184.202817 2186.109827 2186.182882 2188.116208 2190.222534
99.835000 2183.607597 2185.347534 2187.307705 2187.340138 2189.336688 2191.571871
99.910000 2184.644231 2186.490743 2188.436983 2188.531982 2190.504435 2193.034289
99.985000 2185.756495 2187.761060 2189.642089 2189.864876 2192.029387 2195.067160
100.060000 2187.094530 2189.120655 2190.958052 2191.228102 2193.463771 2196.474292
100.135000 2188.253657 2190.220511 2192.314303 2192.603039 2195.099148 2197.960060
100.210000 2189.645086 2191.565118 2193.768498 2194.065437 2196.599103 2199.498262
100.295000 2191.178332 2193.173919 2195.659809 2195.773654 2198.366730 2201.162228
100.380000 2192.836302 2194.706947 2197.508801 2197.494383 2200.194020 2202.617913
100.510000 2195.045623 2197.270459 2200.016452 2199.963100 2202.618429 2204.705848
100.585000 2196.340939 2198.869800 2201.614420 2201.457066 2204.056879 2205.935060
100.660000 2197.635232 2200.378959 2203.096896 2202.889188 2205.406808 2207.181095
100.745000 2199.200671 2202.283889 2204.812215 2204.576484 2206.898302 2208.613395
100.830000 2201.745534 2204.374195 2206.418884 2206.279580 2208.304279 2209.845561
100.960000 2204.586886 2206.720372 2208.551047 2208.461749 2210.234159 2212.116421
101.035000 2205.814261 2207.861730 2209.577981 2209.577227 2211.314199 2213.231361
101.110000 2206.950176 2208.977269 2210.661707 2210.661664 2212.371340 2214.254014
101.185000 2207.985551 2210.058606 2211.811723 2211.733372 2213.474597 2215.172082
101.260000 2209.193739 2211.065533 2212.825554 2212.770295 2214.486933 2216.238170
101.335000 2210.088134 2212.095554 2213.835678 2213.780671 2215.516337 2217.224449
101.410000 2211.303702 2213.047717 2214.802536 2214.796831 2216.550162 2218.117053
101.485000 2212.239387 2214.071099 2215.724373 2215.802881 2217.592431 2219.155144
101.560000 2213.037589 2215.065244 2216.725144 2216.812269 2218.719962 2220.039083
101.635000 2214.320420 2216.167005 2217.726018 2217.819427 2219.737136 2221.086352
101.710000 2215.515146 2217.217306 2218.801228 2218.866587 2220.714543 2222.016978
101.785000 2216.668816 2218.246829 2219.814759 2219.918337 2221.841422 2223.048870
101.860000 2217.972359 2219.361590 2220.878608 2221.052371 2222.967524 2223.950683
101.870000 2218.139161 2219.548414 2221.047839 2221.220110 2223.155945 2224.090350
101.890000 2218.429510 2219.838210 2221.349409 2221.550426 2223.488488 2224.360793
102.010000 2219.917264 2221.469504 2223.189889 2223.298823 2225.191170 2226.626475
102.020000 2220.065072 2221.619180 2223.329666 2223.466985 2225.367899 2226.827300
102.160000 2221.802505 2223.503516 2225.461094 2225.394789 2227.211345 2229.192385
102.170000 2221.931904 2223.664367 2225.645236 2225.563855 2227.371152 2229.357313
102.310000 2224.113178 2225.596668 2227.820829 2227.673453 2229.326882 2232.266202
102.320000 2224.260715 2225.738174 2227.992676 2227.846251 2229.548173 2232.399794
102.460000 2225.910525 2227.872344 2230.261415 2230.315045 2232.496538 2235.668562
102.470000 2226.132337 2228.074667 2230.436940 2230.494366 2232.706398 2235.821228
102.545000 2227.638531 2229.553603 2231.708525 2231.914526 2234.236695 2237.589466
102.620000 2229.002436 2231.020683 2233.131451 2233.441932 2235.781606 2239.540950
102.695000 2230.569015 2233.070215 2235.193467 2235.493601 2237.883053 2241.530020
102.770000 2232.576595 2234.996317 2237.562870 2237.620174 2240.326308 2243.110454
102.845000 2234.051963 2236.622449 2239.480434 2239.510472 2242.410748 2245.434309
102.920000 2235.592820 2238.047814 2241.298687 2241.292671 2244.354638 2247.125496
102.995000 2236.699513 2239.764323 2243.196660 2243.100323 2246.509706 2249.260336
103.070000 2237.925069 2241.198863 2244.948642 2244.788381 2248.280885 2251.904936
103.145000 2239.087306 2242.616499 2246.376072 2246.218175 2249.656665 2253.546794
103.220000 2240.392548 2244.070107 2247.769586 2247.667507 2250.974173 2255.053558
103.320000 2242.214185 2246.183573 2249.667984 2249.657856 2253.340907 2256.800129
103.420000 2245.186963 2248.333262 2251.478468 2251.746313 2255.431642 2258.713986
103.520000 2247.549913 2250.493512 2253.457705 2253.832910 2257.590354 2260.885748
103.595000 2249.159098 2251.927822 2254.986220 2255.388635 2259.184275 2262.604122
103.670000 2250.944887 2253.630286 2256.683301 2256.966760 2260.517852 2263.912085
103.745000 2252.782789 2255.322588 2258.486804 2258.635383 2262.003949 2265.112903
103.820000 2254.416477 2257.143644 2260.212627 2260.307561 2263.562190 2266.409077
103.895000 2255.872195 2258.827459 2262.068472 2261.990766 2265.106657 2267.971202
103.970000 2257.727067 2260.661047 2263.878003 2263.726892 2266.611583 2269.334409
104.045000 2259.452203 2262.547856 2265.661601 2265.572916 2268.415426 2271.140183
104.120000 2261.620479 2264.570665 2267.574677 2267.437713 2270.303322 2272.473103
104.195000 2264.026042 2266.719799 2269.705448 2269.574132 2272.176202 2274.852507
104.270000 2266.099177 2269.095761 2271.764697 2271.706566 2274.327705 2276.989600
104.345000 2268.460452 2271.208989 2273.725758 2273.820796 2276.456383 2279.389046
104.420000 2270.872012 2273.385517 2275.726199 2275.878848 2278.452890 2281.583182
104.495000 2272.521007 2275.320072 2277.665280 2277.848255 2280.461476 2283.217495
104.570000 2274.441050 2277.070759 2279.506077 2279.728556 2282.664404 2285.299891
104.645000 2276.416069 2278.776434 2281.371249 2281.480646 2284.351372 2286.725392
104.720000 2278.069509 2280.535362 2283.134875 2283.141456 2285.877217 2288.186392
104.795000 2279.493760 2282.270468 2284.953940 2284.850993 2287.499454 2289.334857
104.870000 2281.515380 2284.114730 2286.620905 2286.457500 2288.899577 2290.655258
104.945000 2283.548484 2286.089148 2288.419856 2288.204498 2290.309084 2292.301305
105.020000 2285.542080 2288.187499 2290.067546 2290.002521 2291.855056 2293.790138
105.095000 2287.498955 2289.735218 2291.589792 2291.557100 2293.450490 2295.241441
105.170000 2289.431547 2291.263552 2292.973201 2293.101728 2295.157339 2297.110875
105.245000 2290.800842 2292.456627 2294.240776 2294.423742 2296.494538 2298.578301
105.320000 2291.960475 2293.540233 2295.420074 2295.617833 2297.698783 2300.042049
105.395000 2292.924529 2294.633436 2296.514866 2296.755185 2298.954753 2301.231819
105.470000 2293.869073 2295.586040 2297.622013 2297.819052 2300.161409 2302.673763
105.545000 2294.782851 2296.472688 2298.709563 2298.869673 2301.249122 2303.989014
105.620000 2295.731998 2297.337636 2299.700276 2299.927516 2302.538653 2305.214814
105.695000 2296.841035 2298.366779 2300.850172 2301.019467 2303.789904 2306.332642
105.770000 2297.722631 2299.391037 2301.876099 2302.094308 2304.916341 2307.537096
105.845000 2298.465241 2300.353448 2302.957479 2303.167943 2305.923458 2309.006165
105.920000 2299.649690 2301.366595 2304.010897 2304.274466 2307.241009 2310.794214
105.995000 2300.629528 2302.313964 2305.069069 2305.363308 2308.541370 2312.320646
106.070000 2301.671984 2303.359929 2306.078306 2306.509233 2309.752835 2313.706948
106.145000 2302.728534 2304.406760 2307.217437 2307.715805 2311.116421 2315.319800
106.220000 2303.702105 2305.446637 2308.446228 2308.960400 2312.564416 2317.053857
106.295000 2305.071864 2306.813137 2309.840380 2310.384319 2314.076458 2318.408408
106.370000 2306.135674 2308.070554 2311.445325 2311.814979 2315.540726 2320.271255
106.445000 2307.217752 2309.405537 2312.989764 2313.326451 2317.109197 2321.641554
106.520000 2308.308378 2310.896649 2314.647526 2314.818617 2318.637188 2323.413467
106.595000 2309.444643 2312.194527 2316.191305 2316.365195 2320.135222 2324.581640
106.670000 2310.612868 2313.636025 2317.902211 2317.959398 2321.915164 2326.058010
106.745000 2312.089238 2315.451454 2319.430005 2319.548387 2323.603305 2327.688310
106.820000 2313.300468 2316.877453 2321.123031 2321.162788 2325.112733 2329.493233
106.895000 2314.718228 2318.564736 2322.853211 2322.857131 2326.821198 2331.312317
106.970000 2316.579931 2320.298428 2324.517336 2324.577176 2328.708101 2333.026325
107.045000 2317.633454 2321.932306 2326.272407 2326.159494 2330.235376 2334.598879
107.120000 2319.196140 2323.665694 2327.784712 2327.693041 2331.739327 2335.830601
107.195000 2320.543389 2325.399975 2329.265512 2329.301834 2333.349848 2337.132220
107.270000 2322.748248 2327.377781 2331.122139 2331.102761 2335.058994 2338.673263
107.370000 2325.610616 2330.299240 2333.916819 2333.933092 2337.794327 2341.223109
107.470000 2329.445921 2333.377517 2337.178029 2336.906712 2340.341132 2343.401658
107.570000 2333.737341 2336.725676 2340.191845 2339.889900 2342.939358 2345.560548
107.645000 2335.628090 2338.942473 2342.103667 2341.803403 2344.674175 2346.735536
107.720000 2337.807415 2341.195226 2344.010451 2343.720162 2346.278774 2348.101861
107.795000 2339.699859 2343.279903 2345.961945 2345.630985 2347.898154 2349.450936
107.870000 2341.965938 2345.463543 2347.771252 2347.416990 2349.404700 2350.904436
107.945000 2343.870649 2347.154687 2349.059525 2348.811817 2350.668984 2352.036151
108.020000 2346.283783 2348.597295 2350.305114 2350.134680 2351.801152 2353.059957
108.095000 2347.696461 2349.816323 2351.413486 2351.298931 2352.923377 2354.303647
108.170000 2348.742990 2351.032455 2352.494660 2352.411388 2354.065575 2355.395584
108.245000 2349.832793 2351.913692 2353.483208 2353.404674 2355.115719 2356.326759
108.320000 2350.943173 2352.842341 2354.472577 2354.395539 2356.061275 2357.358587
108.395000 2351.809694 2353.786615 2355.388373 2355.344525 2357.032286 2358.378393
108.470000 2352.647320 2354.734063 2356.378304 2356.290428 2357.953620 2359.386989
108.545000 2353.688985 2355.649695 2357.358011 2357.232942 2358.853405 2360.214595
108.620000 2354.314109 2356.583555 2358.226036 2358.150591 2359.830386 2361.237773
108.695000 2355.180958 2357.457855 2359.151699 2359.052469 2360.727462 2362.184853
108.770000 2355.946113 2358.292244 2360.110752 2359.939589 2361.566282 2363.007381
108.845000 2356.957218 2359.215140 2360.957826 2360.806631 2362.427001 2363.815672
108.920000 2357.836886 2360.164621 2361.816551 2361.677283 2363.262094 2364.673797
109.026667 2359.125726 2361.383673 2362.946203 2362.847513 2364.405973 2365.974157
109.133333 2360.558741 2362.473226 2364.156379 2364.030613 2365.580054 2367.055411
109.240000 2361.640658 2363.691128 2365.303329 2365.206935 2366.729772 2368.083575
109.315000 2362.574164 2364.553092 2366.236627 2366.087574 2367.584673 2368.898663
109.390000 2363.451043 2365.509326 2367.115682 2366.971295 2368.425016 2369.711814
109.465000 2364.318387 2366.363112 2367.998726 2367.876917 2369.357947 2370.711866
109.540000 2365.324728 2367.268615 2368.912140 2368.806038 2370.291552 2371.641442
109.615000 2366.379846 2368.277401 2369.849117 2369.787949 2371.224383 2372.872060
109.690000 2367.362316 2369.256863 2370.864493 2370.791710 2372.224404 2374.147010
109.765000 2368.417220 2370.282295 2371.846204 2371.856492 2373.407614 2375.296196
109.840000 2369.534250 2371.184021 2372.898183 2372.942649 2374.566500 2376.661096
109.915000 2370.520325 2372.234383 2373.900607 2374.052709 2375.840514 2378.366905
109.990000 2371.836290 2373.358659 2375.019032 2375.242930 2377.095570 2380.101790
110.070000 2373.001935 2374.570169 2376.313905 2376.591825 2378.647695 2381.901454
110.140000 2374.132344 2375.645257 2377.465601 2377.826461 2379.956112 2383.504429
110.220000 2375.477542 2376.993737 2379.199736 2379.458025 2381.839349 2384.965061
110.290000 2376.488943 2378.165435 2380.617317 2380.916341 2383.565601 2386.577961
110.365000 2377.819304 2379.719469 2382.281562 2382.505312 2385.233295 2389.207345
110.440000 2379.317415 2381.307517 2384.087982 2384.250226 2387.144950 2390.990681
110.515000 2380.554068 2382.931346 2386.031901 2386.180672 2389.264435 2393.142959
110.590000 2381.930916 2384.679060 2388.043766 2388.118832 2391.515056 2395.043093
110.665000 2383.482771 2386.354827 2389.803425 2389.939346 2393.516870 2397.498072
110.740000 2385.478586 2388.371672 2391.693652 2391.782760 2395.274737 2398.865830
110.815000 2388.069191 2390.498964 2393.820035 2393.914513 2397.206478 2400.992014
110.890000 2390.369520 2392.992555 2396.041314 2396.077254 2399.170678 2402.837860
110.965000 2392.037358 2394.941635 2398.081207 2398.123464 2401.263268 2405.183730
111.040000 2393.868686 2396.878202 2400.129823 2400.200765 2403.548518 2407.133400
111.115000 2396.045327 2399.079734 2402.430461 2402.605890 2406.145521 2409.864955
111.190000 2398.320890 2401.622858 2405.011871 2405.041951 2408.472429 2412.056133
111.265000 2400.489005 2404.160102 2407.747126 2407.685719 2411.248559 2414.797406
111.340000 2402.914827 2406.607807 2410.427328 2410.341437 2414.159381 2417.348587
111.415000 2405.176665 2408.999332 2412.828026 2412.728818 2416.481130 2419.656807
111.490000 2407.371492 2411.455830 2415.212223 2415.046032 2418.875202 2421.398634
111.565000 2409.155824 2413.497708 2417.622618 2417.254414 2420.919641 2423.720471
111.640000 2410.907663 2415.729991 2419.819815 2419.351990 2422.909971 2425.247896
111.715000 2412.745292 2417.951640 2421.741688 2421.216326 2424.517316 2426.471823
111.790000 2415.737617 2420.158204 2423.538576 2423.020662 2425.902027 2427.661950
111.865000 2418.545252 2422.116241 2425.262004 2424.719953 2427.211378 2429.000685
111.940000 2421.504524 2424.334276 2426.948782 2426.564633 2428.717809 2430.344733
112.015000 2423.968802 2426.533903 2428.682364 2428.586704 2430.602601 2432.833301
112.090000 2426.809498 2428.831689 2430.543578 2430.625326 2432.400641 2434.958406
112.165000 2428.974591 2430.633957 2432.450802 2432.597396 2434.554691 2437.218841
112.240000 2430.672057 2432.316261 2434.344218 2434.504111 2436.735925 2439.112865
112.340000 2432.293914 2434.096975 2436.435629 2436.635973 2439.055643 2442.412592
112.440000 2433.572170 2435.833306 2438.546277 2438.675817 2441.478734 2444.417647
112.540000 2435.174948 2437.731841 2440.674441 2440.727857 2443.649148 2447.196641
112.615000 2436.448593 2439.228341 2442.136867 2442.350389 2445.584792 2449.486532
112.690000 2437.822204 2440.727200 2443.730829 2444.047363 2447.405157 2451.704548
112.765000 2439.604793 2442.779220 2446.130416 2446.285142 2449.754342 2454.165664
112.840000 2442.072103 2444.872453 2448.501946 2448.699496 2452.451255 2456.766582
112.980000 2448.651742 2452.972771 2457.368243 2457.615705 2462.558956 2466.296038
112.990000 2448.843474 2453.213820 2457.679652 2457.896699 2462.838749 2466.611211
113.130000 2456.338439 2459.685958 2463.936175 2463.728994 2467.830405 2470.131491
113.140000 2456.606824 2460.023254 2464.259306 2463.991312 2468.003700 2470.437175
113.280000 2459.742196 2463.782022 2468.695115 2467.921720 2471.566693 2473.703437
113.290000 2459.895573 2464.034434 2468.884143 2468.167543 2471.773274 2473.892712
113.430000 2464.498214 2469.747149 2473.204751 2472.576444 2475.330907 2477.244758
113.440000 2464.824782 2470.061469 2473.411164 2472.834265 2475.613086 2477.485280
113.580000 2471.961613 2475.185135 2477.334828 2477.197021 2479.442973 2481.026194
113.590000 2472.203819 2475.449916 2477.567772 2477.442970 2479.729196 2481.243625
113.730000 2477.756762 2479.743428 2481.533327 2481.407910 2483.029743 2484.122811
113.740000 2477.986411 2479.972281 2481.792133 2481.632776 2483.253292 2484.378853
113.880000 2480.854356 2482.677760 2484.298518 2484.113944 2485.538097 2486.470550
113.890000 2481.051186 2482.828639 2484.468721 2484.290510 2485.695236 2486.696161
114.030000 2483.556895 2484.991138 2486.405125 2486.345838 2487.664526 2488.800070
114.105000 2484.707889 2486.206649 2487.623343 2487.587806 2488.939881 2490.299163
114.180000 2485.991782 2487.479823 2488.838466 2488.876123 2490.210958 2491.776146
114.255000 2487.509676 2488.711892 2490.177046 2490.291989 2491.852164 2493.960014
114.330000 2488.844838 2490.023210 2491.548634 2491.726161 2493.345668 2495.668892
114.405000 2490.165333 2491.421476 2493.172184 2493.332913 2495.163729 2497.478949
114.480000 2491.294900 2492.919618 2494.793808 2494.898048 2496.911985 2499.315490
114.555000 2492.774015 2494.522079 2496.551961 2496.712934 2499.000047 2501.493718
114.630000 2494.323470 2496.274031 2498.435478 2498.601361 2501.105708 2503.269014
114.705000 2495.821568 2497.781778 2500.221490 2500.274926 2502.853346 2504.867930
114.780000 2497.020649 2499.430535 2502.067983 2501.933353 2504.468158 2506.210804
114.855000 2498.638830 2501.096755 2503.785041 2503.601513 2506.046366 2507.656883
114.930000 2500.183949 2502.907204 2505.531180 2505.267061 2507.613035 2509.030821
115.005000 2501.808940 2504.602394 2507.014646 2506.868298 2509.078518 2510.447132
115.080000 2503.898208 2506.568624 2508.874302 2508.512294 2510.394694 2511.837931
115.155000 2505.944618 2508.237416 2510.326481 2510.044032 2511.744171 2512.970346
115.230000 2508.163283 2510.127542 2511.805260 2511.610560 2513.075813 2514.118990
115.305000 2510.043067 2511.856707 2513.258660 2513.122871 2514.424413 2515.618158
115.380000 2511.752058 2513.418619 2514.579734 2514.535848 2515.674422 2516.937965
115.455000 2513.489551 2514.728768 2515.884376 2515.897590 2516.980455 2518.671024
115.530000 2514.837917 2516.005357 2517.071069 2517.146918 2518.280240 2519.849483
115.605000 2515.944945 2517.010215 2518.094032 2518.179274 2519.360765 2520.894059
115.680000 2517.027265 2517.981858 2519.109329 2519.202521 2520.445834 2522.061293
115.755000 2518.061648 2518.995980 2520.099557 2520.215668 2521.462576 2522.932268
115.830000 2519.033981 2519.961377 2521.127955 2521.237068 2522.486296 2524.127775
115.905000 2519.937229 2520.961072 2522.194098 2522.294285 2523.594509 2525.435884
115.980000 2520.844134 2522.024889 2523.264483 2523.378563 2524.666076 2526.754896
116.055000 2521.818250 2523.074784 2524.311690 2524.426507 2525.777505 2527.698222
116.130000 2522.825669 2524.089260 2525.359236 2525.462101 2526.924088 2528.574168
116.205000 2523.856944 2525.093886 2526.434493 2526.505752 2528.048299 2529.592140
116.280000 2524.798013 2526.127577 2527.495284 2527.592329 2529.164413 2530.649040
116.355000 2525.902970 2527.181950 2528.649039 2528.747069 2530.409468 2531.735023
116.430000 2527.224168 2528.438102 2529.964990 2530.015734 2531.649088 2533.073082
116.505000 2528.350643 2529.850111 2531.362505 2531.430141 2533.105169 2534.790460
116.580000 2529.605551 2531.303765 2532.810150 2532.898769 2534.574474 2536.249691
116.655000 2531.098004 2532.703678 2534.399875 2534.491554 2536.344735 2538.194958
116.730000 2532.725318 2534.395606 2536.130418 2536.181096 2537.973689 2540.000477
116.805000 2534.501998 2536.252260 2538.174155 2538.244942 2540.242019 2542.596988
116.880000 2536.595443 2538.493877 2540.158874 2540.311483 2542.191155 2544.816984
116.955000 2537.957320 2540.174963 2541.893287 2542.018587 2544.091122 2546.600411
117.030000 2539.596606 2541.595930 2543.376099 2543.569832 2545.704132 2548.231948
117.105000 2541.134230 2542.820134 2544.677032 2544.932429 2547.174022 2549.622936
117.180000 2542.527086 2543.991401 2545.915214 2546.173157 2548.484604 2550.746441
117.255000 2543.548830 2545.146102 2547.211133 2547.385912 2549.764761 2551.957391
117.330000 2544.484474 2546.140855 2548.403263 2548.554306 2551.152229 2553.138054
117.405000 2545.424009 2547.299745 2549.567888 2549.691743 2552.295498 2554.141097
117.480000 2546.635438 2548.431497 2550.766905 2550.833747 2553.448278 2555.065893
117.555000 2547.607327 2549.504180 2551.915986 2551.986227 2554.552878 2556.260826
117.630000 2548.627353 2550.597354 2553.048079 2553.120873 2555.767523 2557.536921
117.705000 2549.860402 2551.771934 2554.126199 2554.200902 2556.811324 2558.667409
117.780000 2550.996419 2552.844876 2555.167489 2555.293914 2557.818441 2559.881546
117.855000 2552.205299 2554.068218 2556.461384 2556.507580 2558.964793 2561.013137
117.930000 2553.489763 2555.379015 2557.860090 2557.797801 2560.152699 2562.179841
118.005000 2554.693189 2556.769264 2559.260134 2559.140496 2561.469101 2563.363234
118.080000 2556.048187 2558.187436 2560.676483 2560.517290 2562.774465 2564.373330
118.155000 2557.144398 2559.453993 2561.928445 2561.781668 2564.017468 2565.685017
118.230000 2558.345301 2560.808890 2563.193623 2563.038447 2565.182231 2566.844425
118.305000 2559.202802 2561.947884 2564.451294 2564.227744 2566.314100 2567.986704
118.380000 2560.817637 2563.362292 2565.670583 2565.454920 2567.483726 2569.245479
118.455000 2561.898455 2564.543906 2566.951539 2566.644606 2568.558617 2570.343268
118.530000 2563.340436 2565.896945 2568.094434 2567.846126 2569.632119 2571.310809
118.660000 2565.153750 2568.308097 2570.043749 2569.829606 2571.350696 2573.214766
118.680000 2565.597361 2568.644337 2570.357819 2570.155998 2571.700604 2573.490966
118.810000 2568.428021 2570.634965 2572.077088 2571.985879 2573.331956 2575.197955
118.830000 2568.745182 2571.022676 2572.377365 2572.304880 2573.661197 2575.379828
118.960000 2570.744103 2572.887336 2574.152336 2574.211989 2575.602851 2577.709128
118.980000 2571.026893 2573.199878 2574.461400 2574.550225 2575.937321 2578.280845
119.110000 2573.019799 2574.961312 2576.218406 2576.498153 2578.216135 2581.146772
119.130000 2573.558745 2575.280579 2576.523828 2576.846052 2578.552672 2581.453158
119.260000 2575.649725 2577.186488 2578.724852 2579.221602 2581.318455 2585.271475
119.280000 2576.084920 2577.527658 2579.128176 2579.614185 2581.756987 2585.708857
119.410000 2578.107935 2579.564761 2581.887451 2582.172891 2584.811342 2588.108765
119.485000 2579.221013 2580.932511 2583.549798 2583.754851 2586.554451 2589.328727
119.560000 2580.333468 2582.408489 2585.261892 2585.367669 2588.231418 2590.663278
119.635000 2581.555915 2584.047488 2587.073295 2586.934864 2589.745998 2591.904117
119.710000 2583.010016 2585.913377 2588.654857 2588.508994 2591.071002 2593.091867
119.785000 2584.406282 2587.819544 2590.248166 2590.044520 2592.400719 2594.282013
119.860000 2586.091492 2589.336523 2591.658971 2591.489808 2593.737296 2595.722657
119.935000 2587.702527 2590.677234 2593.057579 2592.947514 2595.244367 2597.195031
120.010000 2589.703676 2592.198811 2594.429016 2594.376062 2596.567395 2598.531174
120.085000 2591.043982 2593.448217 2595.720925 2595.667884 2597.935261 2599.910891
120.160000 2592.589119 2594.701142 2597.047538 2596.960323 2599.202903 2601.167304
120.235000 2593.801927 2596.001369 2598.233567 2598.253292 2600.538204 2602.662326
120.310000 2594.748780 2597.153507 2599.460427 2599.454050 2601.826503 2604.249232
120.385000 2595.721481 2598.155031 2600.606259 2600.563080 2602.941310 2605.309405
120.460000 2596.913450 2599.167213 2601.586693 2601.623790 2604.024304 2606.392778
120.535000 2598.139441 2600.276698 2602.719273 2602.697816 2605.025138 2607.620900
120.610000 2599.145403 2601.366693 2603.786813 2603.779566 2606.191380 2608.574147
120.685000 2600.189195 2602.414378 2604.957514 2604.891826 2607.300665 2609.624049
120.760000 2601.085484 2603.328883 2606.038853 2605.949031 2608.403070 2610.592251
120.835000 2602.091712 2604.356866 2607.020395 2606.955342 2609.405812 2611.573752
120.910000 2603.471065 2605.499818 2608.028704 2607.949024 2610.355122 2612.599029
120.985000 2604.540612 2606.577549 2609.010131 2609.025412 2611.443566 2613.594150
121.060000 2605.895138 2607.815647 2609.993705 2610.104294 2612.459017 2614.744544
121.135000 2606.785414 2608.972268 2611.072911 2611.188975 2613.527339 2615.816485
121.210000 2607.888559 2609.962037 2612.182468 2612.272266 2614.645051 2617.032980
121.285000 2608.963356 2611.019660 2613.309154 2613.369573 2615.774354 2618.242861
121.360000 2609.998370 2612.200676 2614.445844 2614.538014 2616.879270 2619.517880
121.380000 2610.350917 2612.578684 2614.800789 2614.903016 2617.239483 2619.868036
121.510000 2613.023131 2614.977165 2617.140126 2617.275212 2619.617442 2622.192215
121.585000 2614.123694 2616.164250 2618.474958 2618.614925 2621.072267 2623.825462
121.660000 2615.324202 2617.531760 2619.808296 2620.010634 2622.638665 2625.028821
121.735000 2616.516309 2618.777054 2621.185162 2621.374558 2624.155321 2626.690311
121.810000 2617.799952 2620.006089 2622.712443 2622.780895 2625.599015 2627.844790
121.885000 2619.013813 2621.264399 2624.152424 2624.145193 2627.053168 2629.451117
121.960000 2620.161680 2622.490207 2625.653764 2625.521189 2628.382097 2631.037554
122.035000 2621.394978 2623.816660 2627.050272 2626.939740 2629.756096 2632.378686
122.110000 2622.917980 2625.373475 2628.564867 2628.372493 2631.039161 2633.696532
122.185000 2624.166948 2626.928753 2629.942117 2629.777770 2632.479969 2634.793444
122.260000 2625.727628 2628.462800 2631.354785 2631.200543 2633.957404 2635.838458
122.335000 2627.153171 2629.785294 2632.631654 2632.493918 2635.100938 2637.024417
122.410000 2628.688204 2631.450512 2633.943889 2633.857914 2636.347137 2638.101470
122.485000 2630.389276 2632.875394 2635.286522 2635.189481 2637.575467 2639.266712
122.560000 2632.038084 2634.504705 2636.649679 2636.536209 2638.619507 2640.272218
122.635000 2633.360504 2635.760398 2637.927116 2637.856305 2639.908725 2641.735168
122.710000 2634.970808 2637.165452 2639.170807 2639.118254 2641.072425 2642.902305
122.785000 2636.144671 2638.448306 2640.337885 2640.350849 2642.289757 2644.344706
122.860000 2637.348709 2639.795817 2641.502631 2641.559759 2643.563841 2645.480780
122.935000 2638.464880 2640.840812 2642.668040 2642.692097 2644.706356 2646.486518
123.010000 2639.679494 2641.897613 2643.804838 2643.823154 2645.866592 2647.578154
123.085000 2640.701590 2643.098304 2644.976803 2644.958454 2646.938328 2648.507415
123.160000 2642.344468 2644.293307 2646.132842 2646.081803 2647.941527 2649.416215
123.235000 2643.596601 2645.476925 2647.382328 2647.307058 2649.139497 2650.657563
123.310000 2645.027532 2646.782718 2648.576786 2648.526960 2650.307061 2651.842710
123.385000 2646.198286 2648.101588 2649.867721 2649.880107 2651.680957 2653.215064
123.460000 2647.693140 2649.480058 2651.188012 2651.229590 2652.979173 2654.911401
123.535000 2648.973282 2650.719635 2652.517496 2652.553926 2654.225001 2656.685428
123.610000 2650.374473 2651.945947 2653.792322 2653.818429 2655.446337 2657.975642
123.680000 2651.654448 2652.975712 2654.861327 2654.895351 2656.538009 2658.936674
123.760000 2652.784235 2654.348338 2656.192814 2656.209041 2657.906977 2660.338365
123.835000 2653.735744 2655.329994 2657.266460 2657.358140 2659.272541 2661.817799
123.910000 2654.617372 2656.400208 2658.267764 2658.458605 2660.507257 2663.232514
123.985000 2655.453562 2657.410923 2659.310012 2659.534003 2661.724444 2664.603279
124.060000 2656.384854 2658.438058 2660.380631 2660.646334 2663.106279 2665.828478
124.130000 2657.103816 2659.412621 2661.346610 2661.693371 2664.343787 2667.078056
124.210000 2658.174894 2660.393190 2662.549174 2662.866486 2665.615672 2668.466670
124.280000 2659.079521 2661.295003 2663.642135 2663.915230 2666.737895 2669.421776
124.360000 2659.931850 2662.352972 2664.930683 2665.118799 2667.981292 2670.624764
124.430000 2660.823648 2663.415453 2665.986348 2666.203090 2669.085050 2671.761035
124.510000 2661.639792 2664.522807 2667.296293 2667.398818 2670.399477 2673.001082
124.580000 2662.743148 2665.478126 2668.556744 2668.512583 2671.638564 2673.865912
124.660000 2663.887552 2666.572344 2669.867230 2669.744431 2672.839858 2675.009842
124.730000 2664.795947 2667.718282 2670.975828 2670.793976 2673.858402 2676.126198
124.810000 2666.126650 2669.083852 2672.155799 2671.988907 2674.919226 2677.029167
124.880000 2667.042366 2670.173033 2673.142142 2673.016397 2675.795741 2677.997805
124.960000 2668.553129 2671.492171 2674.220776 2674.207794 2676.929706 2679.079573
125.030000 2669.869665 2672.766341 2675.350910 2675.295358 2677.877070 2679.771818
125.105000 2671.132973 2673.951573 2676.598264 2676.493602 2678.985596 2680.927542
125.180000 2672.210072 2675.186483 2677.742163 2677.667276 2680.104751 2682.017954
125.255000 2673.203377 2676.566446 2678.962087 2678.864126 2681.186572 2683.281890
125.330000 2674.945533 2677.855290 2680.296168 2680.186164 2682.321521 2684.645669
125.405000 2676.581137 2679.468562 2681.656320 2681.683290 2683.816476 2686.769068
125.480000 2678.107187 2681.005101 2683.146436 2683.179952 2685.207950 2688.755785
125.555000 2679.469314 2682.226980 2684.480144 2684.541221 2686.620808 2690.473778
125.630000 2681.091452 2683.426811 2685.622660 2685.843369 2688.344044 2692.172876
125.705000 2682.048954 2684.521060 2686.749773 2687.072740 2689.826051 2694.134727
125.780000 2683.477293 2685.633207 2687.865733 2688.349196 2691.293463 2695.997347
125.855000 2684.418325 2686.653319 2688.980472 2689.555701 2692.815714 2697.639123
125.930000 2685.308268 2687.695249 2690.072122 2690.761834 2694.098072 2699.179660
126.005000 2686.127949 2688.682267 2691.320597 2691.986927 2695.352073 2700.707424
126.080000 2687.147294 2689.711305 2692.524761 2693.198093 2696.942192 2702.293745
126.155000 2688.018805 2690.763040 2693.856837 2694.423255 2698.295227 2703.936901
126.230000 2688.974893 2691.870489 2695.179947 2695.704848 2699.774122 2705.402466
