depth(m) lower_95(kyr) lower_68(kyr) median(kyr) mean(kyr) upper_68(kyr) upper_95(kyr)
27.100000 698.669146 699.601754 700.614420 700.617422 701.626987 702.514609
27.200000 700.952137 702.269810 703.789896 704.012569 705.934718 707.845884
27.300000 703.383215 704.745401 706.905997 706.873164 708.835729 710.230400
27.400000 705.611179 707.436720 709.421824 709.185017 710.835316 712.099761
27.500000 708.243537 709.980004 711.599744 711.414172 712.786737 714.000390
27.600000 710.855825 712.294022 713.695845 713.671441 715.043130 716.453283
27.700000 712.966270 714.332255 715.684298 715.707659 717.149829 718.637786
27.800000 714.688914 716.106140 717.454898 717.505173 718.994716 720.505134
27.900000 716.292320 717.834530 719.252172 719.246841 720.699366 722.401927
28.000000 718.094050 719.649172 721.079958 721.117491 722.540460 724.204677
28.100000 720.255612 721.758679 723.158774 723.298758 724.759103 727.445066
28.140000 721.099742 722.744913 724.121581 724.304416 725.711904 728.752541
28.200000 722.539320 724.086058 725.520106 725.807250 727.185463 731.893709
28.240000 723.567826 724.909132 726.397285 726.800368 728.347160 733.307628
28.300000 724.938666 726.225227 727.602907 728.295074 730.458120 735.332177
28.340000 725.919525 727.126002 728.459712 729.315403 732.171583 736.592712
28.400000 727.086369 728.354204 729.832070 730.751765 734.358112 738.016736
28.410000 727.267323 728.570355 730.054936 730.984686 734.629517 738.225569
28.530000 729.478148 730.985983 732.931657 733.618277 736.834994 739.977804
28.650000 731.489317 733.233267 735.980482 736.227559 739.444681 741.553732
28.770000 733.864936 736.001945 739.076971 738.927258 741.667692 743.519659
28.850000 735.761468 738.056109 740.993457 740.722906 743.160150 745.000266
28.950000 738.263808 740.798574 743.174134 742.941239 745.029385 746.726921
29.050000 740.237046 743.041879 744.958134 744.869298 746.763235 748.343115
29.120000 741.700244 744.244074 746.312841 746.147485 747.993052 749.809688
29.250000 743.817971 746.269086 748.307711 748.172710 750.129035 752.098810
29.350000 745.216775 747.929597 749.808187 749.798685 751.690499 753.742956
29.460000 747.227708 749.684386 751.701380 751.617819 753.660430 755.712470
29.550000 748.893234 751.199366 753.267161 753.214339 755.227314 757.538407
29.650000 750.589029 752.963840 755.103003 755.122400 757.307264 759.820202
29.750000 752.335910 754.738428 757.010768 757.154940 759.431112 762.783012
29.850000 754.266314 756.597777 759.230190 759.367260 762.079547 765.845932
29.940000 756.215425 758.689460 761.552996 761.850572 765.070990 769.030924
30.050000 759.867162 762.635964 766.042051 766.246248 770.080445 772.833967
30.160000 764.109349 767.710504 771.471238 771.270599 774.728958 777.323126
30.240000 767.719426 771.473863 774.884240 774.545341 777.445108 780.018298
30.310000 770.337816 774.286382 777.208710 776.938892 779.741320 781.835393
30.430000 774.995364 777.963424 780.503703 780.329923 782.799520 784.653585
30.550000 778.503276 781.295003 783.720139 783.463994 785.550610 787.080695
30.650000 781.681296 784.454961 786.549411 786.293919 788.120401 789.482318
30.740000 784.950615 787.464891 789.170854 789.080143 790.782543 792.453375
30.850000 789.622574 791.318748 792.892100 792.964113 794.649328 796.635332
30.950000 791.857369 793.517379 795.197707 795.196873 796.870866 798.855377
31.050000 793.727090 795.347214 797.039690 797.073681 798.841215 800.536163
31.150000 795.548096 797.130672 798.734468 798.826398 800.658564 802.463038
31.250000 797.373563 798.730296 800.411915 800.548636 802.362765 804.214604
31.350000 798.996593 800.470356 802.251064 802.357395 804.311859 806.098474
31.450000 800.705607 802.285429 804.283491 804.323417 806.318202 808.394161
31.520000 802.071732 803.834003 806.039545 806.006339 808.143552 810.150063
31.620000 804.707122 806.519679 809.027319 808.966869 811.181123 813.501240
31.740000 808.484230 810.997699 813.416020 813.419919 815.846194 818.653629
31.840000 811.677605 813.879533 816.273747 816.395633 818.733999 821.937428
31.930000 813.477156 816.178819 818.676555 818.760476 821.188546 824.761015
32.040000 815.977467 818.412204 821.131463 821.249224 823.752384 828.202274
32.150000 818.013795 820.510802 823.519895 823.662310 826.721346 830.542102
32.250000 819.972828 822.504237 825.528442 825.771482 829.118088 832.886159
32.350000 822.015271 824.565690 827.607672 827.894109 831.434950 835.012285
32.450000 823.955715 826.714108 829.808127 830.145364 833.892915 837.310222
32.550000 825.642777 828.949949 832.115346 832.370153 836.201557 839.254995
32.650000 827.928479 831.152624 834.681897 834.636697 838.242149 841.394729
32.750000 830.329479 833.634980 837.161278 837.045395 840.511488 843.451150
32.850000 832.453203 836.321034 839.762432 839.552412 842.712789 845.518598
32.950000 835.384328 838.928883 842.249918 842.041962 845.111682 847.858852
33.050000 838.134450 841.471603 844.474395 844.410522 847.333588 850.097809
33.150000 840.544105 843.873517 846.767028 846.675555 849.531787 852.125569
33.250000 842.536262 846.022796 848.941300 848.783002 851.621428 854.093638
33.340000 844.389959 847.823031 850.872815 850.678346 853.573295 855.872127
33.430000 846.614847 849.855258 852.919324 852.682101 855.392055 857.576441
33.550000 849.568329 852.964143 855.785266 855.535949 858.226233 859.811483
33.650000 852.216100 855.664493 858.196382 857.939703 860.291880 861.686676
33.750000 855.108138 858.155611 860.677912 860.370700 862.463417 863.829009
33.850000 858.062309 860.848610 862.964067 862.639548 864.295401 865.442883
33.950000 862.936651 864.513764 865.593292 865.526343 866.596821 867.622868
34.050000 865.948792 866.921696 867.873011 867.960498 869.059896 870.284323
34.150000 867.802516 868.790193 869.755124 869.915872 871.133009 872.512382
34.250000 869.406125 870.418473 871.620333 871.710804 872.976517 874.411533
34.350000 871.019729 871.968810 873.246787 873.377233 874.759585 876.239879
34.450000 872.392652 873.637337 875.008273 875.073788 876.496670 878.251094
34.550000 873.979456 875.258466 876.853130 876.929003 878.500365 880.625985
34.670000 876.031022 877.421966 879.212937 879.360190 881.378995 883.872518
34.700000 876.562163 878.082411 879.895979 880.089489 882.212409 884.713678
34.750000 877.478585 879.120952 881.075762 881.287653 883.529431 886.161646
34.800000 878.259570 880.298653 882.407232 882.599814 884.966190 887.378680
34.850000 879.066015 881.498833 883.740778 883.898271 886.433328 888.741017
34.900000 880.190381 882.725329 885.320329 885.334887 887.994792 890.206410
34.930000 880.992130 883.699149 886.160358 886.184664 888.832242 890.891290
35.030000 883.468991 886.545501 889.196009 888.975254 891.399160 893.415599
35.050000 883.816905 887.096223 889.829900 889.542013 892.008750 893.903727
35.100000 885.453443 888.825715 891.322543 891.035510 893.289924 894.944737
35.150000 887.397258 890.495875 892.863946 892.610474 894.811531 896.273613
35.200000 889.245668 892.386133 894.710819 894.429429 896.498613 898.167817
35.250000 891.499668 894.336099 896.522325 896.306426 898.310653 899.756820
35.300000 893.783844 896.381798 898.394889 898.190103 900.024032 901.648726
35.350000 896.072811 898.698509 900.404775 900.253258 901.773893 903.247932
35.360000 896.386250 899.002967 900.715728 900.539700 902.053501 903.542167
35.450000 899.101120 901.359227 902.849455 902.902003 904.475896 906.737745
35.500000 900.556053 902.503314 904.034716 904.155198 905.820746 908.086257
35.550000 902.180571 903.605872 905.295398 905.416868 907.276488 909.621353
35.600000 903.411217 904.797422 906.409402 906.663920 908.605288 911.352970
35.650000 904.352304 905.912731 907.661407 907.913721 910.033981 912.662484
35.730000 906.292880 907.716634 909.683630 909.880822 912.222925 914.418160
35.750000 906.759369 908.193090 910.223592 910.429590 912.804435 914.924679
35.800000 908.113555 909.805918 912.069185 912.074101 914.391743 916.025146
35.850000 909.277610 911.361025 913.972074 913.773457 916.005527 917.680161
35.880000 910.332858 912.487703 914.910880 914.682981 916.669180 918.334688
36.000000 915.100690 916.712064 918.253424 918.166654 919.494843 921.035088
36.050000 916.433648 917.979314 919.414017 919.380986 920.711321 922.133408
36.100000 917.691704 919.098463 920.543626 920.504597 921.848896 923.152690
36.150000 918.878182 920.242927 921.654450 921.622862 922.906937 924.351188
36.200000 919.901598 921.372952 922.753822 922.734772 924.060446 925.453105
36.250000 920.869461 922.575364 923.920167 923.899470 925.272804 926.837544
36.300000 922.148816 923.607132 925.109856 925.091354 926.580579 928.230770
36.350000 923.652623 925.006826 926.362963 926.510984 928.043586 930.188450
36.410000 925.206950 926.641521 928.208995 928.428584 930.368484 932.545135
36.430000 925.650929 927.175860 928.834053 929.013336 931.047113 933.176926
36.500000 927.157223 928.703638 930.735248 930.882860 933.106298 934.871780
36.550000 928.167834 929.929373 932.259285 932.240112 934.570970 936.352201
36.600000 929.234338 931.285002 933.721412 933.574924 935.814042 937.411575
36.650000 930.467498 932.600869 935.183801 934.905570 937.032351 938.575225
36.700000 931.786222 934.141954 936.575365 936.315077 938.281302 939.874347
36.750000 933.013118 935.514843 937.769979 937.629646 939.590252 941.385207
36.800000 934.658919 936.981375 939.082365 938.999011 941.015770 942.669354
36.850000 935.904454 938.260806 940.344979 940.224558 942.195742 943.826407
36.920000 938.175609 940.254023 942.191850 942.055428 943.933193 945.422698
37.000000 940.377314 942.264872 944.112178 944.050928 945.871556 947.216048
37.050000 941.734514 943.639354 945.489495 945.319312 947.016794 948.162295
37.100000 943.342634 945.130833 946.834715 946.706416 948.199539 949.254629
37.150000 945.236181 946.623370 948.125827 948.005687 949.286290 950.350504
37.230000 947.540399 948.804110 949.903017 949.890456 950.982168 951.978519
37.250000 948.107815 949.350278 950.444547 950.401329 951.439435 952.518428
37.300000 949.347488 950.545025 951.589830 951.560667 952.621936 953.490489
37.360000 950.515405 951.575708 952.705187 952.654251 953.707679 954.598249
37.410000 951.349242 952.486597 953.603715 953.566964 954.638700 955.425804
37.450000 952.144349 953.237694 954.336917 954.306540 955.358376 956.139970
37.500000 952.941441 954.180181 955.242637 955.158142 956.150784 956.879904
37.550000 953.935658 955.146902 956.169000 956.053149 956.917763 957.633020
37.600000 955.199749 956.248537 957.090863 957.017449 957.792984 958.433218
37.650000 956.799843 957.534348 958.148952 958.136236 958.762436 959.411667
37.750000 959.140446 959.720517 960.398097 960.548389 961.374493 962.839084
37.850000 960.937750 961.657941 962.543694 962.704592 963.839538 965.339016
37.950000 962.574318 963.383645 964.413030 964.632761 965.914935 967.511180
38.020000 963.577176 964.585893 965.897754 966.122511 967.706330 970.031498
38.150000 965.633768 966.880418 968.637252 969.561152 971.820847 981.472127
38.250000 967.288295 968.715081 970.840717 972.360727 976.429453 984.596732
38.330000 968.789900 970.364239 973.220864 974.800280 980.427256 986.718112
38.430000 970.713469 972.811969 977.488065 978.196710 983.788726 988.727050
38.550000 972.940009 976.525688 982.857473 982.366129 987.090390 991.334181
38.650000 975.127964 980.393834 985.699996 985.251949 989.713828 993.489963
38.750000 978.001835 983.247163 988.095092 987.788108 992.196915 995.919918
38.860000 982.490580 986.521869 990.586553 990.594225 994.956312 998.549678
38.950000 985.490730 988.772908 992.745521 992.854407 997.052691 1000.605749
39.050000 988.043836 991.603227 995.572357 995.445925 999.147725 1002.314862
39.150000 990.893087 994.526987 998.342728 998.088917 1001.581339 1004.428929
39.250000 993.845401 997.593242 1001.255098 1000.990171 1004.266879 1007.557398
39.350000 996.646271 1000.784556 1003.933111 1003.776478 1006.822516 1009.827150
39.460000 1000.001841 1003.760267 1006.702359 1006.568263 1009.538366 1012.346582
39.570000 1003.563741 1006.667550 1009.347254 1009.296445 1011.835581 1014.691390
39.650000 1006.292962 1009.020969 1011.477733 1011.468614 1013.925129 1016.922781
39.750000 1009.261055 1011.831953 1014.338591 1014.494926 1017.108304 1020.446811
39.830000 1011.150690 1014.133352 1016.711339 1016.828064 1019.574409 1022.770400
39.920000 1013.231032 1016.337959 1019.223660 1019.179415 1022.262466 1024.802649
40.050000 1016.557614 1019.565937 1022.829103 1022.572759 1025.517388 1027.255304
40.150000 1019.135733 1022.403017 1025.510359 1025.134766 1027.757218 1029.263331
40.250000 1021.802444 1025.732591 1028.178028 1027.722013 1029.732174 1030.991555
40.350000 1025.826001 1028.868214 1030.528314 1030.274451 1031.754267 1032.905798
40.450000 1030.621728 1031.793433 1033.008081 1033.115453 1034.445371 1036.395188
40.550000 1032.604291 1033.800914 1035.186489 1035.373807 1036.947156 1039.479470
40.630000 1033.961898 1035.221556 1036.792609 1036.979364 1038.722336 1041.066253
40.750000 1035.895915 1037.188119 1039.067508 1039.288449 1041.387827 1043.722174
40.850000 1037.418420 1039.033639 1041.058193 1041.264331 1043.602169 1045.817955
40.950000 1039.274921 1040.892024 1043.120592 1043.468301 1046.190089 1048.705152
41.010000 1040.313755 1042.134130 1044.448788 1044.748621 1047.488635 1050.310312
41.150000 1042.517688 1044.609350 1047.533002 1047.596109 1050.519726 1053.470185
41.250000 1043.989145 1046.492209 1049.813470 1049.833405 1052.962896 1056.274454
41.330000 1045.644780 1048.573710 1051.954707 1051.878017 1055.231798 1058.070106
41.420000 1047.871572 1051.014010 1054.789137 1054.517343 1057.927902 1060.265854
41.550000 1051.470866 1056.082682 1059.539743 1059.074794 1062.033440 1063.751851
41.650000 1059.460745 1063.015638 1064.822121 1064.582523 1066.341240 1067.742757
41.750000 1064.559590 1065.999774 1067.491219 1067.453071 1068.846306 1070.531600
41.850000 1066.591236 1068.022764 1069.590813 1069.594335 1071.157823 1072.751647
41.950000 1068.276520 1069.866742 1071.626081 1071.562444 1073.276458 1074.785089
42.050000 1070.010159 1071.762485 1073.598252 1073.482127 1075.164686 1076.669077
42.150000 1072.025567 1073.996366 1075.508522 1075.425804 1076.862832 1078.342205
42.250000 1074.618905 1076.168300 1077.621499 1077.559314 1078.884135 1080.515922
42.350000 1077.110622 1078.241802 1079.710688 1079.748375 1081.281122 1082.885846
42.450000 1078.844622 1080.301020 1082.041892 1082.144963 1083.951928 1086.080884
42.520000 1080.499626 1081.749107 1083.793843 1083.900681 1085.804097 1088.316655
42.650000 1082.646132 1084.463785 1086.698942 1086.722529 1088.961935 1091.068749
42.750000 1084.521376 1086.402177 1088.746255 1088.812128 1091.135090 1093.216889
42.830000 1086.053705 1088.085813 1090.530169 1090.523828 1092.905102 1095.406201
42.920000 1087.771913 1089.816837 1092.094501 1092.265701 1094.653855 1097.010372
43.050000 1090.380208 1092.329515 1094.701292 1094.721042 1097.075986 1099.545395
43.150000 1092.473655 1094.379959 1096.664360 1096.739021 1099.077846 1100.949847
43.250000 1094.789420 1096.672319 1098.890587 1098.798644 1100.837851 1102.807868
43.350000 1097.067020 1099.117326 1101.313049 1101.230046 1103.300796 1105.183429
43.450000 1100.003510 1102.153146 1103.955201 1103.933784 1105.783459 1107.668265
43.550000 1103.284030 1104.896676 1106.606278 1106.581494 1108.300586 1109.994876
43.650000 1105.684064 1107.223786 1108.892345 1108.880279 1110.452347 1111.900852
43.750000 1107.712816 1109.639162 1111.369094 1111.326448 1113.027636 1114.588331
43.850000 1110.751386 1112.660496 1114.287763 1114.306712 1115.908909 1117.635405
43.950000 1113.460393 1115.120724 1116.693704 1116.666622 1118.207710 1119.758682
44.010000 1114.854034 1116.396133 1117.824146 1117.865873 1119.460942 1120.854265
44.150000 1117.147495 1118.879227 1120.226718 1120.195381 1121.634320 1122.878765
44.200000 1118.163040 1119.850388 1121.184591 1121.160798 1122.484662 1123.837878
44.250000 1119.604905 1120.860371 1122.137298 1122.126287 1123.440698 1124.853230
44.300000 1120.562993 1121.798917 1123.028219 1123.058141 1124.346227 1125.652850
44.330000 1121.230066 1122.424214 1123.648190 1123.658935 1124.886350 1126.239186
44.380000 1122.183145 1123.341245 1124.501619 1124.543153 1125.754823 1127.119805
44.420000 1122.908847 1124.020650 1125.176625 1125.229984 1126.449683 1127.813961
44.530000 1124.593877 1125.705730 1126.907156 1126.982913 1128.309550 1129.631370
44.550000 1125.029499 1126.048019 1127.290418 1127.364740 1128.732239 1130.092883
44.600000 1125.902300 1126.957703 1128.193216 1128.306006 1129.694714 1130.944325
44.650000 1126.760267 1127.862742 1129.262404 1129.322011 1130.830434 1132.093147
44.700000 1127.633632 1128.765441 1130.289346 1130.331545 1131.896427 1133.128678
44.750000 1128.475199 1129.684417 1131.264105 1131.276945 1132.810705 1134.100706
44.800000 1129.408442 1130.665546 1132.231768 1132.229302 1133.778353 1135.020857
44.850000 1130.323114 1131.719031 1133.384989 1133.261137 1134.756370 1135.872589
44.910000 1131.716962 1133.198602 1134.802774 1134.689825 1136.077241 1137.246057
44.950000 1132.625014 1134.340165 1135.830403 1135.768286 1137.197193 1138.538403
45.020000 1134.080343 1136.000015 1137.522915 1137.469142 1138.948516 1140.647611
45.050000 1134.846848 1136.666263 1138.231959 1138.187200 1139.737446 1141.322130
45.100000 1135.879450 1137.689061 1139.283484 1139.269536 1140.851992 1142.564696
45.150000 1136.664324 1138.647462 1140.240096 1140.270332 1141.918402 1143.803484
45.230000 1138.044160 1140.113851 1141.737458 1141.791117 1143.634667 1145.545204
45.300000 1139.205650 1141.278698 1143.061211 1143.134971 1145.153102 1146.866065
45.410000 1141.025326 1143.140050 1145.145408 1145.181588 1147.295911 1149.116536
45.510000 1142.765261 1144.801100 1146.990109 1147.037037 1149.242744 1151.063862
45.600000 1144.286484 1146.439636 1148.718825 1148.664341 1150.833069 1152.573025
45.700000 1146.155621 1148.307765 1150.445231 1150.466441 1152.759949 1154.348351
45.800000 1147.932405 1150.136022 1152.314371 1152.254434 1154.408202 1155.973157
45.910000 1150.160379 1152.303458 1154.435026 1154.293487 1156.221283 1157.741626
46.000000 1151.865679 1154.135135 1156.160823 1156.021699 1157.887432 1159.562745
46.100000 1154.127920 1156.103027 1158.107004 1158.011000 1159.821302 1161.474144
46.200000 1156.031909 1158.277955 1160.008343 1159.904391 1161.574133 1163.344466
46.300000 1158.200942 1160.093814 1161.838029 1161.751722 1163.406687 1164.993997
46.350000 1159.202069 1161.109620 1162.794659 1162.735925 1164.359435 1166.020617
46.410000 1160.378140 1162.356397 1164.026116 1163.986835 1165.565636 1167.243287
46.450000 1161.334755 1163.281107 1164.879700 1164.832460 1166.518279 1168.139659
46.510000 1162.372682 1164.425180 1166.086988 1166.057795 1167.632003 1169.498141
46.550000 1163.361873 1165.329567 1166.911847 1166.907044 1168.600279 1170.235398
46.600000 1164.424236 1166.416975 1168.012369 1168.004953 1169.681967 1171.716579
46.650000 1165.487674 1167.488534 1169.100326 1169.119586 1170.809634 1172.861271
46.730000 1167.084185 1169.068452 1170.873860 1170.953067 1172.776415 1175.453579
46.750000 1167.527287 1169.479579 1171.281896 1171.418286 1173.270525 1175.880771
46.800000 1168.805741 1170.627354 1172.290584 1172.499304 1174.505054 1177.292602
46.870000 1170.377494 1171.936362 1173.595433 1173.947365 1176.266200 1178.966432
46.910000 1170.998391 1172.655656 1174.374595 1174.762523 1177.099921 1179.919522
46.950000 1171.818840 1173.421837 1175.247187 1175.620750 1178.085954 1180.930231
47.000000 1172.640082 1174.328666 1176.210846 1176.621079 1179.205624 1181.917465
47.030000 1173.242454 1174.897032 1176.837139 1177.238408 1179.894815 1182.485382
47.100000 1174.500404 1176.184850 1178.302298 1178.583827 1181.346522 1183.639389
47.150000 1175.404098 1177.159202 1179.290597 1179.570026 1182.283819 1184.491067
47.250000 1177.042065 1178.961730 1181.350781 1181.450615 1184.104886 1186.117178
47.350000 1179.000462 1181.005546 1183.291459 1183.357408 1185.919635 1187.615790
47.450000 1181.330051 1183.101326 1185.226745 1185.230085 1187.523224 1189.056607
47.550000 1183.327228 1185.242042 1187.403848 1187.308363 1189.300402 1190.650092
47.560000 1183.511271 1185.504345 1187.683994 1187.560398 1189.549698 1190.855504
47.650000 1186.880080 1188.789756 1190.455181 1190.321892 1191.695506 1193.174269
47.750000 1190.525478 1191.947689 1193.223604 1193.319997 1194.721249 1196.591848
47.850000 1193.654157 1194.849720 1196.426489 1196.622113 1198.464751 1200.290480
47.950000 1195.487038 1196.999958 1198.905030 1198.995763 1201.041858 1202.878139
48.050000 1197.228872 1198.905916 1201.024430 1200.995445 1203.132878 1204.786769
48.150000 1198.808778 1200.877111 1202.917717 1202.912288 1205.004290 1206.573746
48.250000 1200.607223 1202.732808 1204.807959 1204.726163 1206.814681 1208.193047
48.350000 1202.651773 1204.765774 1206.782063 1206.685855 1208.623172 1210.279134
48.450000 1204.693067 1206.908426 1208.898963 1208.910648 1210.884463 1212.904221
48.530000 1206.159405 1208.818818 1210.969349 1210.996959 1213.201052 1215.842832
48.550000 1206.731723 1209.313348 1211.463242 1211.522342 1213.739283 1216.389920
48.650000 1209.409733 1211.695042 1214.037135 1214.100634 1216.494693 1219.036514
48.750000 1211.359181 1213.710162 1216.107590 1216.228967 1218.797356 1221.134646
48.850000 1213.695594 1216.166477 1218.787657 1218.717893 1221.172878 1223.298743
48.950000 1216.545325 1219.196470 1221.651358 1221.573948 1223.994468 1225.793251
49.060000 1220.229271 1222.784277 1224.983150 1224.856506 1226.856129 1228.773001
49.150000 1223.103951 1225.388917 1227.306717 1227.251859 1229.233216 1231.117297
49.250000 1225.604696 1227.336608 1229.196189 1229.295505 1231.292865 1233.072054
49.350000 1227.352803 1229.202681 1231.055126 1231.091724 1233.142792 1234.832470
49.450000 1229.037103 1230.919203 1232.833127 1232.845510 1234.886561 1236.520697
49.550000 1230.962135 1232.663404 1234.583625 1234.520187 1236.441212 1238.046136
49.660000 1232.714060 1234.544063 1236.482798 1236.371138 1238.222358 1239.587129
49.750000 1234.556654 1236.298606 1238.183621 1237.999178 1239.725778 1240.883836
49.850000 1236.940460 1238.644836 1240.286355 1240.129845 1241.609608 1242.612192
49.950000 1239.906273 1241.248985 1242.466809 1242.396620 1243.575591 1244.523113
50.050000 1242.524694 1243.729112 1244.851794 1244.990854 1246.131815 1248.407508
50.150000 1244.920997 1245.977736 1247.617382 1248.082524 1250.179156 1254.053958
50.275000 1246.800597 1248.294728 1250.888784 1251.282186 1254.360110 1257.678604
50.400000 1248.798563 1251.002632 1254.143386 1254.347557 1257.691799 1260.511357
50.525000 1251.162750 1254.130019 1257.471512 1257.390078 1260.550293 1263.288605
50.650000 1255.191409 1257.479694 1260.340425 1260.361057 1263.188514 1265.250717
50.750000 1257.626618 1259.966708 1262.575431 1262.527901 1265.049134 1266.906693
50.850000 1260.469690 1262.852946 1265.203297 1265.074462 1267.303556 1269.082290
50.930000 1263.030440 1265.439036 1267.476023 1267.428788 1269.438529 1271.369579
51.040000 1266.596233 1268.380279 1270.284756 1270.356949 1272.225449 1274.642812
51.140000 1268.667194 1270.736418 1272.954734 1273.022578 1275.441688 1277.849440
51.240000 1270.917702 1273.210858 1275.676123 1275.610417 1278.086242 1280.264264
51.340000 1273.666013 1276.031238 1278.418249 1278.254582 1280.506762 1282.169486
51.440000 1276.108098 1278.994936 1281.239549 1281.012576 1283.005426 1284.642408
51.510000 1278.293263 1281.422156 1283.483036 1283.301002 1285.202601 1286.847274
51.650000 1284.656390 1286.408664 1288.544406 1288.755504 1291.133202 1294.335110
51.750000 1286.734439 1288.698639 1291.354752 1291.480015 1294.082641 1296.913955
51.850000 1288.650666 1290.855605 1293.801120 1293.728886 1296.439384 1299.108440
51.950000 1290.210029 1292.802228 1295.975246 1295.778088 1298.669768 1300.612204
52.060000 1292.226568 1294.992866 1298.047177 1297.847851 1300.561292 1302.345557
52.150000 1293.855585 1296.869729 1299.807356 1299.563995 1302.135002 1303.911440
52.250000 1296.161245 1298.969262 1301.802945 1301.472400 1303.835129 1305.421423
52.350000 1298.471319 1301.026354 1303.758374 1303.376467 1305.491290 1306.955464
52.450000 1300.973953 1303.491561 1305.720048 1305.424855 1307.234490 1308.503887
52.550000 1303.550713 1306.173263 1307.740579 1307.564420 1308.996365 1310.272638
52.650000 1307.848840 1309.022265 1310.133878 1310.151053 1311.306270 1312.779159
52.750000 1309.588761 1310.863897 1312.038938 1312.072131 1313.278499 1314.650021
52.850000 1311.665325 1312.762717 1313.915111 1313.917743 1315.111588 1316.318912
52.950000 1313.737381 1314.793099 1315.793113 1315.784704 1316.839326 1317.834244
53.020000 1315.133247 1316.225044 1317.209565 1317.240578 1318.294866 1319.354803
53.060000 1316.120937 1317.209990 1318.276480 1318.288368 1319.425647 1320.418600
53.150000 1319.081590 1320.232014 1321.532206 1321.884381 1323.609179 1326.518821
53.250000 1321.057895 1322.532935 1324.336942 1324.716077 1327.046518 1330.280149
53.350000 1322.766215 1324.705578 1327.253729 1327.434075 1330.175767 1333.139352
53.450000 1324.952900 1327.281105 1330.122714 1330.083922 1332.786066 1335.489302
53.550000 1326.753488 1329.730896 1332.588842 1332.414157 1335.190703 1337.394857
53.650000 1328.739021 1331.850554 1334.658904 1334.448079 1337.065336 1339.064902
53.750000 1330.957354 1334.133601 1336.653484 1336.479141 1338.935223 1340.605262
53.850000 1333.052478 1336.368223 1338.789963 1338.511328 1340.836945 1342.327361
53.950000 1336.216933 1338.677721 1340.893389 1340.615682 1342.587645 1344.063405
54.000000 1337.452038 1339.972723 1341.968581 1341.756927 1343.606180 1344.773375
54.050000 1338.705565 1341.181357 1343.017221 1342.868585 1344.511926 1345.687411
54.130000 1341.466395 1343.274683 1344.886432 1344.693303 1346.097611 1347.120155
54.150000 1342.060644 1343.837277 1345.383758 1345.219276 1346.599601 1347.622091
54.200000 1344.027924 1345.533631 1346.983136 1346.862432 1348.146113 1349.384061
54.250000 1345.392474 1346.750209 1348.023391 1348.002361 1349.300624 1350.477197
54.280000 1346.357035 1347.592353 1348.785676 1348.790374 1350.030680 1351.208343
54.350000 1348.085381 1349.168699 1350.312588 1350.327526 1351.517013 1352.739544
54.400000 1349.161375 1350.250244 1351.376009 1351.416976 1352.587248 1353.689138
54.450000 1350.146072 1351.204885 1352.410588 1352.426708 1353.580061 1354.753328
54.500000 1351.122863 1352.237757 1353.405169 1353.388009 1354.535069 1355.642758
54.520000 1351.597452 1352.624449 1353.838069 1353.800770 1354.944964 1356.086266
54.600000 1352.873088 1354.162989 1355.287851 1355.257127 1356.377026 1357.598473
54.650000 1353.807824 1355.091237 1356.252906 1356.202904 1357.312523 1358.516116
54.700000 1354.780308 1356.053893 1357.213703 1357.176756 1358.291447 1359.466318
54.750000 1355.730751 1356.999385 1358.075602 1358.076468 1359.199603 1360.266713
54.800000 1356.527373 1357.912787 1358.976894 1358.980285 1360.125276 1361.106775
54.850000 1357.552068 1358.740134 1359.834144 1359.857910 1361.019601 1362.091733
54.930000 1359.348854 1360.289856 1361.464152 1361.468239 1362.601412 1363.919177
54.950000 1359.740318 1360.695025 1361.885260 1361.894448 1363.094755 1364.340490
55.000000 1360.773021 1361.903036 1363.032723 1363.117894 1364.267317 1365.877568
55.100000 1362.628919 1363.764908 1365.041770 1365.196325 1366.644327 1368.449143
55.150000 1363.403918 1364.663980 1366.078460 1366.252699 1367.872250 1369.793427
55.200000 1364.344413 1365.560264 1367.115621 1367.286600 1369.101634 1370.899889
55.250000 1365.367998 1366.597849 1368.151299 1368.346360 1370.311707 1372.009451
55.300000 1366.417740 1367.664698 1369.281629 1369.479792 1371.525279 1373.050617
55.330000 1367.062808 1368.303987 1369.934673 1370.109105 1372.103502 1373.624807
55.400000 1368.408975 1369.665119 1371.298863 1371.445360 1373.372623 1374.975789
55.450000 1369.311913 1370.521479 1372.281216 1372.358899 1374.194324 1375.958060
55.500000 1370.146240 1371.376221 1373.227519 1373.249146 1375.014456 1376.693512
55.550000 1371.009837 1372.248978 1374.116503 1374.099965 1375.839591 1377.357942
55.600000 1371.779270 1373.023585 1375.001731 1374.919444 1376.646580 1378.103263
55.640000 1372.400905 1373.743145 1375.657951 1375.585199 1377.305521 1378.671831
55.755000 1373.906136 1375.420343 1377.319710 1377.240188 1378.944634 1380.446447
55.870000 1375.745751 1377.149293 1379.011059 1378.891272 1380.508361 1381.914281
55.985000 1377.470385 1378.862969 1380.638613 1380.536199 1382.119574 1383.468635
56.100000 1379.242880 1380.606407 1382.225693 1382.179329 1383.717532 1385.003658
56.200000 1380.751295 1382.254427 1383.690194 1383.680644 1385.143549 1386.312900
56.300000 1382.666735 1383.913413 1385.220921 1385.250346 1386.664918 1387.985248
56.400000 1384.290054 1385.393114 1386.690202 1386.748957 1388.079368 1389.439497
56.500000 1385.625220 1386.847524 1388.135981 1388.168322 1389.605194 1390.792275
56.600000 1387.061280 1388.247043 1389.587438 1389.598026 1390.966241 1392.123307
56.700000 1388.488577 1389.634527 1390.955848 1390.967326 1392.260976 1393.572501
56.800000 1390.018442 1391.020435 1392.296267 1392.331400 1393.638355 1394.734279
56.900000 1391.341432 1392.398743 1393.715947 1393.727404 1395.067276 1396.201415
57.000000 1392.741389 1393.726198 1395.067399 1395.061432 1396.395701 1397.560142
57.120000 1394.045655 1395.245929 1396.596720 1396.609198 1397.982704 1399.060333
57.200000 1395.115466 1396.331538 1397.704266 1397.689501 1399.113284 1400.145781
57.300000 1396.435464 1397.614988 1399.080319 1399.040483 1400.414293 1401.604015
57.400000 1397.720303 1398.959830 1400.411000 1400.373262 1401.808571 1402.832185
57.500000 1398.995636 1400.241931 1401.783516 1401.717909 1403.159117 1404.045786
57.560000 1399.898064 1401.093765 1402.708734 1402.604134 1404.031243 1404.964724
57.600000 1400.521190 1401.757346 1403.325908 1403.232947 1404.663103 1405.623332
57.650000 1401.282228 1402.530387 1404.107674 1403.993618 1405.370251 1406.339149
57.700000 1402.215262 1403.508361 1404.921272 1404.831269 1406.109924 1407.107810
57.750000 1403.408062 1404.540508 1405.830593 1405.756147 1406.971090 1407.888434
57.800000 1404.367318 1405.564865 1406.772247 1406.720088 1407.845755 1408.866363
57.850000 1405.983857 1406.992780 1408.049804 1408.067054 1409.086208 1410.349487
57.900000 1407.198420 1408.382035 1409.433986 1409.454744 1410.605887 1411.704000
57.950000 1408.497492 1409.556066 1410.728197 1410.733956 1411.906291 1413.110717
58.050000 1410.273339 1411.638029 1412.837350 1412.797656 1413.948343 1415.192542
58.100000 1411.320389 1412.652127 1413.884145 1413.903673 1415.115280 1416.587370
58.150000 1412.245894 1413.680078 1414.918093 1414.953481 1416.300979 1417.654723
58.200000 1413.313085 1414.632961 1415.863086 1415.939183 1417.305421 1418.701237
58.250000 1414.382838 1415.573519 1416.822105 1416.897327 1418.298426 1419.586461
58.300000 1415.289774 1416.552606 1417.837602 1417.917155 1419.299568 1420.924021
58.350000 1416.237040 1417.472527 1418.866848 1418.926759 1420.376912 1421.884291
58.400000 1417.287689 1418.548783 1419.927828 1420.000897 1421.502029 1422.868270
58.450000 1418.475412 1419.597893 1421.078550 1421.095457 1422.654626 1423.881564
58.500000 1419.486692 1420.775781 1422.277864 1422.248135 1423.685003 1424.902294
58.550000 1420.577089 1422.174637 1423.547793 1423.534579 1424.997355 1426.141107
58.600000 1422.013019 1423.364049 1424.772378 1424.768803 1426.113764 1427.480604
58.650000 1423.027639 1424.532826 1425.881686 1425.881010 1427.242071 1428.604916
58.700000 1424.326042 1425.778460 1427.113751 1427.157347 1428.563960 1430.157022
58.750000 1425.752479 1427.061801 1428.376277 1428.474925 1429.983607 1431.484964
58.850000 1428.879833 1430.077905 1431.730418 1431.752516 1433.449803 1435.343634
58.900000 1430.502349 1431.706880 1433.456696 1433.451605 1435.099000 1436.586099
58.950000 1431.880868 1433.299697 1434.842400 1434.849184 1436.361104 1437.846274
58.980000 1432.439573 1434.006845 1435.504829 1435.540192 1437.109220 1438.578555
59.100000 1434.559568 1436.043988 1437.546320 1437.614974 1439.233998 1440.805189
59.200000 1436.075171 1437.514090 1439.169542 1439.145719 1440.790745 1442.382373
59.300000 1437.543634 1438.955690 1440.724708 1440.668536 1442.300278 1443.863623
59.400000 1438.908955 1440.462390 1442.232946 1442.174541 1443.829622 1445.184241
59.500000 1440.380854 1442.076600 1443.843196 1443.731833 1445.352440 1446.466706
59.600000 1442.104414 1443.780179 1445.477628 1445.354915 1446.785250 1447.978998
59.700000 1444.097211 1445.781305 1447.299228 1447.140443 1448.369206 1449.486285
59.800000 1447.212803 1448.472663 1449.470873 1449.467448 1450.466614 1451.582825
59.900000 1449.926292 1451.045730 1452.169385 1452.278600 1453.508117 1455.231327
60.000000 1452.239763 1453.479922 1455.297252 1455.470603 1457.462594 1460.061366
60.100000 1453.802751 1455.751173 1458.188729 1458.261609 1460.565846 1463.160160
60.200000 1455.355805 1457.853647 1460.853600 1460.706070 1463.419973 1465.719115
60.300000 1457.227442 1460.105141 1463.065025 1462.829055 1465.468377 1467.710534
60.400000 1459.720117 1462.458134 1465.174099 1464.975412 1467.282229 1469.540973
60.500000 1463.034346 1465.411225 1467.693652 1467.591567 1469.673000 1471.853005
60.600000 1467.036040 1469.414811 1471.322277 1471.443078 1473.487835 1476.261385
60.700000 1470.885003 1472.545475 1474.670174 1474.669141 1476.780087 1478.754545
60.800000 1472.670514 1474.727365 1476.832391 1476.817031 1478.942680 1480.826911
60.900000 1474.483489 1476.527249 1478.673743 1478.655817 1480.816821 1482.448860
61.000000 1476.317115 1478.347327 1480.440859 1480.399305 1482.523859 1483.987558
61.100000 1477.873266 1480.022586 1482.165122 1482.079686 1484.034078 1485.410682
61.200000 1479.730034 1481.892488 1483.927300 1483.742430 1485.542939 1486.825471
61.300000 1481.890392 1483.903552 1485.775738 1485.556293 1487.159251 1488.247356
61.400000 1484.281208 1486.253067 1487.797101 1487.624299 1488.945501 1490.032377
61.500000 1487.680311 1489.157548 1490.260254 1490.266514 1491.308441 1492.765264
61.600000 1490.448507 1491.451997 1492.869614 1493.384874 1495.071363 1500.447664
61.700000 1492.045589 1493.433803 1495.717129 1496.618884 1500.031274 1505.414596
61.800000 1493.488895 1495.280273 1499.621776 1499.962543 1504.551361 1507.748689
61.900000 1495.602511 1498.280653 1503.623984 1503.076428 1507.108233 1509.585647
61.980000 1497.786436 1501.823846 1505.972744 1505.528219 1509.053704 1511.277185
62.100000 1503.888673 1507.115214 1509.666999 1509.474918 1511.837443 1513.959406
62.200000 1508.056901 1510.463617 1512.544902 1512.441934 1514.480067 1516.296702
62.300000 1510.663286 1512.975223 1514.846221 1514.731380 1516.586995 1518.091969
62.400000 1512.779471 1514.759914 1516.640630 1516.556039 1518.356250 1520.013083
62.500000 1514.750433 1516.502210 1518.251047 1518.244695 1520.035137 1521.726730
62.600000 1516.504461 1518.238480 1519.865863 1519.882809 1521.569529 1523.249393
62.700000 1518.246734 1519.967446 1521.633350 1521.626305 1523.341480 1525.013607
62.800000 1520.151776 1521.887324 1523.644763 1523.613983 1525.276196 1527.100587
62.900000 1522.649139 1524.234394 1525.919248 1525.961060 1527.681646 1529.553997
63.000000 1525.631557 1527.227367 1528.863950 1529.037306 1530.784486 1533.461181
63.100000 1528.290343 1530.168633 1532.226124 1532.684308 1535.418374 1538.892904
63.200000 1531.282610 1533.766268 1536.776689 1536.756115 1539.721410 1542.816433
63.300000 1534.296906 1537.975192 1541.113140 1541.048506 1544.026527 1547.657249
63.400000 1541.287322 1543.876004 1546.578210 1546.828302 1549.921452 1553.480255
63.480000 1544.389786 1546.906043 1549.920708 1550.031605 1553.196152 1556.267722
63.590000 1547.278637 1550.165498 1553.302185 1553.254291 1556.529568 1558.559947
63.700000 1550.071815 1553.008643 1556.261276 1556.039179 1559.035695 1561.027231
63.800000 1552.692088 1555.542242 1558.576153 1558.298632 1560.906743 1562.804230
63.900000 1554.949400 1557.863845 1560.688922 1560.330323 1562.513320 1564.431258
64.000000 1557.515641 1560.526144 1562.581938 1562.354943 1564.214301 1566.023953
64.100000 1560.252362 1562.793456 1564.491078 1564.321673 1565.928803 1567.543587
64.200000 1562.890451 1564.812678 1566.400057 1566.347082 1567.822380 1569.364531
64.300000 1565.431539 1567.229888 1568.811382 1568.833090 1570.300051 1572.295984
64.400000 1568.971336 1570.927309 1572.890285 1573.133554 1575.511980 1578.567258
64.500000 1572.199795 1574.403592 1576.769129 1576.866706 1579.179434 1582.478564
64.600000 1576.137806 1578.576654 1580.792536 1581.044144 1583.702337 1586.946364
64.620000 1576.733144 1579.234995 1581.454021 1581.678031 1584.309239 1587.620753
64.700000 1579.454729 1581.595464 1584.147098 1584.364774 1587.340322 1589.958635
64.800000 1582.168203 1584.809201 1588.037017 1587.853859 1590.770580 1592.838571
64.900000 1585.328921 1588.663737 1591.656049 1591.277275 1593.804467 1595.364912
64.980000 1587.522239 1591.556845 1593.843315 1593.483445 1595.614039 1597.136944
65.000000 1587.882456 1592.091056 1594.278048 1593.943063 1596.049127 1597.693745
65.100000 1590.707050 1594.104088 1595.914485 1595.749935 1597.597983 1599.400532
65.200000 1594.015123 1596.103877 1597.691147 1597.669054 1599.228775 1601.092833
65.300000 1596.628621 1598.076547 1599.459743 1599.572618 1601.014300 1602.927634
65.400000 1598.742476 1599.940672 1601.308643 1601.406356 1602.846563 1604.870936
65.500000 1600.373133 1601.651220 1603.042154 1603.142789 1604.639740 1606.377931
65.570000 1601.459529 1602.954946 1604.323445 1604.429921 1605.947067 1608.007906
65.600000 1602.090926 1603.480819 1604.890584 1605.034958 1606.602594 1608.553484
65.700000 1603.901436 1605.325885 1606.909934 1607.090063 1608.844379 1611.383210
65.800000 1605.660581 1606.981538 1608.821971 1609.246311 1611.306646 1615.108892
65.900000 1607.234382 1608.712646 1610.788133 1611.792291 1615.211909 1621.407882
65.980000 1608.635254 1610.091149 1612.571707 1613.862311 1618.537203 1623.902587
66.000000 1608.953702 1610.496849 1613.168916 1614.379835 1619.085123 1624.603379
66.080000 1610.390393 1612.341969 1616.046539 1616.869816 1622.062306 1626.610736
66.200000 1612.551776 1615.263851 1620.681861 1620.723771 1625.930822 1629.568133
66.300000 1614.502973 1618.456417 1624.003025 1623.703805 1628.612737 1631.462334
66.400000 1617.223430 1621.923198 1626.879965 1626.476181 1631.081022 1633.500635
66.500000 1620.748826 1625.547309 1630.063767 1629.488796 1633.386533 1635.384071
66.600000 1624.679538 1629.034455 1632.784462 1632.262926 1635.517083 1637.287483
66.700000 1628.225420 1632.400627 1635.489148 1634.996821 1637.492760 1639.050674
66.800000 1632.142053 1635.671230 1638.053425 1637.737597 1639.774771 1641.201531
66.900000 1636.315760 1639.355500 1641.368804 1641.300711 1643.205800 1645.917005
67.000000 1641.452258 1643.193292 1645.137525 1645.570189 1647.796068 1653.100607
67.080000 1643.194699 1645.071554 1647.433914 1647.966191 1650.855605 1655.526319
67.200000 1646.010906 1648.272412 1651.782996 1652.106843 1656.267482 1659.106858
67.300000 1648.267353 1651.262898 1655.374580 1655.334291 1659.459914 1661.490003
67.400000 1650.779984 1654.841586 1658.793249 1658.261985 1661.752533 1663.526974
67.500000 1653.618778 1657.794052 1661.376718 1660.851419 1663.773568 1665.216095
67.600000 1656.646426 1660.701425 1663.630231 1663.160061 1665.425624 1666.748171
67.700000 1660.201096 1663.488303 1665.693210 1665.329647 1667.126178 1668.227712
67.800000 1663.239700 1665.922638 1667.483432 1667.282768 1668.707975 1669.721846
67.900000 1666.668721 1668.142879 1669.303684 1669.263565 1670.431935 1671.345724
68.000000 1668.738915 1669.968440 1671.041630 1671.019467 1672.078479 1673.181446
68.100000 1670.974361 1672.046627 1673.115115 1673.195273 1674.329580 1675.946239
68.180000 1672.697246 1673.690034 1674.983550 1675.123043 1676.597265 1678.769143
68.200000 1673.072407 1674.128686 1675.450305 1675.624962 1677.134355 1679.196358
68.300000 1674.930357 1676.180274 1677.811404 1678.050191 1679.962159 1681.809516
68.400000 1676.732204 1678.310950 1680.126125 1680.353987 1682.390061 1684.909796
68.500000 1678.566922 1680.486056 1682.825116 1683.002613 1685.469839 1688.470333
68.600000 1680.974921 1683.104563 1685.807416 1685.903372 1688.586826 1691.184262
68.700000 1683.272910 1685.678255 1688.497044 1688.426380 1691.151589 1693.415666
68.800000 1685.780146 1688.401553 1691.195945 1690.999760 1693.528578 1695.185185
68.900000 1688.725046 1691.388168 1693.807998 1693.554839 1695.726976 1696.991269
69.000000 1691.793419 1694.657279 1696.510800 1696.346735 1698.106196 1699.633043
69.100000 1695.786844 1697.403166 1699.085428 1699.011744 1700.602527 1702.115833
69.200000 1698.108497 1699.521221 1701.080386 1701.104801 1702.751298 1704.200895
69.300000 1699.797830 1701.308652 1702.860248 1702.924056 1704.610284 1706.127421
69.410000 1701.594785 1703.143272 1704.760528 1704.876403 1706.633867 1708.151062
69.500000 1703.344533 1704.949424 1706.593610 1706.622403 1708.352916 1710.053124
69.600000 1705.419171 1706.997658 1708.765851 1708.776358 1710.459537 1712.453199
69.680000 1706.880709 1708.498209 1710.449067 1710.478186 1712.271159 1714.462996
69.800000 1709.286067 1711.042718 1713.037165 1713.355671 1715.692729 1719.057803
69.900000 1711.010165 1713.276167 1715.890348 1716.051582 1718.894210 1721.773143
70.000000 1712.972224 1715.431201 1718.671589 1718.655168 1721.750618 1724.939570
70.100000 1714.928646 1717.892959 1721.507389 1721.275333 1724.445098 1727.570972
70.200000 1717.606589 1720.715503 1723.928403 1723.783855 1726.656474 1729.913420
70.310000 1720.524624 1723.297156 1726.127524 1726.182738 1729.095200 1732.459090
70.400000 1722.208448 1725.122751 1728.000583 1728.203782 1731.435577 1734.816824
70.500000 1724.413748 1727.222087 1730.127343 1730.457495 1733.866651 1737.651776
70.600000 1726.633313 1729.400540 1732.850416 1732.931372 1736.593974 1739.642764
70.700000 1728.539885 1732.054415 1735.459473 1735.500784 1739.323483 1741.539535
70.800000 1730.854106 1734.341875 1738.354677 1738.026387 1741.525541 1743.557124
70.900000 1733.352183 1737.282060 1741.148045 1740.614048 1743.631517 1745.667990
71.000000 1736.527140 1740.390625 1743.478165 1743.057618 1745.591213 1747.375519
71.100000 1740.111498 1743.456112 1745.563802 1745.364926 1747.342440 1749.084033
71.180000 1742.852668 1745.265087 1747.128289 1747.010114 1748.837416 1750.650455
71.300000 1745.369628 1747.383692 1749.076231 1749.099359 1750.874919 1752.856319
71.400000 1747.149111 1749.049278 1750.772799 1750.873414 1752.726079 1755.227849
71.475000 1748.414571 1750.335624 1752.214019 1752.292609 1754.173405 1757.238155
71.550000 1749.945639 1751.799215 1753.588387 1753.797233 1755.897387 1758.750761
71.650000 1752.067931 1753.621284 1755.685175 1755.990958 1758.403236 1761.813210
71.750000 1753.894567 1755.620441 1757.926402 1758.284580 1761.086533 1764.482369
71.800000 1754.849393 1756.556825 1759.181259 1759.511460 1762.371623 1765.648760
71.875000 1756.178871 1758.026111 1760.987722 1761.166238 1764.269441 1767.426895
71.950000 1757.553472 1759.596022 1762.674108 1762.805859 1765.905679 1768.927392
72.025000 1759.122697 1761.334024 1764.364045 1764.482162 1767.692260 1770.656427
72.100000 1760.670438 1762.935148 1766.055210 1766.143302 1769.293418 1772.241034
72.175000 1762.170186 1764.562756 1767.755114 1767.772732 1770.833279 1773.967550
72.250000 1763.462857 1766.364379 1769.522601 1769.459092 1772.383383 1775.327122
72.325000 1765.378114 1768.404119 1771.240798 1771.233658 1773.922599 1777.126333
72.400000 1767.051643 1770.251903 1773.041303 1772.969900 1775.728405 1778.832304
72.500000 1769.707458 1773.076866 1775.698519 1775.721369 1778.471951 1781.101153
72.600000 1773.640430 1776.265333 1779.063326 1779.006287 1781.814703 1784.113626
72.680000 1775.989332 1778.687730 1781.540265 1781.370084 1784.034233 1785.837262
72.800000 1779.355265 1782.136939 1784.905622 1784.622524 1786.947473 1788.829952
72.900000 1782.132766 1784.711440 1787.039101 1786.846447 1788.842473 1790.819661
73.000000 1784.659438 1786.859540 1788.852153 1788.858094 1790.833001 1792.778869
73.100000 1786.619907 1788.746739 1790.605881 1790.620346 1792.535484 1794.317793
73.200000 1788.739933 1790.521270 1792.350916 1792.376930 1794.350570 1796.185183
73.300000 1790.232946 1792.135657 1794.197973 1794.102658 1796.083781 1797.787957
73.400000 1792.100775 1793.985403 1796.011096 1795.922084 1797.787333 1799.522376
73.500000 1793.852525 1795.903220 1797.862051 1797.881379 1799.822878 1801.598626
73.600000 1796.018584 1798.184393 1800.109824 1800.161454 1802.118385 1804.686361
73.700000 1798.436460 1800.495062 1802.473591 1802.588618 1804.718721 1807.518124
73.800000 1800.730282 1802.822321 1805.094681 1805.339091 1807.779320 1811.465512
73.900000 1802.796780 1804.776208 1807.384775 1807.769655 1810.802986 1815.077401
74.000000 1804.829916 1806.863719 1809.805755 1810.229134 1813.566108 1817.691617
74.100000 1806.540396 1809.072768 1812.373498 1812.643645 1816.229148 1820.449936
74.180000 1807.952652 1810.786005 1814.519888 1814.599732 1818.363753 1822.162835
74.300000 1810.088694 1813.274265 1817.334935 1817.207620 1821.083762 1824.440708
74.400000 1812.043114 1815.326179 1819.725817 1819.533908 1823.476459 1826.668725
74.500000 1814.227679 1817.747459 1822.148488 1821.853599 1825.772425 1828.910828
74.600000 1815.789234 1820.079359 1824.643368 1824.132463 1827.824049 1831.093516
74.700000 1817.487501 1822.365777 1826.909138 1826.369706 1829.987143 1832.787010
74.800000 1820.724049 1825.083030 1829.044321 1828.661912 1832.173810 1834.815709
74.900000 1823.263002 1827.634319 1831.152486 1830.892883 1834.237764 1836.883402
75.000000 1825.933565 1829.766910 1833.173443 1832.997595 1836.275885 1838.755968
75.100000 1828.167374 1831.937517 1835.309108 1835.083166 1838.138715 1840.651752
75.200000 1830.332000 1834.030712 1837.192305 1837.053129 1840.043740 1842.671555
75.300000 1832.797912 1836.106683 1839.243912 1839.078152 1841.877736 1845.199065
75.400000 1834.809893 1838.335879 1841.414574 1841.311063 1844.241183 1848.161667
75.500000 1837.106625 1840.298225 1843.516753 1843.525671 1846.746383 1850.411443
75.600000 1839.071493 1842.409337 1845.462948 1845.635710 1849.173674 1852.642262
75.680000 1840.796627 1844.127254 1847.184319 1847.383974 1850.989247 1854.095015
75.800000 1843.404153 1846.578306 1849.909382 1850.029991 1853.683715 1856.391644
75.900000 1845.656449 1848.625898 1852.422522 1852.263008 1855.703928 1858.283203
76.000000 1847.503386 1850.650783 1854.470283 1854.283692 1857.696679 1860.147546
76.050000 1848.687199 1851.811400 1855.626768 1855.310357 1858.666290 1861.276257
76.100000 1849.589563 1853.073408 1856.673720 1856.377138 1859.656420 1862.256797
76.200000 1852.382505 1855.577568 1858.930139 1858.718896 1861.814553 1864.349233
76.300000 1854.461225 1858.327274 1861.334914 1861.208506 1864.326171 1866.628840
76.400000 1856.763043 1860.493033 1863.455222 1863.330068 1866.288703 1869.135683
76.500000 1858.606712 1862.288826 1865.372706 1865.273112 1868.154181 1871.209836
76.600000 1860.735780 1864.210964 1867.223578 1867.131592 1870.036213 1873.011038
76.700000 1863.254900 1866.189400 1869.070080 1869.028650 1871.824461 1874.760210
76.800000 1865.552154 1868.369243 1870.904112 1871.052522 1874.042179 1876.577264
76.890000 1867.736703 1870.352456 1872.909808 1873.015721 1875.947336 1878.450979
77.000000 1870.558873 1872.798246 1875.554292 1875.598611 1878.506913 1881.154002
77.100000 1872.393997 1875.101785 1878.018246 1877.943301 1880.670968 1883.253143
77.200000 1874.545237 1877.373532 1880.252327 1880.175371 1883.012560 1884.809644
77.280000 1876.513383 1879.355726 1882.111056 1881.926718 1884.451002 1886.945778
77.400000 1878.741688 1881.956642 1884.669615 1884.461623 1886.615258 1890.132638
77.410000 1878.927301 1882.159747 1884.878150 1884.684190 1886.805556 1890.332336
77.490000 1882.354426 1884.623688 1886.747683 1886.585213 1888.229393 1891.915242
77.500000 1882.664145 1884.851247 1886.928111 1886.798893 1888.432802 1892.102733
77.590000 1884.942836 1886.869220 1888.754695 1888.830465 1890.582845 1893.369576
77.600000 1885.268685 1887.089404 1888.994685 1889.064538 1890.894299 1893.506609
77.680000 1887.158959 1889.181949 1890.962605 1891.060643 1893.267718 1894.685838
77.700000 1887.756955 1889.662182 1891.498030 1891.560440 1893.665046 1894.997086
77.790000 1890.223275 1892.037912 1894.110446 1893.863367 1895.568237 1896.469629
77.800000 1890.404901 1892.310918 1894.394099 1894.119583 1895.767265 1896.668328
77.890000 1893.804858 1895.478891 1896.731352 1896.537628 1897.540023 1898.197466
77.900000 1894.004609 1895.732655 1896.978081 1896.780223 1897.764087 1898.500503
78.000000 1896.393350 1897.747766 1898.526347 1898.507173 1899.340705 1900.218050
78.090000 1898.953122 1899.614105 1900.491387 1900.666125 1901.751258 1903.355195
78.100000 1899.101754 1899.810506 1900.706457 1900.883772 1901.984863 1903.543053
78.200000 1900.547139 1901.383057 1902.553442 1902.752495 1904.160824 1905.662658
78.290000 1901.665147 1902.740704 1904.201667 1904.352065 1905.956655 1907.898140
78.370000 1902.966136 1903.966602 1905.742670 1905.797244 1907.525854 1909.473033
78.480000 1904.458226 1905.761338 1907.606162 1907.770803 1909.639316 1912.070805
78.590000 1906.187169 1907.610559 1909.628481 1909.785833 1911.930026 1914.305506
78.690000 1908.051838 1909.816271 1911.988199 1912.097095 1914.290654 1917.058743
78.780000 1910.124842 1912.026745 1914.597840 1914.638572 1917.036134 1920.018634
78.890000 1912.589274 1915.069595 1917.550839 1917.665286 1920.450886 1922.975323
78.990000 1914.934881 1917.738786 1920.313712 1920.404628 1923.229874 1925.850229
79.090000 1917.987829 1920.259117 1923.032964 1923.013958 1925.672303 1928.159187
79.180000 1919.926524 1922.458157 1925.367944 1925.312467 1928.096742 1930.636845
79.300000 1923.324777 1926.583593 1929.181476 1928.988099 1931.361494 1933.519065
79.400000 1927.177139 1929.470073 1931.860130 1931.650433 1933.888992 1935.428507
79.500000 1929.760373 1931.801747 1933.992604 1933.781074 1935.686156 1937.084644
79.600000 1932.202852 1934.036828 1935.876610 1935.684551 1937.374894 1938.540665
79.700000 1933.851196 1936.048813 1937.724861 1937.563288 1939.070560 1940.388917
79.800000 1936.256588 1938.347700 1939.695791 1939.666287 1941.030823 1942.515215
79.890000 1939.230026 1940.479016 1941.713297 1941.880546 1943.308308 1945.528710
80.000000 1941.583082 1942.810758 1944.341128 1944.659424 1946.346815 1949.899917
80.100000 1943.705568 1944.874112 1946.808709 1947.127727 1949.333765 1952.723503
80.200000 1945.400675 1946.959036 1949.338887 1949.581503 1952.094866 1955.523918
80.270000 1946.468278 1948.645632 1951.268674 1951.438711 1954.111355 1957.738381
80.400000 1949.588017 1952.065611 1955.194374 1955.532924 1959.179264 1963.137286
80.500000 1951.714434 1954.189014 1957.668857 1957.948517 1961.893224 1965.291226
80.600000 1953.770690 1956.765757 1960.249693 1960.440656 1964.417852 1967.180349
80.700000 1956.052131 1959.149885 1962.716184 1962.783391 1966.521021 1968.932183
80.800000 1958.264202 1961.567146 1965.200105 1965.026279 1968.523727 1970.514753
80.933333 1960.748908 1964.714024 1967.865728 1967.613368 1970.610330 1972.489364
81.066667 1964.099403 1967.486180 1970.523474 1970.126690 1972.671264 1974.353646
81.200000 1967.066862 1970.239196 1972.839520 1972.450853 1974.764148 1975.970388
81.300000 1969.333052 1971.872113 1974.489136 1974.052744 1976.090281 1977.278823
81.390000 1971.160957 1973.151707 1975.742080 1975.345680 1977.267443 1978.476890
81.500000 1972.703095 1974.612137 1977.161581 1976.783126 1978.629212 1979.713379
81.600000 1974.095073 1975.911146 1978.458048 1978.058156 1979.803680 1981.037362
81.700000 1975.372012 1976.996573 1979.624478 1979.245199 1980.983231 1982.199174
81.780000 1976.316853 1977.938746 1980.594144 1980.184463 1981.959192 1983.060190
81.900000 1977.667915 1979.235042 1981.924485 1981.529932 1983.313820 1984.406360
82.000000 1978.708212 1980.382110 1983.151124 1982.716530 1984.571092 1985.759658
82.100000 1979.824905 1981.389005 1984.327121 1983.890900 1985.835306 1986.987174
82.180000 1980.772714 1982.352010 1985.381289 1984.868750 1986.806157 1987.976679
82.300000 1982.115557 1983.744292 1986.743402 1986.281938 1988.241852 1989.550046
82.400000 1983.180570 1984.797745 1988.023054 1987.482787 1989.474989 1990.748330
82.500000 1984.263947 1985.922337 1989.202911 1988.669696 1990.751894 1992.037937
82.600000 1985.265475 1986.934204 1990.419429 1989.818672 1991.919511 1993.244984
82.700000 1986.264482 1988.105323 1991.623816 1991.000161 1993.124594 1994.556588
82.800000 1987.414210 1989.264003 1992.716016 1992.185556 1994.381048 1995.720298
82.900000 1988.411940 1990.428923 1993.888749 1993.390069 1995.654284 1997.306045
83.000000 1989.608513 1991.574159 1995.145665 1994.634474 1996.886882 1999.051779
83.100000 1990.712273 1992.739039 1996.413126 1995.895631 1998.213493 2000.905169
83.200000 1991.888589 1993.811052 1997.634966 1997.168968 1999.473484 2003.018799
83.300000 1993.078159 1995.011926 1998.788810 1998.423308 2000.818990 2004.839721
83.400000 1993.843621 1996.149602 2000.041753 1999.631334 2002.003532 2006.572193
83.500000 1994.943437 1997.316631 2001.284430 2000.870763 2003.236215 2008.725964
83.575000 1995.868135 1998.211396 2002.272331 2001.837208 2004.163797 2009.575735
83.650000 1997.077798 1999.197348 2003.203141 2002.810781 2005.087769 2010.683297
83.725000 1998.009715 2000.190531 2004.152423 2003.789817 2005.949601 2012.019368
83.800000 1998.929499 2001.155592 2005.017320 2004.742119 2006.875294 2013.081215
83.900000 2000.170897 2002.332770 2006.138524 2005.974636 2007.985191 2014.811932
84.010000 2001.489532 2003.792639 2007.350045 2007.386622 2009.294207 2016.301855
84.100000 2002.497005 2004.923708 2008.427046 2008.493128 2010.285092 2017.537540
84.200000 2003.860885 2006.178529 2009.642680 2009.699603 2011.379632 2019.555088
84.290000 2005.084973 2007.379880 2010.672374 2010.833191 2012.488794 2022.663167
84.390000 2006.383026 2008.607528 2011.761815 2012.137233 2013.682807 2032.691900
84.490000 2007.730745 2009.830382 2012.963954 2013.458737 2014.886070 2035.968260
84.590000 2009.074850 2011.286346 2014.212340 2014.777011 2016.102952 2038.083538
84.690000 2010.320910 2012.698788 2015.431312 2016.134685 2017.282179 2040.208080
84.790000 2011.966804 2014.187919 2016.680380 2017.538088 2018.587621 2041.489053
84.900000 2013.388865 2015.876430 2018.254696 2019.263023 2020.483212 2042.714904
85.000000 2014.870232 2017.402562 2019.730172 2021.135016 2022.962797 2043.682282
85.100000 2016.170024 2018.656560 2021.211394 2023.088720 2026.883094 2045.102104
85.180000 2017.632412 2019.861586 2022.835291 2024.886972 2030.012432 2046.510173
85.300000 2019.578761 2022.277843 2027.325723 2028.262337 2033.413891 2047.840683
85.410000 2021.671100 2025.130274 2030.980106 2031.272587 2035.934340 2049.115399
85.500000 2023.396226 2028.306139 2033.370479 2033.837769 2038.355486 2050.439465
85.600000 2025.183351 2031.793843 2036.497079 2036.633451 2041.141153 2051.492589
85.740000 2028.018431 2034.927523 2039.976225 2040.152953 2045.514866 2053.500697
85.880000 2031.255063 2038.200698 2043.371474 2043.555258 2049.316163 2054.974885
86.020000 2036.073732 2041.485637 2046.864208 2046.860333 2052.557762 2056.663982
86.160000 2039.575286 2044.502082 2050.531460 2050.079405 2055.356728 2058.230580
86.300000 2043.522129 2048.097598 2054.219696 2053.240920 2057.797528 2060.030087
86.400000 2045.925858 2050.907503 2056.399829 2055.415031 2059.253202 2061.295650
86.500000 2048.324494 2054.021733 2058.331028 2057.509325 2060.741310 2062.347921
86.600000 2051.172511 2056.928094 2060.061671 2059.420878 2061.994427 2063.690105
86.700000 2053.625503 2059.227345 2061.667338 2061.169822 2063.414940 2065.034086
86.800000 2056.919349 2061.088642 2063.144099 2062.844762 2064.832347 2066.251913
86.900000 2060.282845 2062.873308 2064.624173 2064.475632 2066.133621 2067.699903
87.000000 2062.422185 2064.404145 2066.045442 2065.940830 2067.464040 2068.880551
87.100000 2064.092894 2065.819285 2067.390818 2067.305371 2068.778118 2070.168748
87.180000 2065.109306 2066.882721 2068.449595 2068.384681 2069.898387 2071.267198
87.300000 2066.777296 2068.383407 2069.994484 2069.925341 2071.332903 2072.783467
87.400000 2067.930968 2069.635546 2071.276205 2071.176770 2072.609043 2074.017007
87.500000 2069.114399 2070.927421 2072.569678 2072.455701 2073.918522 2075.304151
87.600000 2070.288599 2072.281864 2073.844895 2073.765626 2075.196571 2076.823379
87.700000 2071.506207 2073.636618 2075.120807 2075.076063 2076.631505 2078.135447
87.800000 2072.852192 2074.920803 2076.465498 2076.405372 2077.998091 2079.519750
87.890000 2074.162514 2076.123770 2077.720848 2077.644107 2079.289095 2080.783684
88.000000 2075.347106 2077.466539 2079.128711 2079.052436 2080.715747 2082.159527
88.100000 2076.848619 2078.729938 2080.432376 2080.356013 2081.979447 2083.370680
88.200000 2078.122940 2080.131495 2081.753546 2081.661087 2083.239753 2084.748268
88.290000 2079.342465 2081.273984 2082.857572 2082.816936 2084.416385 2085.781193
88.400000 2080.796080 2082.632526 2084.271672 2084.218955 2085.718087 2087.325618
88.500000 2082.257197 2083.967128 2085.594368 2085.572192 2087.089846 2088.680746
88.600000 2083.702070 2085.419578 2087.013474 2086.962911 2088.526753 2090.002709
88.680000 2085.194302 2086.686714 2088.228999 2088.193358 2089.725532 2091.324449
88.800000 2086.925146 2088.494660 2090.006116 2089.999803 2091.434005 2093.265299
88.890000 2088.498760 2089.839262 2091.356779 2091.356833 2092.803897 2094.584766
89.000000 2089.971380 2091.394899 2092.996797 2092.997890 2094.522477 2096.207750
89.100000 2091.408986 2092.883035 2094.449177 2094.474951 2096.060944 2097.838682
89.200000 2092.929198 2094.251026 2095.844100 2095.937973 2097.580222 2099.511804
89.300000 2094.247775 2095.684540 2097.208187 2097.413389 2099.072484 2101.876841
89.390000 2095.532112 2096.958252 2098.456522 2098.718734 2100.418675 2103.338194
89.500000 2097.061918 2098.448970 2100.075943 2100.430710 2102.275756 2105.754715
89.600000 2098.398341 2099.935961 2101.648700 2102.081242 2104.148859 2107.664082
89.700000 2099.951697 2101.403101 2103.372517 2103.784926 2106.102971 2110.264785
89.790000 2101.227140 2102.840890 2104.962841 2105.496851 2108.032561 2112.499683
89.900000 2102.737749 2104.694556 2107.133131 2107.599349 2110.456080 2114.862875
90.000000 2104.265152 2106.428750 2109.220062 2109.658856 2112.875869 2116.912617
90.100000 2105.982425 2108.237965 2111.477767 2111.832373 2115.588679 2119.002680
90.180000 2107.483778 2110.077941 2113.507964 2113.736592 2117.378765 2120.705945
90.300000 2109.965886 2113.230982 2117.033471 2116.972315 2120.542630 2123.428839
90.400000 2111.952442 2116.268856 2119.724548 2119.575880 2122.986230 2125.691146
90.500000 2114.883867 2118.985435 2122.311625 2122.175624 2125.418354 2128.318785
90.600000 2118.173571 2121.845006 2125.166491 2125.022000 2128.129018 2130.470013
90.700000 2121.854645 2125.678742 2128.491216 2128.421173 2131.468283 2133.940485
90.800000 2125.715449 2128.925053 2131.569012 2131.524173 2134.246929 2136.449464
90.890000 2128.964755 2131.631377 2134.051985 2133.932800 2136.241999 2138.460171
91.000000 2131.606053 2134.378845 2136.699827 2136.525904 2138.604557 2140.833673
91.100000 2134.174822 2136.919984 2138.987891 2138.956030 2141.049980 2143.018565
91.200000 2137.514862 2139.880020 2142.220757 2142.225583 2144.418247 2146.652176
91.290000 2143.343922 2145.653371 2147.697672 2147.635920 2149.702819 2151.540568
91.390000 2146.973430 2148.562306 2150.336511 2150.336096 2152.032750 2154.061044
91.500000 2149.165422 2150.717158 2152.380295 2152.445681 2154.133644 2156.107244
91.600000 2150.864110 2152.494511 2154.119399 2154.183319 2155.961390 2157.931353
91.680000 2151.879831 2153.730860 2155.473258 2155.539510 2157.531124 2159.391327
91.800000 2153.710710 2155.540395 2157.630437 2157.630341 2159.740037 2161.624707
91.900000 2155.373731 2157.151929 2159.469834 2159.445934 2161.680051 2163.647002
92.000000 2157.223409 2159.106497 2161.412971 2161.356160 2163.526238 2165.576060
92.100000 2159.358310 2161.220559 2163.591349 2163.484952 2165.695913 2167.738481
92.200000 2161.833872 2163.778493 2166.121110 2166.088259 2168.316446 2170.616037
92.300000 2164.305149 2166.508846 2168.747198 2168.782596 2171.158749 2173.056332
92.390000 2166.716948 2169.010690 2171.245397 2171.162177 2173.419806 2175.130329
92.500000 2169.928420 2172.101885 2174.087877 2174.094188 2176.114261 2178.255430
92.600000 2172.794447 2174.597005 2176.563405 2176.718862 2178.810624 2181.556185
92.700000 2175.175805 2176.902009 2178.776213 2178.975332 2181.172372 2183.631615
92.790000 2176.867849 2178.746129 2180.751518 2180.894155 2183.209108 2185.217592
92.900000 2179.004620 2180.881967 2183.167397 2183.109966 2185.371816 2187.095731
93.000000 2181.062099 2183.091265 2185.350755 2185.296572 2187.471521 2189.340864
93.100000 2183.215089 2185.765241 2187.838077 2187.798317 2189.775616 2191.609448
93.180000 2185.905696 2187.999353 2189.929031 2189.900726 2191.829714 2193.608426
93.300000 2188.343956 2190.586850 2192.397128 2192.436883 2194.438484 2196.478420
93.400000 2190.385367 2192.292855 2194.126713 2194.188836 2196.170391 2198.191268
93.500000 2192.065577 2193.874395 2195.672922 2195.787512 2197.795086 2199.721001
93.600000 2193.663700 2195.347326 2197.169566 2197.280258 2199.307353 2201.457686
93.700000 2194.914849 2196.748773 2198.587771 2198.719252 2200.723142 2202.692397
93.800000 2196.283241 2198.263430 2200.085058 2200.204252 2202.211192 2204.254933
93.890000 2197.800190 2199.425999 2201.481660 2201.576907 2203.542650 2205.772758
94.000000 2199.353159 2201.090933 2203.173483 2203.303165 2205.301436 2207.921521
94.100000 2200.884439 2202.749895 2204.958456 2205.045642 2207.115407 2209.684585
94.200000 2202.604291 2204.563585 2206.822607 2206.963296 2209.165120 2211.805237
94.290000 2204.291915 2206.342486 2208.641606 2208.937840 2211.351953 2214.865343
94.400000 2206.265937 2208.507812 2211.329046 2211.683540 2214.504759 2219.468828
94.500000 2208.330694 2210.586499 2213.358595 2213.936647 2216.849006 2221.900555
94.600000 2210.395356 2212.817337 2215.942637 2216.375823 2219.504140 2224.361871
94.670000 2211.598317 2214.592879 2217.798804 2218.232281 2221.561447 2226.354513
94.800000 2215.383966 2218.412850 2221.568653 2221.995081 2225.179920 2228.938622
94.900000 2217.990876 2221.181757 2224.550612 2224.761881 2227.641640 2230.911991
95.000000 2220.074869 2223.896643 2227.300857 2227.357513 2230.062607 2232.951494
95.100000 2223.076453 2226.849225 2230.007772 2229.989448 2232.382758 2234.660988
95.200000 2226.503748 2230.189368 2232.716456 2232.767832 2234.567781 2237.257321
95.300000 2233.179002 2235.082477 2237.185848 2237.794265 2239.952054 2243.242068
95.390000 2235.396952 2236.622425 2239.791051 2240.138713 2242.540212 2245.262758
95.400000 2235.571452 2236.825083 2240.042235 2240.388557 2242.817025 2245.488278
95.500000 2236.994767 2238.764788 2242.702987 2242.762530 2245.069181 2247.721361
95.600000 2238.397000 2240.680458 2245.333017 2245.080343 2247.217786 2249.805055
95.690000 2239.706855 2243.349494 2247.438011 2247.233168 2249.252497 2252.069641
95.700000 2239.937058 2243.644178 2247.730902 2247.479218 2249.550011 2252.305099
95.710000 2240.218843 2243.893920 2247.976985 2247.722217 2249.758223 2252.642587
95.800000 2242.667817 2247.559536 2250.113227 2250.328065 2252.243224 2256.323488
95.900000 2246.397033 2250.325216 2252.762393 2253.636406 2256.080289 2264.472558
96.000000 2249.835995 2252.689355 2255.290349 2256.769473 2259.824794 2270.705488
96.100000 2252.222156 2254.916893 2257.875221 2259.797158 2266.089531 2277.040721
96.200000 2254.042274 2256.907912 2260.164482 2263.477950 2277.795607 2287.380217
96.300000 2255.497930 2258.613265 2262.583430 2267.192765 2291.466281 2296.265315
96.350000 2256.307676 2259.668885 2263.639422 2268.398844 2293.596461 2297.738051
96.400000 2257.019126 2260.781968 2264.989772 2269.589023 2295.030810 2298.775583
96.500000 2258.447596 2262.704427 2267.666762 2272.306900 2296.766978 2300.530510
96.600000 2260.350379 2264.288320 2270.973571 2276.035766 2297.934906 2302.422545
96.680000 2261.648517 2265.454215 2274.905818 2279.356258 2299.613446 2303.714619
96.800000 2263.598900 2267.239679 2291.140460 2288.160523 2302.280009 2305.578539
96.900000 2265.343450 2268.978137 2297.199190 2292.624385 2304.922388 2308.137520
97.000000 2267.353440 2270.769766 2302.556050 2296.551143 2307.873771 2311.977130
97.100000 2269.248910 2274.564260 2307.632888 2300.972814 2311.839522 2316.294558
97.200000 2270.846230 2283.050955 2310.533366 2304.610557 2315.818420 2320.142672
97.300000 2272.998248 2288.052212 2313.855137 2308.303667 2319.412309 2323.534356
97.400000 2276.942323 2290.859978 2317.346141 2312.043545 2322.808286 2326.594867
97.500000 2286.143134 2295.733217 2321.408177 2316.022768 2326.318209 2329.055059
97.600000 2289.138039 2301.524788 2324.852863 2319.266370 2328.801510 2331.053845
97.700000 2291.216982 2307.007675 2327.584755 2322.250725 2330.833605 2332.882658
97.800000 2292.735713 2314.522213 2329.866380 2325.217945 2332.646119 2334.602188
97.910000 2294.406356 2325.101940 2332.177367 2328.535179 2334.732958 2336.522947
98.000000 2295.736224 2329.314822 2334.293181 2330.974645 2336.384769 2338.034982
98.100000 2297.124294 2332.725879 2336.196453 2333.284286 2338.190135 2339.725412
98.180000 2298.074740 2335.014541 2337.807388 2334.867951 2339.570567 2341.253430
98.300000 2299.667405 2337.212391 2339.809334 2336.913294 2341.436121 2343.117381
98.400000 2301.104158 2338.979230 2341.385639 2338.542667 2343.022906 2344.712065
98.500000 2302.610929 2340.820441 2342.962135 2340.138802 2344.465553 2346.135460
98.600000 2304.018035 2342.613595 2344.690637 2341.804082 2346.196956 2347.600524
98.700000 2305.850390 2344.362131 2346.356873 2343.592972 2347.941412 2349.756652
98.800000 2308.255534 2346.238184 2348.376767 2345.894878 2350.333714 2353.183992
98.900000 2310.950161 2348.058944 2350.217487 2348.161628 2352.906559 2356.669813
99.000000 2314.360466 2349.775758 2352.172967 2350.473598 2355.659974 2360.553851
99.100000 2317.754140 2351.361206 2354.318668 2352.846690 2358.508238 2362.910400
99.200000 2323.956340 2353.080106 2356.453543 2355.187243 2361.213742 2364.965959
99.300000 2328.137689 2354.797863 2358.891051 2357.523432 2363.615560 2367.946375
99.410000 2335.280032 2356.869065 2361.459118 2360.208616 2366.135132 2370.271249
99.500000 2340.463345 2358.463614 2363.511926 2362.350752 2368.138937 2372.298203
99.600000 2349.769586 2360.790381 2365.581287 2364.679351 2370.088666 2374.067788
99.680000 2351.831664 2362.661338 2367.338016 2366.415590 2371.648890 2375.890638
99.800000 2356.401021 2365.278880 2369.966163 2369.045199 2373.855639 2378.024545
99.900000 2358.440748 2367.762937 2372.030710 2371.306339 2375.974945 2379.629301
100.000000 2360.743310 2370.080752 2374.511417 2373.616755 2378.227071 2381.946846
100.100000 2364.998898 2372.434619 2376.888247 2376.004166 2380.730339 2383.992905
100.200000 2367.088054 2374.634746 2379.131968 2378.416459 2383.375012 2385.944252
100.300000 2369.188846 2376.969693 2381.605182 2380.778557 2385.749332 2387.894014
100.400000 2371.718853 2379.206861 2384.398028 2383.122545 2387.688650 2389.593353
100.500000 2374.321011 2381.482244 2386.928033 2385.385208 2389.526274 2391.173331
100.600000 2376.400357 2384.234143 2388.988522 2387.580867 2391.109181 2392.625771
100.700000 2378.346990 2387.472775 2390.803413 2389.718320 2392.703152 2394.038641
100.800000 2380.935597 2389.741741 2392.486419 2391.640142 2394.253310 2395.620859
100.910000 2385.674288 2392.015075 2394.340055 2393.709344 2395.783830 2397.054520
101.000000 2388.967019 2394.045843 2395.810357 2395.421808 2397.185850 2398.265397
101.100000 2394.245703 2396.240643 2397.637645 2397.464914 2398.766207 2399.716899
101.180000 2397.180213 2398.168126 2399.181631 2399.183184 2400.238166 2401.278155
