depth(m) lower_95(kyr) lower_68(kyr) median(kyr) mean(kyr) upper_68(kyr) upper_95(kyr)
59.300000 699.897260 700.853438 701.831993 701.849212 702.890879 703.804581
59.425000 701.753851 703.018839 704.505504 705.045590 707.455418 710.717541
59.550000 703.870461 705.574676 708.429275 708.536134 711.498929 714.109403
59.675000 705.731912 707.936949 711.447204 711.331974 714.441598 717.088706
59.800000 707.590221 711.011697 714.040007 713.967390 717.029978 719.471987
59.925000 710.426873 713.697233 716.564716 716.365910 719.263857 721.113062
60.050000 713.906369 716.207786 718.936167 718.733284 721.146563 722.756811
60.080000 714.440675 716.746294 719.440478 719.228031 721.597343 723.103712
60.190000 716.070447 718.552139 721.175139 720.928460 723.165166 724.893481
60.300000 717.699044 720.390406 722.842871 722.632858 724.671347 726.623028
60.330000 718.252382 720.814844 723.283178 723.097302 725.156418 727.049477
60.440000 720.081638 722.579178 724.661087 724.630289 726.641524 729.002810
60.550000 721.928750 724.228781 726.082958 726.124473 728.139225 730.699443
60.580000 722.440704 724.625529 726.457908 726.550968 728.504257 731.144820
60.690000 724.527831 726.443908 728.123870 728.268263 730.203465 732.908938
60.800000 726.621455 728.045440 729.706400 729.972687 731.984561 734.848141
60.830000 727.125679 728.513562 730.122929 730.425209 732.500931 735.166428
60.940000 728.303138 729.843377 731.501727 731.876450 734.017487 736.737860
61.050000 729.444045 731.106393 733.046827 733.293291 735.469846 738.331991
61.080000 729.825131 731.535233 733.434906 733.710775 735.957512 738.804741
61.205000 731.446042 733.020194 735.156735 735.490937 737.988598 741.602082
61.330000 732.770799 734.517967 736.956982 737.363519 740.110841 743.941794
61.455000 734.180662 736.132018 738.821101 739.411378 742.718362 748.176522
61.580000 735.601320 737.683093 740.983188 741.622368 745.786245 752.047206
61.620000 736.013228 738.274506 741.604485 742.255232 746.544854 753.000242
61.725000 737.241591 739.642670 743.193734 744.060029 748.637679 754.453901
61.830000 738.385591 741.093256 744.938650 745.871162 751.093616 756.747711
61.870000 738.882496 741.678100 745.561679 746.528104 751.870482 757.583037
62.008889 740.951749 743.953613 748.303030 749.054068 754.531390 759.538676
62.147778 743.022015 746.512685 751.253439 751.733297 757.500128 762.708993
62.286667 744.929998 748.935387 754.557396 754.389948 759.776224 764.837439
62.425556 747.362859 751.383032 757.176759 757.063159 762.287886 767.057496
62.564444 749.310789 754.231348 759.912894 759.721556 765.159421 769.214705
62.703333 751.615626 757.099685 762.773187 762.400439 767.805490 771.100181
62.842222 754.814305 760.326141 765.257061 765.037434 769.974532 773.139178
62.981111 757.956390 763.223912 767.906905 767.612721 772.112044 775.199769
63.120000 761.617218 766.424297 770.366680 770.259381 774.285060 777.217598
63.242500 764.584032 768.932790 772.839713 772.579052 776.324687 779.107839
63.365000 767.091403 771.250957 775.122349 774.810744 778.295209 780.716014
63.487500 769.982352 773.814869 777.364686 777.042762 780.150847 782.272487
63.610000 773.530154 776.617918 779.471209 779.274467 781.979385 783.730986
63.735000 775.495434 778.606594 781.139649 781.054622 783.646009 785.422509
63.860000 777.531205 780.387188 782.851514 782.760563 785.228433 786.991972
63.998889 779.542340 782.301727 784.820295 784.809732 787.310425 790.054647
64.137778 781.593658 784.036059 786.765964 786.833875 789.435417 792.497756
64.276667 783.230188 785.777803 788.733281 788.831558 791.774916 795.058129
64.415556 784.701200 787.589605 790.760319 790.884664 794.202256 797.817640
64.554444 786.367644 789.259654 792.672753 792.810967 796.405697 799.599194
64.693333 787.949507 791.232204 794.635341 794.817746 798.457829 802.238634
64.832222 790.360295 793.373349 796.755371 796.857510 800.579644 803.610739
64.971111 792.549289 795.366009 799.021510 798.956261 802.410391 805.449909
65.110000 794.943106 797.670562 801.120772 801.111806 804.317854 807.487117
65.235000 796.807739 799.737880 803.258149 803.128342 806.246016 809.247774
65.360000 799.104377 801.962789 805.514719 805.244724 808.261241 811.006857
65.485000 801.054509 804.140480 807.516420 807.360468 810.375827 813.510810
65.610000 803.003460 806.412837 809.716356 809.555991 812.484674 815.453429
65.735000 805.466462 808.595350 811.957352 811.980807 815.331949 818.527395
65.860000 807.462777 810.933767 814.460495 814.451494 818.007359 820.909452
65.985000 809.727326 813.414435 816.802961 816.756198 820.146414 823.289062
66.110000 811.674420 815.616603 819.163503 818.937533 822.195214 825.325207
66.235000 813.305393 817.181181 821.109506 820.820066 824.216417 827.153406
66.360000 814.547368 818.598292 823.089229 822.625990 826.246043 829.356385
66.485000 815.704276 820.328313 824.595421 824.285453 827.866400 831.628559
66.610000 817.226677 821.997408 826.212615 825.835577 829.510526 833.130325
66.746364 819.013959 823.449145 827.865093 827.463303 831.094701 834.468831
66.882727 820.645128 825.160562 829.349660 829.037771 832.733162 835.984828
67.019091 822.075452 826.597186 830.848216 830.556774 834.253530 837.363350
67.155455 823.819720 828.401018 832.408372 832.067595 835.640849 838.554063
67.291818 825.277335 829.863442 833.812973 833.552327 837.156849 839.739012
67.428182 826.876937 831.516011 835.479743 835.035145 838.565764 841.488423
67.564545 828.430254 832.848542 836.849575 836.473385 839.865453 842.898235
67.700909 830.007662 834.471580 838.320705 837.947191 841.302309 844.328336
67.837273 831.810532 836.127538 839.718821 839.411758 842.631631 845.414763
67.973636 833.227848 837.651392 841.109951 840.810903 844.026199 846.700729
68.110000 834.946911 839.267546 842.543590 842.216300 845.287661 847.983213
68.235000 836.597681 840.629494 843.797826 843.518754 846.495935 849.270110
68.360000 838.050478 841.983944 845.184740 844.861313 847.789328 850.261985
68.485000 839.483379 843.262933 846.441095 846.161724 849.145600 851.526066
68.610000 841.110799 844.669231 847.744190 847.502351 850.522014 852.523680
68.735000 842.672699 846.189580 849.143299 848.910296 851.798794 853.715944
68.860000 844.104892 847.445068 850.515948 850.233991 853.015513 855.069263
68.985000 846.092088 848.737183 851.821496 851.562802 854.287157 855.906664
69.110000 847.502583 850.285843 853.143066 852.870050 855.393930 857.032195
69.235000 848.856926 851.507873 854.341246 854.116091 856.564457 858.177030
69.360000 850.219009 853.060780 855.562544 855.362045 857.725619 859.267998
69.485000 852.068740 854.393876 856.837471 856.624368 858.773432 860.324194
69.610000 853.518071 855.831797 858.108451 857.897049 859.951168 861.437416
69.735000 854.638969 857.165214 859.361222 859.160791 861.118901 862.474074
69.860000 856.259670 858.534899 860.636556 860.437778 862.341695 863.573835
69.990000 857.680706 860.099086 862.082847 861.942886 863.778790 865.304791
70.120000 859.067940 861.672328 863.563127 863.466621 865.185631 867.029934
70.250000 860.879621 863.322073 865.044571 864.966298 866.599566 868.768400
70.380000 862.831377 864.944977 866.504573 866.513157 868.036859 870.562405
70.510000 865.063959 866.538151 867.881219 868.003782 869.396383 871.989002
70.640000 866.893803 868.042605 869.245985 869.433350 870.697707 873.405185
70.765000 867.987698 869.109279 870.373709 870.602049 871.983292 874.672567
70.890000 869.136912 870.253690 871.506542 871.759817 873.197350 875.847367
70.990000 870.030959 871.186407 872.404288 872.678293 874.226705 876.789975
71.090000 870.914155 872.093600 873.366059 873.623393 875.233236 877.765860
71.190000 871.852835 872.988566 874.243535 874.562106 876.241258 878.742585
71.290000 872.697076 873.903898 875.216277 875.512638 877.292079 879.888476
71.390000 873.704718 874.807251 876.136207 876.488494 878.394220 880.966832
71.515000 874.784650 875.885375 877.200550 877.679375 879.775525 882.230856
71.640000 875.821229 877.041753 878.365283 878.895663 881.030968 883.566169
71.650000 875.927777 877.174767 878.461097 879.011514 881.169674 883.654918
71.775000 877.179959 878.293901 879.917358 880.293331 882.490186 884.972392
71.900000 878.268911 879.490388 881.302042 881.607739 883.974967 886.281336
72.020000 879.158740 880.567951 882.681646 882.897532 885.361814 887.752211
72.140000 880.283874 881.734082 884.018837 884.239306 886.778029 889.256118
72.265000 881.329839 882.941405 885.464498 885.633162 888.247207 890.869986
72.390000 882.473057 884.292389 886.893598 887.025797 889.784648 892.069655
72.515000 883.610780 885.601125 888.465454 888.482444 891.326134 893.518920
72.640000 885.097494 887.103164 889.979675 889.978951 892.741989 895.149815
72.765000 886.367579 888.642864 891.607616 891.529121 894.206668 896.753585
72.890000 887.656117 890.221717 893.186601 893.114401 895.751536 898.413500
73.015000 889.305678 892.162937 894.776745 894.852861 897.656894 900.335202
73.140000 891.046098 893.960178 896.602083 896.612903 899.401295 902.655305
73.265000 892.507701 895.591288 898.153758 898.374045 901.378218 904.968299
73.390000 894.658201 897.365635 900.038130 900.227701 903.116860 906.902214
73.515000 896.693972 899.199102 902.068894 902.180616 905.230399 908.199050
73.640000 898.351588 901.095483 904.098663 904.170053 907.541868 909.773026
73.765000 899.963646 903.014871 906.121588 906.062109 909.383815 911.215920
73.890000 901.827846 905.108729 908.245611 908.023661 911.072842 912.661415
74.015000 904.085253 907.503887 910.371212 910.016862 912.603026 913.824394
74.140000 906.872641 910.126132 912.355594 912.038722 913.941507 915.024719
74.265000 910.350910 912.822073 914.228558 914.020482 915.338135 916.252938
74.390000 914.033102 914.921520 915.962134 915.902831 916.791077 917.684815
